Best result after 5000 ms running: LabsResult{bits=[1,-1,-1,1,1,-1,-1,-1,-1,1,1,-1,-1,1,1,1,1,1,-1,-1,1,1,-1,-1,-1,1,-1,1,1,1,1,-1,1,1,1,1,1,1,-1,-1,1,-1,1,-1,1,-1,1,1,1,1,1,1,-1,-1,-1,1,1,1,1,1,1,-1,-1,-1,-1,1,-1,-1,-1,1,-1,-1,-1,1,-1,1,-1,-1,1,-1,-1,1,-1,1,1,-1,1,1,-1,1,-1], length=91 energy=781}
Best result after 10027 ms running: LabsResult{bits=[1,-1,-1,1,1,-1,-1,-1,-1,1,1,-1,-1,1,1,1,1,1,-1,-1,1,1,-1,-1,-1,1,-1,1,1,1,1,-1,1,1,1,1,1,1,-1,-1,1,-1,1,-1,1,-1,1,1,1,1,1,1,-1,-1,-1,1,1,1,1,1,1,-1,-1,-1,-1,1,-1,-1,-1,1,-1,-1,-1,1,-1,1,-1,-1,1,-1,-1,1,-1,1,1,-1,1,1,-1,1,-1], length=91 energy=781}
Best result after 15029 ms running: LabsResult{bits=[1,-1,-1,1,1,-1,-1,-1,-1,1,1,-1,-1,1,1,1,1,1,-1,-1,1,1,-1,-1,-1,1,-1,1,1,1,1,-1,1,1,1,1,1,1,-1,-1,1,-1,1,-1,1,-1,1,1,1,1,1,1,-1,-1,-1,1,1,1,1,1,1,-1,-1,-1,-1,1,-1,-1,-1,1,-1,-1,-1,1,-1,1,-1,-1,1,-1,-1,1,-1,1,1,-1,1,1,-1,1,-1], length=91 energy=781}
Best result after 20036 ms running: LabsResult{bits=[1,-1,-1,1,1,-1,-1,-1,-1,1,1,-1,-1,1,1,1,1,1,-1,-1,1,1,-1,-1,-1,1,-1,1,1,1,1,-1,1,1,1,1,1,1,-1,-1,1,-1,1,-1,1,-1,1,1,1,1,1,1,-1,-1,-1,1,1,1,1,1,1,-1,-1,-1,-1,1,-1,-1,-1,1,-1,-1,-1,1,-1,1,-1,-1,1,-1,-1,1,-1,1,1,-1,1,1,-1,1,-1], length=91 energy=781}
Best result after 25038 ms running: LabsResult{bits=[1,-1,-1,1,1,-1,-1,-1,-1,1,1,-1,-1,1,1,1,1,1,-1,-1,1,1,-1,-1,-1,1,-1,1,1,1,1,-1,1,1,1,1,1,1,-1,-1,1,-1,1,-1,1,-1,1,1,1,1,1,1,-1,-1,-1,1,1,1,1,1,1,-1,-1,-1,-1,1,-1,-1,-1,1,-1,-1,-1,1,-1,1,-1,-1,1,-1,-1,1,-1,1,1,-1,1,1,-1,1,-1], length=91 energy=781}
Best result after 30041 ms running: LabsResult{bits=[1,-1,-1,1,1,-1,-1,-1,-1,1,1,-1,-1,1,1,1,1,1,-1,-1,1,1,-1,-1,-1,1,-1,1,1,1,1,-1,1,1,1,1,1,1,-1,-1,1,-1,1,-1,1,-1,1,1,1,1,1,1,-1,-1,-1,1,1,1,1,1,1,-1,-1,-1,-1,1,-1,-1,-1,1,-1,-1,-1,1,-1,1,-1,-1,1,-1,-1,1,-1,1,1,-1,1,1,-1,1,-1], length=91 energy=781}
Best result after 35048 ms running: LabsResult{bits=[1,-1,-1,1,1,-1,-1,-1,-1,1,1,-1,-1,1,1,1,1,1,-1,-1,1,1,-1,-1,-1,1,-1,1,1,1,1,-1,1,1,1,1,1,1,-1,-1,1,-1,1,-1,1,-1,1,1,1,1,1,1,-1,-1,-1,1,1,1,1,1,1,-1,-1,-1,-1,1,-1,-1,-1,1,-1,-1,-1,1,-1,1,-1,-1,1,-1,-1,1,-1,1,1,-1,1,1,-1,1,-1], length=91 energy=781}
Best result after 40050 ms running: LabsResult{bits=[1,-1,-1,1,1,-1,-1,-1,-1,1,1,-1,-1,1,1,1,1,1,-1,-1,1,1,-1,-1,-1,1,-1,1,1,1,1,-1,1,1,1,1,1,1,-1,-1,1,-1,1,-1,1,-1,1,1,1,1,1,1,-1,-1,-1,1,1,1,1,1,1,-1,-1,-1,-1,1,-1,-1,-1,1,-1,-1,-1,1,-1,1,-1,-1,1,-1,-1,1,-1,1,1,-1,1,1,-1,1,-1], length=91 energy=781}
Best result after 45051 ms running: LabsResult{bits=[-1,1,-1,-1,-1,-1,1,1,1,1,1,-1,1,-1,-1,-1,-1,-1,1,1,-1,1,-1,-1,-1,-1,-1,1,-1,1,1,-1,1,1,1,1,1,1,1,-1,1,-1,1,1,-1,1,-1,1,1,1,1,-1,1,1,1,-1,-1,1,-1,1,-1,1,-1,-1,1,1,-1,1,1,1,-1,-1,-1,1,1,1,-1,1,-1,-1,1,1,1,1,-1,-1,1,1,-1,-1,1], length=91 energy=765}
Best result after 50054 ms running: LabsResult{bits=[-1,1,-1,-1,-1,-1,1,1,1,1,1,-1,1,-1,-1,-1,-1,-1,1,1,-1,1,-1,-1,-1,-1,-1,1,-1,1,1,-1,1,1,1,1,1,1,1,-1,1,-1,1,1,-1,1,-1,1,1,1,1,-1,1,1,1,-1,-1,1,-1,1,-1,1,-1,-1,1,1,-1,1,1,1,-1,-1,-1,1,1,1,-1,1,-1,-1,1,1,1,1,-1,-1,1,1,-1,-1,1], length=91 energy=765}
Best result after 55058 ms running: LabsResult{bits=[-1,1,-1,-1,-1,-1,1,1,1,1,1,-1,1,-1,-1,-1,-1,-1,1,1,-1,1,-1,-1,-1,-1,-1,1,-1,1,1,-1,1,1,1,1,1,1,1,-1,1,-1,1,1,-1,1,-1,1,1,1,1,-1,1,1,1,-1,-1,1,-1,1,-1,1,-1,-1,1,1,-1,1,1,1,-1,-1,-1,1,1,1,-1,1,-1,-1,1,1,1,1,-1,-1,1,1,-1,-1,1], length=91 energy=765}
Best result after 60060 ms running: LabsResult{bits=[-1,1,-1,-1,-1,-1,1,1,1,1,1,-1,1,-1,-1,-1,-1,-1,1,1,-1,1,-1,-1,-1,-1,-1,1,-1,1,1,-1,1,1,1,1,1,1,1,-1,1,-1,1,1,-1,1,-1,1,1,1,1,-1,1,1,1,-1,-1,1,-1,1,-1,1,-1,-1,1,1,-1,1,1,1,-1,-1,-1,1,1,1,-1,1,-1,-1,1,1,1,1,-1,-1,1,1,-1,-1,1], length=91 energy=765}
Best result after 65061 ms running: LabsResult{bits=[-1,-1,-1,1,1,1,1,1,-1,1,1,1,-1,-1,-1,1,1,1,1,1,1,1,1,1,-1,1,-1,-1,1,1,-1,1,-1,1,1,-1,-1,1,1,-1,-1,1,1,-1,1,-1,-1,-1,-1,-1,1,1,1,-1,-1,1,-1,1,1,1,-1,1,1,-1,-1,1,-1,1,-1,-1,1,-1,1,-1,-1,-1,-1,1,-1,1,-1,1,1,-1,1,-1,1,1,1,-1,1], length=91 energy=749}
Best result after 70063 ms running: LabsResult{bits=[-1,-1,-1,1,1,1,1,1,-1,1,1,1,-1,-1,-1,1,1,1,1,1,1,1,1,1,-1,1,-1,-1,1,1,-1,1,-1,1,1,-1,-1,1,1,-1,-1,1,1,-1,1,-1,-1,-1,-1,-1,1,1,1,-1,-1,1,-1,1,1,1,-1,1,1,-1,-1,1,-1,1,-1,-1,1,-1,1,-1,-1,-1,-1,1,-1,1,-1,1,1,-1,1,-1,1,1,1,-1,1], length=91 energy=749}
Best result after 75070 ms running: LabsResult{bits=[-1,-1,-1,1,1,1,1,1,-1,1,1,1,-1,-1,-1,1,1,1,1,1,1,1,1,1,-1,1,-1,-1,1,1,-1,1,-1,1,1,-1,-1,1,1,-1,-1,1,1,-1,1,-1,-1,-1,-1,-1,1,1,1,-1,-1,1,-1,1,1,1,-1,1,1,-1,-1,1,-1,1,-1,-1,1,-1,1,-1,-1,-1,-1,1,-1,1,-1,1,1,-1,1,-1,1,1,1,-1,1], length=91 energy=749}
Best result after 80072 ms running: LabsResult{bits=[-1,-1,-1,1,1,1,1,1,-1,1,1,1,-1,-1,-1,1,1,1,1,1,1,1,1,1,-1,1,-1,-1,1,1,-1,1,-1,1,1,-1,-1,1,1,-1,-1,1,1,-1,1,-1,-1,-1,-1,-1,1,1,1,-1,-1,1,-1,1,1,1,-1,1,1,-1,-1,1,-1,1,-1,-1,1,-1,1,-1,-1,-1,-1,1,-1,1,-1,1,1,-1,1,-1,1,1,1,-1,1], length=91 energy=749}
Best result after 85074 ms running: LabsResult{bits=[-1,-1,-1,1,1,1,1,1,-1,1,1,1,-1,-1,-1,1,1,1,1,1,1,1,1,1,-1,1,-1,-1,1,1,-1,1,-1,1,1,-1,-1,1,1,-1,-1,1,1,-1,1,-1,-1,-1,-1,-1,1,1,1,-1,-1,1,-1,1,1,1,-1,1,1,-1,-1,1,-1,1,-1,-1,1,-1,1,-1,-1,-1,-1,1,-1,1,-1,1,1,-1,1,-1,1,1,1,-1,1], length=91 energy=749}
Best result after 90076 ms running: LabsResult{bits=[-1,-1,-1,1,1,1,1,1,-1,1,1,1,-1,-1,-1,1,1,1,1,1,1,1,1,1,-1,1,-1,-1,1,1,-1,1,-1,1,1,-1,-1,1,1,-1,-1,1,1,-1,1,-1,-1,-1,-1,-1,1,1,1,-1,-1,1,-1,1,1,1,-1,1,1,-1,-1,1,-1,1,-1,-1,1,-1,1,-1,-1,-1,-1,1,-1,1,-1,1,1,-1,1,-1,1,1,1,-1,1], length=91 energy=749}
Best result after 95083 ms running: LabsResult{bits=[-1,-1,-1,1,1,1,1,1,-1,1,1,1,-1,-1,-1,1,1,1,1,1,1,1,1,1,-1,1,-1,-1,1,1,-1,1,-1,1,1,-1,-1,1,1,-1,-1,1,1,-1,1,-1,-1,-1,-1,-1,1,1,1,-1,-1,1,-1,1,1,1,-1,1,1,-1,-1,1,-1,1,-1,-1,1,-1,1,-1,-1,-1,-1,1,-1,1,-1,1,1,-1,1,-1,1,1,1,-1,1], length=91 energy=749}
Best result after 100084 ms running: LabsResult{bits=[-1,-1,1,1,-1,-1,1,-1,-1,-1,1,1,-1,-1,1,-1,1,1,1,1,-1,1,-1,1,1,-1,1,-1,-1,-1,1,1,-1,-1,-1,-1,-1,1,-1,-1,1,-1,1,1,1,1,1,-1,1,1,-1,-1,1,-1,1,1,1,1,1,1,1,1,1,-1,-1,-1,1,1,1,-1,1,1,1,-1,-1,-1,1,1,1,1,-1,1,-1,-1,-1,1,-1,1,1,1,-1], length=91 energy=717}
Best result after 105086 ms running: LabsResult{bits=[-1,-1,1,1,-1,-1,1,-1,-1,-1,1,1,-1,-1,1,-1,1,1,1,1,-1,1,-1,1,1,-1,1,-1,-1,-1,1,1,-1,-1,-1,-1,-1,1,-1,-1,1,-1,1,1,1,1,1,-1,1,1,-1,-1,1,-1,1,1,1,1,1,1,1,1,1,-1,-1,-1,1,1,1,-1,1,1,1,-1,-1,-1,1,1,1,1,-1,1,-1,-1,-1,1,-1,1,1,1,-1], length=91 energy=717}
Best result after 110087 ms running: LabsResult{bits=[-1,-1,1,1,-1,-1,1,-1,-1,-1,1,1,-1,-1,1,-1,1,1,1,1,-1,1,-1,1,1,-1,1,-1,-1,-1,1,1,-1,-1,-1,-1,-1,1,-1,-1,1,-1,1,1,1,1,1,-1,1,1,-1,-1,1,-1,1,1,1,1,1,1,1,1,1,-1,-1,-1,1,1,1,-1,1,1,1,-1,-1,-1,1,1,1,1,-1,1,-1,-1,-1,1,-1,1,1,1,-1], length=91 energy=717}
Best result after 115088 ms running: LabsResult{bits=[-1,-1,1,1,-1,-1,1,-1,-1,-1,1,1,-1,-1,1,-1,1,1,1,1,-1,1,-1,1,1,-1,1,-1,-1,-1,1,1,-1,-1,-1,-1,-1,1,-1,-1,1,-1,1,1,1,1,1,-1,1,1,-1,-1,1,-1,1,1,1,1,1,1,1,1,1,-1,-1,-1,1,1,1,-1,1,1,1,-1,-1,-1,1,1,1,1,-1,1,-1,-1,-1,1,-1,1,1,1,-1], length=91 energy=717}
Best result after 120089 ms running: LabsResult{bits=[-1,-1,1,1,-1,-1,1,-1,-1,-1,1,1,-1,-1,1,-1,1,1,1,1,-1,1,-1,1,1,-1,1,-1,-1,-1,1,1,-1,-1,-1,-1,-1,1,-1,-1,1,-1,1,1,1,1,1,-1,1,1,-1,-1,1,-1,1,1,1,1,1,1,1,1,1,-1,-1,-1,1,1,1,-1,1,1,1,-1,-1,-1,1,1,1,1,-1,1,-1,-1,-1,1,-1,1,1,1,-1], length=91 energy=717}
Best result after 125091 ms running: LabsResult{bits=[-1,-1,1,1,-1,-1,1,-1,-1,-1,1,1,-1,-1,1,-1,1,1,1,1,-1,1,-1,1,1,-1,1,-1,-1,-1,1,1,-1,-1,-1,-1,-1,1,-1,-1,1,-1,1,1,1,1,1,-1,1,1,-1,-1,1,-1,1,1,1,1,1,1,1,1,1,-1,-1,-1,1,1,1,-1,1,1,1,-1,-1,-1,1,1,1,1,-1,1,-1,-1,-1,1,-1,1,1,1,-1], length=91 energy=717}
Best result after 130094 ms running: LabsResult{bits=[-1,-1,1,1,-1,-1,1,-1,-1,-1,1,1,-1,-1,1,-1,1,1,1,1,-1,1,-1,1,1,-1,1,-1,-1,-1,1,1,-1,-1,-1,-1,-1,1,-1,-1,1,-1,1,1,1,1,1,-1,1,1,-1,-1,1,-1,1,1,1,1,1,1,1,1,1,-1,-1,-1,1,1,1,-1,1,1,1,-1,-1,-1,1,1,1,1,-1,1,-1,-1,-1,1,-1,1,1,1,-1], length=91 energy=717}
Best result after 135095 ms running: LabsResult{bits=[-1,-1,1,1,-1,-1,1,-1,-1,-1,1,1,-1,-1,1,-1,1,1,1,1,-1,1,-1,1,1,-1,1,-1,-1,-1,1,1,-1,-1,-1,-1,-1,1,-1,-1,1,-1,1,1,1,1,1,-1,1,1,-1,-1,1,-1,1,1,1,1,1,1,1,1,1,-1,-1,-1,1,1,1,-1,1,1,1,-1,-1,-1,1,1,1,1,-1,1,-1,-1,-1,1,-1,1,1,1,-1], length=91 energy=717}
Best result after 140098 ms running: LabsResult{bits=[-1,-1,1,1,-1,-1,1,-1,-1,-1,1,1,-1,-1,1,-1,1,1,1,1,-1,1,-1,1,1,-1,1,-1,-1,-1,1,1,-1,-1,-1,-1,-1,1,-1,-1,1,-1,1,1,1,1,1,-1,1,1,-1,-1,1,-1,1,1,1,1,1,1,1,1,1,-1,-1,-1,1,1,1,-1,1,1,1,-1,-1,-1,1,1,1,1,-1,1,-1,-1,-1,1,-1,1,1,1,-1], length=91 energy=717}
Best result after 145105 ms running: LabsResult{bits=[-1,-1,1,1,-1,-1,1,-1,-1,-1,1,1,-1,-1,1,-1,1,1,1,1,-1,1,-1,1,1,-1,1,-1,-1,-1,1,1,-1,-1,-1,-1,-1,1,-1,-1,1,-1,1,1,1,1,1,-1,1,1,-1,-1,1,-1,1,1,1,1,1,1,1,1,1,-1,-1,-1,1,1,1,-1,1,1,1,-1,-1,-1,1,1,1,1,-1,1,-1,-1,-1,1,-1,1,1,1,-1], length=91 energy=717}
Best result after 150106 ms running: LabsResult{bits=[-1,-1,1,1,-1,-1,1,-1,-1,-1,1,1,-1,-1,1,-1,1,1,1,1,-1,1,-1,1,1,-1,1,-1,-1,-1,1,1,-1,-1,-1,-1,-1,1,-1,-1,1,-1,1,1,1,1,1,-1,1,1,-1,-1,1,-1,1,1,1,1,1,1,1,1,1,-1,-1,-1,1,1,1,-1,1,1,1,-1,-1,-1,1,1,1,1,-1,1,-1,-1,-1,1,-1,1,1,1,-1], length=91 energy=717}
Best result after 155108 ms running: LabsResult{bits=[-1,-1,1,1,-1,-1,1,-1,-1,-1,1,1,-1,-1,1,-1,1,1,1,1,-1,1,-1,1,1,-1,1,-1,-1,-1,1,1,-1,-1,-1,-1,-1,1,-1,-1,1,-1,1,1,1,1,1,-1,1,1,-1,-1,1,-1,1,1,1,1,1,1,1,1,1,-1,-1,-1,1,1,1,-1,1,1,1,-1,-1,-1,1,1,1,1,-1,1,-1,-1,-1,1,-1,1,1,1,-1], length=91 energy=717}
Best result after 160110 ms running: LabsResult{bits=[-1,-1,1,1,-1,-1,1,-1,-1,-1,1,1,-1,-1,1,-1,1,1,1,1,-1,1,-1,1,1,-1,1,-1,-1,-1,1,1,-1,-1,-1,-1,-1,1,-1,-1,1,-1,1,1,1,1,1,-1,1,1,-1,-1,1,-1,1,1,1,1,1,1,1,1,1,-1,-1,-1,1,1,1,-1,1,1,1,-1,-1,-1,1,1,1,1,-1,1,-1,-1,-1,1,-1,1,1,1,-1], length=91 energy=717}
Best result after 165117 ms running: LabsResult{bits=[-1,-1,1,1,-1,-1,1,-1,-1,-1,1,1,-1,-1,1,-1,1,1,1,1,-1,1,-1,1,1,-1,1,-1,-1,-1,1,1,-1,-1,-1,-1,-1,1,-1,-1,1,-1,1,1,1,1,1,-1,1,1,-1,-1,1,-1,1,1,1,1,1,1,1,1,1,-1,-1,-1,1,1,1,-1,1,1,1,-1,-1,-1,1,1,1,1,-1,1,-1,-1,-1,1,-1,1,1,1,-1], length=91 energy=717}
Best result after 170118 ms running: LabsResult{bits=[-1,-1,1,1,-1,-1,1,-1,-1,-1,1,1,-1,-1,1,-1,1,1,1,1,-1,1,-1,1,1,-1,1,-1,-1,-1,1,1,-1,-1,-1,-1,-1,1,-1,-1,1,-1,1,1,1,1,1,-1,1,1,-1,-1,1,-1,1,1,1,1,1,1,1,1,1,-1,-1,-1,1,1,1,-1,1,1,1,-1,-1,-1,1,1,1,1,-1,1,-1,-1,-1,1,-1,1,1,1,-1], length=91 energy=717}
Best result after 175122 ms running: LabsResult{bits=[-1,-1,1,1,-1,-1,1,-1,-1,-1,1,1,-1,-1,1,-1,1,1,1,1,-1,1,-1,1,1,-1,1,-1,-1,-1,1,1,-1,-1,-1,-1,-1,1,-1,-1,1,-1,1,1,1,1,1,-1,1,1,-1,-1,1,-1,1,1,1,1,1,1,1,1,1,-1,-1,-1,1,1,1,-1,1,1,1,-1,-1,-1,1,1,1,1,-1,1,-1,-1,-1,1,-1,1,1,1,-1], length=91 energy=717}
Best result after 180124 ms running: LabsResult{bits=[-1,-1,1,1,-1,-1,1,-1,-1,-1,1,1,-1,-1,1,-1,1,1,1,1,-1,1,-1,1,1,-1,1,-1,-1,-1,1,1,-1,-1,-1,-1,-1,1,-1,-1,1,-1,1,1,1,1,1,-1,1,1,-1,-1,1,-1,1,1,1,1,1,1,1,1,1,-1,-1,-1,1,1,1,-1,1,1,1,-1,-1,-1,1,1,1,1,-1,1,-1,-1,-1,1,-1,1,1,1,-1], length=91 energy=717}
Best result after 185127 ms running: LabsResult{bits=[-1,-1,1,1,-1,-1,1,-1,-1,-1,1,1,-1,-1,1,-1,1,1,1,1,-1,1,-1,1,1,-1,1,-1,-1,-1,1,1,-1,-1,-1,-1,-1,1,-1,-1,1,-1,1,1,1,1,1,-1,1,1,-1,-1,1,-1,1,1,1,1,1,1,1,1,1,-1,-1,-1,1,1,1,-1,1,1,1,-1,-1,-1,1,1,1,1,-1,1,-1,-1,-1,1,-1,1,1,1,-1], length=91 energy=717}
Best result after 190130 ms running: LabsResult{bits=[-1,-1,1,1,-1,-1,1,-1,-1,-1,1,1,-1,-1,1,-1,1,1,1,1,-1,1,-1,1,1,-1,1,-1,-1,-1,1,1,-1,-1,-1,-1,-1,1,-1,-1,1,-1,1,1,1,1,1,-1,1,1,-1,-1,1,-1,1,1,1,1,1,1,1,1,1,-1,-1,-1,1,1,1,-1,1,1,1,-1,-1,-1,1,1,1,1,-1,1,-1,-1,-1,1,-1,1,1,1,-1], length=91 energy=717}
Best result after 195132 ms running: LabsResult{bits=[-1,-1,1,1,-1,-1,1,-1,-1,-1,1,1,-1,-1,1,-1,1,1,1,1,-1,1,-1,1,1,-1,1,-1,-1,-1,1,1,-1,-1,-1,-1,-1,1,-1,-1,1,-1,1,1,1,1,1,-1,1,1,-1,-1,1,-1,1,1,1,1,1,1,1,1,1,-1,-1,-1,1,1,1,-1,1,1,1,-1,-1,-1,1,1,1,1,-1,1,-1,-1,-1,1,-1,1,1,1,-1], length=91 energy=717}
Best result after 200134 ms running: LabsResult{bits=[1,-1,-1,-1,1,-1,-1,-1,1,-1,-1,1,1,-1,-1,1,-1,-1,1,-1,1,-1,-1,-1,1,-1,1,1,1,-1,1,1,-1,1,-1,-1,1,1,1,-1,1,1,-1,1,-1,1,1,1,-1,-1,-1,1,-1,-1,-1,1,1,1,1,-1,-1,-1,-1,-1,1,-1,-1,-1,-1,1,1,-1,1,-1,-1,1,-1,1,1,1,1,1,-1,-1,-1,-1,1,-1,-1,-1,-1], length=91 energy=657}
Best result after 205141 ms running: LabsResult{bits=[1,-1,-1,-1,1,-1,-1,-1,1,-1,-1,1,1,-1,-1,1,-1,-1,1,-1,1,-1,-1,-1,1,-1,1,1,1,-1,1,1,-1,1,-1,-1,1,1,1,-1,1,1,-1,1,-1,1,1,1,-1,-1,-1,1,-1,-1,-1,1,1,1,1,-1,-1,-1,-1,-1,1,-1,-1,-1,-1,1,1,-1,1,-1,-1,1,-1,1,1,1,1,1,-1,-1,-1,-1,1,-1,-1,-1,-1], length=91 energy=657}
Best result after 210142 ms running: LabsResult{bits=[1,-1,-1,-1,1,-1,-1,-1,1,-1,-1,1,1,-1,-1,1,-1,-1,1,-1,1,-1,-1,-1,1,-1,1,1,1,-1,1,1,-1,1,-1,-1,1,1,1,-1,1,1,-1,1,-1,1,1,1,-1,-1,-1,1,-1,-1,-1,1,1,1,1,-1,-1,-1,-1,-1,1,-1,-1,-1,-1,1,1,-1,1,-1,-1,1,-1,1,1,1,1,1,-1,-1,-1,-1,1,-1,-1,-1,-1], length=91 energy=657}
Best result after 215144 ms running: LabsResult{bits=[1,-1,-1,-1,1,-1,-1,-1,1,-1,-1,1,1,-1,-1,1,-1,-1,1,-1,1,-1,-1,-1,1,-1,1,1,1,-1,1,1,-1,1,-1,-1,1,1,1,-1,1,1,-1,1,-1,1,1,1,-1,-1,-1,1,-1,-1,-1,1,1,1,1,-1,-1,-1,-1,-1,1,-1,-1,-1,-1,1,1,-1,1,-1,-1,1,-1,1,1,1,1,1,-1,-1,-1,-1,1,-1,-1,-1,-1], length=91 energy=657}
Best result after 220146 ms running: LabsResult{bits=[1,-1,-1,-1,1,-1,-1,-1,1,-1,-1,1,1,-1,-1,1,-1,-1,1,-1,1,-1,-1,-1,1,-1,1,1,1,-1,1,1,-1,1,-1,-1,1,1,1,-1,1,1,-1,1,-1,1,1,1,-1,-1,-1,1,-1,-1,-1,1,1,1,1,-1,-1,-1,-1,-1,1,-1,-1,-1,-1,1,1,-1,1,-1,-1,1,-1,1,1,1,1,1,-1,-1,-1,-1,1,-1,-1,-1,-1], length=91 energy=657}
Best result after 225149 ms running: LabsResult{bits=[1,-1,-1,-1,1,-1,-1,-1,1,-1,-1,1,1,-1,-1,1,-1,-1,1,-1,1,-1,-1,-1,1,-1,1,1,1,-1,1,1,-1,1,-1,-1,1,1,1,-1,1,1,-1,1,-1,1,1,1,-1,-1,-1,1,-1,-1,-1,1,1,1,1,-1,-1,-1,-1,-1,1,-1,-1,-1,-1,1,1,-1,1,-1,-1,1,-1,1,1,1,1,1,-1,-1,-1,-1,1,-1,-1,-1,-1], length=91 energy=657}
Best result after 230150 ms running: LabsResult{bits=[1,-1,-1,-1,1,-1,-1,-1,1,-1,-1,1,1,-1,-1,1,-1,-1,1,-1,1,-1,-1,-1,1,-1,1,1,1,-1,1,1,-1,1,-1,-1,1,1,1,-1,1,1,-1,1,-1,1,1,1,-1,-1,-1,1,-1,-1,-1,1,1,1,1,-1,-1,-1,-1,-1,1,-1,-1,-1,-1,1,1,-1,1,-1,-1,1,-1,1,1,1,1,1,-1,-1,-1,-1,1,-1,-1,-1,-1], length=91 energy=657}
Best result after 235152 ms running: LabsResult{bits=[1,-1,-1,-1,1,-1,-1,-1,1,-1,-1,1,1,-1,-1,1,-1,-1,1,-1,1,-1,-1,-1,1,-1,1,1,1,-1,1,1,-1,1,-1,-1,1,1,1,-1,1,1,-1,1,-1,1,1,1,-1,-1,-1,1,-1,-1,-1,1,1,1,1,-1,-1,-1,-1,-1,1,-1,-1,-1,-1,1,1,-1,1,-1,-1,1,-1,1,1,1,1,1,-1,-1,-1,-1,1,-1,-1,-1,-1], length=91 energy=657}
Best result after 240154 ms running: LabsResult{bits=[1,-1,-1,-1,1,-1,-1,-1,1,-1,-1,1,1,-1,-1,1,-1,-1,1,-1,1,-1,-1,-1,1,-1,1,1,1,-1,1,1,-1,1,-1,-1,1,1,1,-1,1,1,-1,1,-1,1,1,1,-1,-1,-1,1,-1,-1,-1,1,1,1,1,-1,-1,-1,-1,-1,1,-1,-1,-1,-1,1,1,-1,1,-1,-1,1,-1,1,1,1,1,1,-1,-1,-1,-1,1,-1,-1,-1,-1], length=91 energy=657}
Best result after 245156 ms running: LabsResult{bits=[1,-1,-1,-1,1,-1,-1,-1,1,-1,-1,1,1,-1,-1,1,-1,-1,1,-1,1,-1,-1,-1,1,-1,1,1,1,-1,1,1,-1,1,-1,-1,1,1,1,-1,1,1,-1,1,-1,1,1,1,-1,-1,-1,1,-1,-1,-1,1,1,1,1,-1,-1,-1,-1,-1,1,-1,-1,-1,-1,1,1,-1,1,-1,-1,1,-1,1,1,1,1,1,-1,-1,-1,-1,1,-1,-1,-1,-1], length=91 energy=657}
Best result after 250163 ms running: LabsResult{bits=[1,-1,-1,-1,1,-1,-1,-1,1,-1,-1,1,1,-1,-1,1,-1,-1,1,-1,1,-1,-1,-1,1,-1,1,1,1,-1,1,1,-1,1,-1,-1,1,1,1,-1,1,1,-1,1,-1,1,1,1,-1,-1,-1,1,-1,-1,-1,1,1,1,1,-1,-1,-1,-1,-1,1,-1,-1,-1,-1,1,1,-1,1,-1,-1,1,-1,1,1,1,1,1,-1,-1,-1,-1,1,-1,-1,-1,-1], length=91 energy=657}
Best result after 255164 ms running: LabsResult{bits=[1,-1,-1,-1,1,-1,-1,-1,1,-1,-1,1,1,-1,-1,1,-1,-1,1,-1,1,-1,-1,-1,1,-1,1,1,1,-1,1,1,-1,1,-1,-1,1,1,1,-1,1,1,-1,1,-1,1,1,1,-1,-1,-1,1,-1,-1,-1,1,1,1,1,-1,-1,-1,-1,-1,1,-1,-1,-1,-1,1,1,-1,1,-1,-1,1,-1,1,1,1,1,1,-1,-1,-1,-1,1,-1,-1,-1,-1], length=91 energy=657}
Best result after 260167 ms running: LabsResult{bits=[1,-1,-1,-1,1,-1,-1,-1,1,-1,-1,1,1,-1,-1,1,-1,-1,1,-1,1,-1,-1,-1,1,-1,1,1,1,-1,1,1,-1,1,-1,-1,1,1,1,-1,1,1,-1,1,-1,1,1,1,-1,-1,-1,1,-1,-1,-1,1,1,1,1,-1,-1,-1,-1,-1,1,-1,-1,-1,-1,1,1,-1,1,-1,-1,1,-1,1,1,1,1,1,-1,-1,-1,-1,1,-1,-1,-1,-1], length=91 energy=657}
Best result after 265169 ms running: LabsResult{bits=[1,-1,-1,-1,1,-1,-1,-1,1,-1,-1,1,1,-1,-1,1,-1,-1,1,-1,1,-1,-1,-1,1,-1,1,1,1,-1,1,1,-1,1,-1,-1,1,1,1,-1,1,1,-1,1,-1,1,1,1,-1,-1,-1,1,-1,-1,-1,1,1,1,1,-1,-1,-1,-1,-1,1,-1,-1,-1,-1,1,1,-1,1,-1,-1,1,-1,1,1,1,1,1,-1,-1,-1,-1,1,-1,-1,-1,-1], length=91 energy=657}
Best result after 270172 ms running: LabsResult{bits=[1,-1,-1,-1,1,-1,-1,-1,1,-1,-1,1,1,-1,-1,1,-1,-1,1,-1,1,-1,-1,-1,1,-1,1,1,1,-1,1,1,-1,1,-1,-1,1,1,1,-1,1,1,-1,1,-1,1,1,1,-1,-1,-1,1,-1,-1,-1,1,1,1,1,-1,-1,-1,-1,-1,1,-1,-1,-1,-1,1,1,-1,1,-1,-1,1,-1,1,1,1,1,1,-1,-1,-1,-1,1,-1,-1,-1,-1], length=91 energy=657}
Best result after 275173 ms running: LabsResult{bits=[1,-1,-1,-1,1,-1,-1,-1,1,-1,-1,1,1,-1,-1,1,-1,-1,1,-1,1,-1,-1,-1,1,-1,1,1,1,-1,1,1,-1,1,-1,-1,1,1,1,-1,1,1,-1,1,-1,1,1,1,-1,-1,-1,1,-1,-1,-1,1,1,1,1,-1,-1,-1,-1,-1,1,-1,-1,-1,-1,1,1,-1,1,-1,-1,1,-1,1,1,1,1,1,-1,-1,-1,-1,1,-1,-1,-1,-1], length=91 energy=657}
Best result after 280174 ms running: LabsResult{bits=[1,-1,-1,-1,1,-1,-1,-1,1,-1,-1,1,1,-1,-1,1,-1,-1,1,-1,1,-1,-1,-1,1,-1,1,1,1,-1,1,1,-1,1,-1,-1,1,1,1,-1,1,1,-1,1,-1,1,1,1,-1,-1,-1,1,-1,-1,-1,1,1,1,1,-1,-1,-1,-1,-1,1,-1,-1,-1,-1,1,1,-1,1,-1,-1,1,-1,1,1,1,1,1,-1,-1,-1,-1,1,-1,-1,-1,-1], length=91 energy=657}
Best result after 285177 ms running: LabsResult{bits=[1,-1,-1,-1,1,-1,-1,-1,1,-1,-1,1,1,-1,-1,1,-1,-1,1,-1,1,-1,-1,-1,1,-1,1,1,1,-1,1,1,-1,1,-1,-1,1,1,1,-1,1,1,-1,1,-1,1,1,1,-1,-1,-1,1,-1,-1,-1,1,1,1,1,-1,-1,-1,-1,-1,1,-1,-1,-1,-1,1,1,-1,1,-1,-1,1,-1,1,1,1,1,1,-1,-1,-1,-1,1,-1,-1,-1,-1], length=91 energy=657}
Best result after 290179 ms running: LabsResult{bits=[1,-1,-1,-1,1,-1,-1,-1,1,-1,-1,1,1,-1,-1,1,-1,-1,1,-1,1,-1,-1,-1,1,-1,1,1,1,-1,1,1,-1,1,-1,-1,1,1,1,-1,1,1,-1,1,-1,1,1,1,-1,-1,-1,1,-1,-1,-1,1,1,1,1,-1,-1,-1,-1,-1,1,-1,-1,-1,-1,1,1,-1,1,-1,-1,1,-1,1,1,1,1,1,-1,-1,-1,-1,1,-1,-1,-1,-1], length=91 energy=657}
Best result after 295182 ms running: LabsResult{bits=[1,-1,-1,-1,1,-1,-1,-1,1,-1,-1,1,1,-1,-1,1,-1,-1,1,-1,1,-1,-1,-1,1,-1,1,1,1,-1,1,1,-1,1,-1,-1,1,1,1,-1,1,1,-1,1,-1,1,1,1,-1,-1,-1,1,-1,-1,-1,1,1,1,1,-1,-1,-1,-1,-1,1,-1,-1,-1,-1,1,1,-1,1,-1,-1,1,-1,1,1,1,1,1,-1,-1,-1,-1,1,-1,-1,-1,-1], length=91 energy=657}
Best result after 300184 ms running: LabsResult{bits=[1,-1,-1,-1,1,-1,-1,-1,1,-1,-1,1,1,-1,-1,1,-1,-1,1,-1,1,-1,-1,-1,1,-1,1,1,1,-1,1,1,-1,1,-1,-1,1,1,1,-1,1,1,-1,1,-1,1,1,1,-1,-1,-1,1,-1,-1,-1,1,1,1,1,-1,-1,-1,-1,-1,1,-1,-1,-1,-1,1,1,-1,1,-1,-1,1,-1,1,1,1,1,1,-1,-1,-1,-1,1,-1,-1,-1,-1], length=91 energy=657}
Best result after 305186 ms running: LabsResult{bits=[1,-1,-1,-1,1,-1,-1,-1,1,-1,-1,1,1,-1,-1,1,-1,-1,1,-1,1,-1,-1,-1,1,-1,1,1,1,-1,1,1,-1,1,-1,-1,1,1,1,-1,1,1,-1,1,-1,1,1,1,-1,-1,-1,1,-1,-1,-1,1,1,1,1,-1,-1,-1,-1,-1,1,-1,-1,-1,-1,1,1,-1,1,-1,-1,1,-1,1,1,1,1,1,-1,-1,-1,-1,1,-1,-1,-1,-1], length=91 energy=657}
Best result after 310188 ms running: LabsResult{bits=[1,-1,-1,-1,1,-1,-1,-1,1,-1,-1,1,1,-1,-1,1,-1,-1,1,-1,1,-1,-1,-1,1,-1,1,1,1,-1,1,1,-1,1,-1,-1,1,1,1,-1,1,1,-1,1,-1,1,1,1,-1,-1,-1,1,-1,-1,-1,1,1,1,1,-1,-1,-1,-1,-1,1,-1,-1,-1,-1,1,1,-1,1,-1,-1,1,-1,1,1,1,1,1,-1,-1,-1,-1,1,-1,-1,-1,-1], length=91 energy=657}
Best result after 315190 ms running: LabsResult{bits=[1,-1,-1,-1,1,-1,-1,-1,1,-1,-1,1,1,-1,-1,1,-1,-1,1,-1,1,-1,-1,-1,1,-1,1,1,1,-1,1,1,-1,1,-1,-1,1,1,1,-1,1,1,-1,1,-1,1,1,1,-1,-1,-1,1,-1,-1,-1,1,1,1,1,-1,-1,-1,-1,-1,1,-1,-1,-1,-1,1,1,-1,1,-1,-1,1,-1,1,1,1,1,1,-1,-1,-1,-1,1,-1,-1,-1,-1], length=91 energy=657}
Best result after 320193 ms running: LabsResult{bits=[1,-1,-1,-1,1,-1,-1,-1,1,-1,-1,1,1,-1,-1,1,-1,-1,1,-1,1,-1,-1,-1,1,-1,1,1,1,-1,1,1,-1,1,-1,-1,1,1,1,-1,1,1,-1,1,-1,1,1,1,-1,-1,-1,1,-1,-1,-1,1,1,1,1,-1,-1,-1,-1,-1,1,-1,-1,-1,-1,1,1,-1,1,-1,-1,1,-1,1,1,1,1,1,-1,-1,-1,-1,1,-1,-1,-1,-1], length=91 energy=657}
Best result after 325194 ms running: LabsResult{bits=[1,-1,-1,-1,1,-1,-1,-1,1,-1,-1,1,1,-1,-1,1,-1,-1,1,-1,1,-1,-1,-1,1,-1,1,1,1,-1,1,1,-1,1,-1,-1,1,1,1,-1,1,1,-1,1,-1,1,1,1,-1,-1,-1,1,-1,-1,-1,1,1,1,1,-1,-1,-1,-1,-1,1,-1,-1,-1,-1,1,1,-1,1,-1,-1,1,-1,1,1,1,1,1,-1,-1,-1,-1,1,-1,-1,-1,-1], length=91 energy=657}
Best result after 330197 ms running: LabsResult{bits=[1,-1,-1,-1,1,-1,-1,-1,1,-1,-1,1,1,-1,-1,1,-1,-1,1,-1,1,-1,-1,-1,1,-1,1,1,1,-1,1,1,-1,1,-1,-1,1,1,1,-1,1,1,-1,1,-1,1,1,1,-1,-1,-1,1,-1,-1,-1,1,1,1,1,-1,-1,-1,-1,-1,1,-1,-1,-1,-1,1,1,-1,1,-1,-1,1,-1,1,1,1,1,1,-1,-1,-1,-1,1,-1,-1,-1,-1], length=91 energy=657}
Best result after 335199 ms running: LabsResult{bits=[1,-1,-1,-1,1,-1,-1,-1,1,-1,-1,1,1,-1,-1,1,-1,-1,1,-1,1,-1,-1,-1,1,-1,1,1,1,-1,1,1,-1,1,-1,-1,1,1,1,-1,1,1,-1,1,-1,1,1,1,-1,-1,-1,1,-1,-1,-1,1,1,1,1,-1,-1,-1,-1,-1,1,-1,-1,-1,-1,1,1,-1,1,-1,-1,1,-1,1,1,1,1,1,-1,-1,-1,-1,1,-1,-1,-1,-1], length=91 energy=657}
Best result after 340200 ms running: LabsResult{bits=[1,-1,-1,-1,1,-1,-1,-1,1,-1,-1,1,1,-1,-1,1,-1,-1,1,-1,1,-1,-1,-1,1,-1,1,1,1,-1,1,1,-1,1,-1,-1,1,1,1,-1,1,1,-1,1,-1,1,1,1,-1,-1,-1,1,-1,-1,-1,1,1,1,1,-1,-1,-1,-1,-1,1,-1,-1,-1,-1,1,1,-1,1,-1,-1,1,-1,1,1,1,1,1,-1,-1,-1,-1,1,-1,-1,-1,-1], length=91 energy=657}
Best result after 345203 ms running: LabsResult{bits=[1,-1,-1,-1,1,-1,-1,-1,1,-1,-1,1,1,-1,-1,1,-1,-1,1,-1,1,-1,-1,-1,1,-1,1,1,1,-1,1,1,-1,1,-1,-1,1,1,1,-1,1,1,-1,1,-1,1,1,1,-1,-1,-1,1,-1,-1,-1,1,1,1,1,-1,-1,-1,-1,-1,1,-1,-1,-1,-1,1,1,-1,1,-1,-1,1,-1,1,1,1,1,1,-1,-1,-1,-1,1,-1,-1,-1,-1], length=91 energy=657}
Best result after 350206 ms running: LabsResult{bits=[1,-1,-1,-1,1,-1,-1,-1,1,-1,-1,1,1,-1,-1,1,-1,-1,1,-1,1,-1,-1,-1,1,-1,1,1,1,-1,1,1,-1,1,-1,-1,1,1,1,-1,1,1,-1,1,-1,1,1,1,-1,-1,-1,1,-1,-1,-1,1,1,1,1,-1,-1,-1,-1,-1,1,-1,-1,-1,-1,1,1,-1,1,-1,-1,1,-1,1,1,1,1,1,-1,-1,-1,-1,1,-1,-1,-1,-1], length=91 energy=657}
Best result after 355208 ms running: LabsResult{bits=[1,-1,-1,-1,1,-1,-1,-1,1,-1,-1,1,1,-1,-1,1,-1,-1,1,-1,1,-1,-1,-1,1,-1,1,1,1,-1,1,1,-1,1,-1,-1,1,1,1,-1,1,1,-1,1,-1,1,1,1,-1,-1,-1,1,-1,-1,-1,1,1,1,1,-1,-1,-1,-1,-1,1,-1,-1,-1,-1,1,1,-1,1,-1,-1,1,-1,1,1,1,1,1,-1,-1,-1,-1,1,-1,-1,-1,-1], length=91 energy=657}
Best result after 360209 ms running: LabsResult{bits=[1,-1,-1,-1,1,-1,-1,-1,1,-1,-1,1,1,-1,-1,1,-1,-1,1,-1,1,-1,-1,-1,1,-1,1,1,1,-1,1,1,-1,1,-1,-1,1,1,1,-1,1,1,-1,1,-1,1,1,1,-1,-1,-1,1,-1,-1,-1,1,1,1,1,-1,-1,-1,-1,-1,1,-1,-1,-1,-1,1,1,-1,1,-1,-1,1,-1,1,1,1,1,1,-1,-1,-1,-1,1,-1,-1,-1,-1], length=91 energy=657}
Best result after 365210 ms running: LabsResult{bits=[1,-1,-1,-1,1,-1,-1,-1,1,-1,-1,1,1,-1,-1,1,-1,-1,1,-1,1,-1,-1,-1,1,-1,1,1,1,-1,1,1,-1,1,-1,-1,1,1,1,-1,1,1,-1,1,-1,1,1,1,-1,-1,-1,1,-1,-1,-1,1,1,1,1,-1,-1,-1,-1,-1,1,-1,-1,-1,-1,1,1,-1,1,-1,-1,1,-1,1,1,1,1,1,-1,-1,-1,-1,1,-1,-1,-1,-1], length=91 energy=657}
Best result after 370217 ms running: LabsResult{bits=[1,-1,-1,-1,1,-1,-1,-1,1,-1,-1,1,1,-1,-1,1,-1,-1,1,-1,1,-1,-1,-1,1,-1,1,1,1,-1,1,1,-1,1,-1,-1,1,1,1,-1,1,1,-1,1,-1,1,1,1,-1,-1,-1,1,-1,-1,-1,1,1,1,1,-1,-1,-1,-1,-1,1,-1,-1,-1,-1,1,1,-1,1,-1,-1,1,-1,1,1,1,1,1,-1,-1,-1,-1,1,-1,-1,-1,-1], length=91 energy=657}
Best result after 375218 ms running: LabsResult{bits=[1,-1,-1,-1,1,-1,-1,-1,1,-1,-1,1,1,-1,-1,1,-1,-1,1,-1,1,-1,-1,-1,1,-1,1,1,1,-1,1,1,-1,1,-1,-1,1,1,1,-1,1,1,-1,1,-1,1,1,1,-1,-1,-1,1,-1,-1,-1,1,1,1,1,-1,-1,-1,-1,-1,1,-1,-1,-1,-1,1,1,-1,1,-1,-1,1,-1,1,1,1,1,1,-1,-1,-1,-1,1,-1,-1,-1,-1], length=91 energy=657}
Best result after 380219 ms running: LabsResult{bits=[1,-1,-1,-1,1,-1,-1,-1,1,-1,-1,1,1,-1,-1,1,-1,-1,1,-1,1,-1,-1,-1,1,-1,1,1,1,-1,1,1,-1,1,-1,-1,1,1,1,-1,1,1,-1,1,-1,1,1,1,-1,-1,-1,1,-1,-1,-1,1,1,1,1,-1,-1,-1,-1,-1,1,-1,-1,-1,-1,1,1,-1,1,-1,-1,1,-1,1,1,1,1,1,-1,-1,-1,-1,1,-1,-1,-1,-1], length=91 energy=657}
Best result after 385221 ms running: LabsResult{bits=[1,-1,-1,-1,1,-1,-1,-1,1,-1,-1,1,1,-1,-1,1,-1,-1,1,-1,1,-1,-1,-1,1,-1,1,1,1,-1,1,1,-1,1,-1,-1,1,1,1,-1,1,1,-1,1,-1,1,1,1,-1,-1,-1,1,-1,-1,-1,1,1,1,1,-1,-1,-1,-1,-1,1,-1,-1,-1,-1,1,1,-1,1,-1,-1,1,-1,1,1,1,1,1,-1,-1,-1,-1,1,-1,-1,-1,-1], length=91 energy=657}
Best result after 390228 ms running: LabsResult{bits=[1,-1,-1,-1,1,-1,-1,-1,1,-1,-1,1,1,-1,-1,1,-1,-1,1,-1,1,-1,-1,-1,1,-1,1,1,1,-1,1,1,-1,1,-1,-1,1,1,1,-1,1,1,-1,1,-1,1,1,1,-1,-1,-1,1,-1,-1,-1,1,1,1,1,-1,-1,-1,-1,-1,1,-1,-1,-1,-1,1,1,-1,1,-1,-1,1,-1,1,1,1,1,1,-1,-1,-1,-1,1,-1,-1,-1,-1], length=91 energy=657}
Best result after 395229 ms running: LabsResult{bits=[1,-1,-1,-1,1,-1,-1,-1,1,-1,-1,1,1,-1,-1,1,-1,-1,1,-1,1,-1,-1,-1,1,-1,1,1,1,-1,1,1,-1,1,-1,-1,1,1,1,-1,1,1,-1,1,-1,1,1,1,-1,-1,-1,1,-1,-1,-1,1,1,1,1,-1,-1,-1,-1,-1,1,-1,-1,-1,-1,1,1,-1,1,-1,-1,1,-1,1,1,1,1,1,-1,-1,-1,-1,1,-1,-1,-1,-1], length=91 energy=657}
Best result after 400235 ms running: LabsResult{bits=[1,-1,-1,-1,1,-1,-1,-1,1,-1,-1,1,1,-1,-1,1,-1,-1,1,-1,1,-1,-1,-1,1,-1,1,1,1,-1,1,1,-1,1,-1,-1,1,1,1,-1,1,1,-1,1,-1,1,1,1,-1,-1,-1,1,-1,-1,-1,1,1,1,1,-1,-1,-1,-1,-1,1,-1,-1,-1,-1,1,1,-1,1,-1,-1,1,-1,1,1,1,1,1,-1,-1,-1,-1,1,-1,-1,-1,-1], length=91 energy=657}
Best result after 405240 ms running: LabsResult{bits=[1,-1,-1,-1,1,-1,-1,-1,1,-1,-1,1,1,-1,-1,1,-1,-1,1,-1,1,-1,-1,-1,1,-1,1,1,1,-1,1,1,-1,1,-1,-1,1,1,1,-1,1,1,-1,1,-1,1,1,1,-1,-1,-1,1,-1,-1,-1,1,1,1,1,-1,-1,-1,-1,-1,1,-1,-1,-1,-1,1,1,-1,1,-1,-1,1,-1,1,1,1,1,1,-1,-1,-1,-1,1,-1,-1,-1,-1], length=91 energy=657}
Best result after 410242 ms running: LabsResult{bits=[1,-1,-1,-1,1,-1,-1,-1,1,-1,-1,1,1,-1,-1,1,-1,-1,1,-1,1,-1,-1,-1,1,-1,1,1,1,-1,1,1,-1,1,-1,-1,1,1,1,-1,1,1,-1,1,-1,1,1,1,-1,-1,-1,1,-1,-1,-1,1,1,1,1,-1,-1,-1,-1,-1,1,-1,-1,-1,-1,1,1,-1,1,-1,-1,1,-1,1,1,1,1,1,-1,-1,-1,-1,1,-1,-1,-1,-1], length=91 energy=657}
Best result after 415244 ms running: LabsResult{bits=[1,-1,-1,-1,1,-1,-1,-1,1,-1,-1,1,1,-1,-1,1,-1,-1,1,-1,1,-1,-1,-1,1,-1,1,1,1,-1,1,1,-1,1,-1,-1,1,1,1,-1,1,1,-1,1,-1,1,1,1,-1,-1,-1,1,-1,-1,-1,1,1,1,1,-1,-1,-1,-1,-1,1,-1,-1,-1,-1,1,1,-1,1,-1,-1,1,-1,1,1,1,1,1,-1,-1,-1,-1,1,-1,-1,-1,-1], length=91 energy=657}
Best result after 420246 ms running: LabsResult{bits=[1,-1,-1,-1,1,-1,-1,-1,1,-1,-1,1,1,-1,-1,1,-1,-1,1,-1,1,-1,-1,-1,1,-1,1,1,1,-1,1,1,-1,1,-1,-1,1,1,1,-1,1,1,-1,1,-1,1,1,1,-1,-1,-1,1,-1,-1,-1,1,1,1,1,-1,-1,-1,-1,-1,1,-1,-1,-1,-1,1,1,-1,1,-1,-1,1,-1,1,1,1,1,1,-1,-1,-1,-1,1,-1,-1,-1,-1], length=91 energy=657}
Best result after 425249 ms running: LabsResult{bits=[1,-1,-1,-1,1,-1,-1,-1,1,-1,-1,1,1,-1,-1,1,-1,-1,1,-1,1,-1,-1,-1,1,-1,1,1,1,-1,1,1,-1,1,-1,-1,1,1,1,-1,1,1,-1,1,-1,1,1,1,-1,-1,-1,1,-1,-1,-1,1,1,1,1,-1,-1,-1,-1,-1,1,-1,-1,-1,-1,1,1,-1,1,-1,-1,1,-1,1,1,1,1,1,-1,-1,-1,-1,1,-1,-1,-1,-1], length=91 energy=657}
Best result after 430251 ms running: LabsResult{bits=[1,-1,-1,-1,1,-1,-1,-1,1,-1,-1,1,1,-1,-1,1,-1,-1,1,-1,1,-1,-1,-1,1,-1,1,1,1,-1,1,1,-1,1,-1,-1,1,1,1,-1,1,1,-1,1,-1,1,1,1,-1,-1,-1,1,-1,-1,-1,1,1,1,1,-1,-1,-1,-1,-1,1,-1,-1,-1,-1,1,1,-1,1,-1,-1,1,-1,1,1,1,1,1,-1,-1,-1,-1,1,-1,-1,-1,-1], length=91 energy=657}
Best result after 435254 ms running: LabsResult{bits=[1,-1,-1,-1,1,-1,-1,-1,1,-1,-1,1,1,-1,-1,1,-1,-1,1,-1,1,-1,-1,-1,1,-1,1,1,1,-1,1,1,-1,1,-1,-1,1,1,1,-1,1,1,-1,1,-1,1,1,1,-1,-1,-1,1,-1,-1,-1,1,1,1,1,-1,-1,-1,-1,-1,1,-1,-1,-1,-1,1,1,-1,1,-1,-1,1,-1,1,1,1,1,1,-1,-1,-1,-1,1,-1,-1,-1,-1], length=91 energy=657}
Best result after 440255 ms running: LabsResult{bits=[1,-1,-1,-1,1,-1,-1,-1,1,-1,-1,1,1,-1,-1,1,-1,-1,1,-1,1,-1,-1,-1,1,-1,1,1,1,-1,1,1,-1,1,-1,-1,1,1,1,-1,1,1,-1,1,-1,1,1,1,-1,-1,-1,1,-1,-1,-1,1,1,1,1,-1,-1,-1,-1,-1,1,-1,-1,-1,-1,1,1,-1,1,-1,-1,1,-1,1,1,1,1,1,-1,-1,-1,-1,1,-1,-1,-1,-1], length=91 energy=657}
Best result after 445256 ms running: LabsResult{bits=[1,-1,-1,-1,1,-1,-1,-1,1,-1,-1,1,1,-1,-1,1,-1,-1,1,-1,1,-1,-1,-1,1,-1,1,1,1,-1,1,1,-1,1,-1,-1,1,1,1,-1,1,1,-1,1,-1,1,1,1,-1,-1,-1,1,-1,-1,-1,1,1,1,1,-1,-1,-1,-1,-1,1,-1,-1,-1,-1,1,1,-1,1,-1,-1,1,-1,1,1,1,1,1,-1,-1,-1,-1,1,-1,-1,-1,-1], length=91 energy=657}
Best result after 450258 ms running: LabsResult{bits=[1,-1,-1,-1,1,-1,-1,-1,1,-1,-1,1,1,-1,-1,1,-1,-1,1,-1,1,-1,-1,-1,1,-1,1,1,1,-1,1,1,-1,1,-1,-1,1,1,1,-1,1,1,-1,1,-1,1,1,1,-1,-1,-1,1,-1,-1,-1,1,1,1,1,-1,-1,-1,-1,-1,1,-1,-1,-1,-1,1,1,-1,1,-1,-1,1,-1,1,1,1,1,1,-1,-1,-1,-1,1,-1,-1,-1,-1], length=91 energy=657}
Best result after 455260 ms running: LabsResult{bits=[1,-1,-1,-1,1,-1,-1,-1,1,-1,-1,1,1,-1,-1,1,-1,-1,1,-1,1,-1,-1,-1,1,-1,1,1,1,-1,1,1,-1,1,-1,-1,1,1,1,-1,1,1,-1,1,-1,1,1,1,-1,-1,-1,1,-1,-1,-1,1,1,1,1,-1,-1,-1,-1,-1,1,-1,-1,-1,-1,1,1,-1,1,-1,-1,1,-1,1,1,1,1,1,-1,-1,-1,-1,1,-1,-1,-1,-1], length=91 energy=657}
Best result after 460262 ms running: LabsResult{bits=[1,-1,-1,-1,1,-1,-1,-1,1,-1,-1,1,1,-1,-1,1,-1,-1,1,-1,1,-1,-1,-1,1,-1,1,1,1,-1,1,1,-1,1,-1,-1,1,1,1,-1,1,1,-1,1,-1,1,1,1,-1,-1,-1,1,-1,-1,-1,1,1,1,1,-1,-1,-1,-1,-1,1,-1,-1,-1,-1,1,1,-1,1,-1,-1,1,-1,1,1,1,1,1,-1,-1,-1,-1,1,-1,-1,-1,-1], length=91 energy=657}
Best result after 465265 ms running: LabsResult{bits=[1,-1,-1,-1,1,-1,-1,-1,1,-1,-1,1,1,-1,-1,1,-1,-1,1,-1,1,-1,-1,-1,1,-1,1,1,1,-1,1,1,-1,1,-1,-1,1,1,1,-1,1,1,-1,1,-1,1,1,1,-1,-1,-1,1,-1,-1,-1,1,1,1,1,-1,-1,-1,-1,-1,1,-1,-1,-1,-1,1,1,-1,1,-1,-1,1,-1,1,1,1,1,1,-1,-1,-1,-1,1,-1,-1,-1,-1], length=91 energy=657}
Best result after 470266 ms running: LabsResult{bits=[1,-1,-1,-1,1,-1,-1,-1,1,-1,-1,1,1,-1,-1,1,-1,-1,1,-1,1,-1,-1,-1,1,-1,1,1,1,-1,1,1,-1,1,-1,-1,1,1,1,-1,1,1,-1,1,-1,1,1,1,-1,-1,-1,1,-1,-1,-1,1,1,1,1,-1,-1,-1,-1,-1,1,-1,-1,-1,-1,1,1,-1,1,-1,-1,1,-1,1,1,1,1,1,-1,-1,-1,-1,1,-1,-1,-1,-1], length=91 energy=657}
Best result after 475268 ms running: LabsResult{bits=[1,-1,-1,-1,1,-1,-1,-1,1,-1,-1,1,1,-1,-1,1,-1,-1,1,-1,1,-1,-1,-1,1,-1,1,1,1,-1,1,1,-1,1,-1,-1,1,1,1,-1,1,1,-1,1,-1,1,1,1,-1,-1,-1,1,-1,-1,-1,1,1,1,1,-1,-1,-1,-1,-1,1,-1,-1,-1,-1,1,1,-1,1,-1,-1,1,-1,1,1,1,1,1,-1,-1,-1,-1,1,-1,-1,-1,-1], length=91 energy=657}
Best result after 480271 ms running: LabsResult{bits=[1,-1,-1,-1,1,-1,-1,-1,1,-1,-1,1,1,-1,-1,1,-1,-1,1,-1,1,-1,-1,-1,1,-1,1,1,1,-1,1,1,-1,1,-1,-1,1,1,1,-1,1,1,-1,1,-1,1,1,1,-1,-1,-1,1,-1,-1,-1,1,1,1,1,-1,-1,-1,-1,-1,1,-1,-1,-1,-1,1,1,-1,1,-1,-1,1,-1,1,1,1,1,1,-1,-1,-1,-1,1,-1,-1,-1,-1], length=91 energy=657}
Best result after 485273 ms running: LabsResult{bits=[1,-1,-1,-1,1,-1,-1,-1,1,-1,-1,1,1,-1,-1,1,-1,-1,1,-1,1,-1,-1,-1,1,-1,1,1,1,-1,1,1,-1,1,-1,-1,1,1,1,-1,1,1,-1,1,-1,1,1,1,-1,-1,-1,1,-1,-1,-1,1,1,1,1,-1,-1,-1,-1,-1,1,-1,-1,-1,-1,1,1,-1,1,-1,-1,1,-1,1,1,1,1,1,-1,-1,-1,-1,1,-1,-1,-1,-1], length=91 energy=657}
Best result after 490275 ms running: LabsResult{bits=[1,-1,-1,-1,1,-1,-1,-1,1,-1,-1,1,1,-1,-1,1,-1,-1,1,-1,1,-1,-1,-1,1,-1,1,1,1,-1,1,1,-1,1,-1,-1,1,1,1,-1,1,1,-1,1,-1,1,1,1,-1,-1,-1,1,-1,-1,-1,1,1,1,1,-1,-1,-1,-1,-1,1,-1,-1,-1,-1,1,1,-1,1,-1,-1,1,-1,1,1,1,1,1,-1,-1,-1,-1,1,-1,-1,-1,-1], length=91 energy=657}
Best result after 495277 ms running: LabsResult{bits=[1,-1,-1,-1,1,-1,-1,-1,1,-1,-1,1,1,-1,-1,1,-1,-1,1,-1,1,-1,-1,-1,1,-1,1,1,1,-1,1,1,-1,1,-1,-1,1,1,1,-1,1,1,-1,1,-1,1,1,1,-1,-1,-1,1,-1,-1,-1,1,1,1,1,-1,-1,-1,-1,-1,1,-1,-1,-1,-1,1,1,-1,1,-1,-1,1,-1,1,1,1,1,1,-1,-1,-1,-1,1,-1,-1,-1,-1], length=91 energy=657}
Best result after 500278 ms running: LabsResult{bits=[1,-1,-1,-1,1,-1,-1,-1,1,-1,-1,1,1,-1,-1,1,-1,-1,1,-1,1,-1,-1,-1,1,-1,1,1,1,-1,1,1,-1,1,-1,-1,1,1,1,-1,1,1,-1,1,-1,1,1,1,-1,-1,-1,1,-1,-1,-1,1,1,1,1,-1,-1,-1,-1,-1,1,-1,-1,-1,-1,1,1,-1,1,-1,-1,1,-1,1,1,1,1,1,-1,-1,-1,-1,1,-1,-1,-1,-1], length=91 energy=657}
Best result after 505280 ms running: LabsResult{bits=[1,-1,-1,-1,1,-1,-1,-1,1,-1,-1,1,1,-1,-1,1,-1,-1,1,-1,1,-1,-1,-1,1,-1,1,1,1,-1,1,1,-1,1,-1,-1,1,1,1,-1,1,1,-1,1,-1,1,1,1,-1,-1,-1,1,-1,-1,-1,1,1,1,1,-1,-1,-1,-1,-1,1,-1,-1,-1,-1,1,1,-1,1,-1,-1,1,-1,1,1,1,1,1,-1,-1,-1,-1,1,-1,-1,-1,-1], length=91 energy=657}
Best result after 510281 ms running: LabsResult{bits=[1,-1,-1,-1,1,-1,-1,-1,1,-1,-1,1,1,-1,-1,1,-1,-1,1,-1,1,-1,-1,-1,1,-1,1,1,1,-1,1,1,-1,1,-1,-1,1,1,1,-1,1,1,-1,1,-1,1,1,1,-1,-1,-1,1,-1,-1,-1,1,1,1,1,-1,-1,-1,-1,-1,1,-1,-1,-1,-1,1,1,-1,1,-1,-1,1,-1,1,1,1,1,1,-1,-1,-1,-1,1,-1,-1,-1,-1], length=91 energy=657}
Best result after 515283 ms running: LabsResult{bits=[1,-1,-1,-1,1,-1,-1,-1,1,-1,-1,1,1,-1,-1,1,-1,-1,1,-1,1,-1,-1,-1,1,-1,1,1,1,-1,1,1,-1,1,-1,-1,1,1,1,-1,1,1,-1,1,-1,1,1,1,-1,-1,-1,1,-1,-1,-1,1,1,1,1,-1,-1,-1,-1,-1,1,-1,-1,-1,-1,1,1,-1,1,-1,-1,1,-1,1,1,1,1,1,-1,-1,-1,-1,1,-1,-1,-1,-1], length=91 energy=657}
Best result after 520285 ms running: LabsResult{bits=[1,-1,-1,-1,1,-1,-1,-1,1,-1,-1,1,1,-1,-1,1,-1,-1,1,-1,1,-1,-1,-1,1,-1,1,1,1,-1,1,1,-1,1,-1,-1,1,1,1,-1,1,1,-1,1,-1,1,1,1,-1,-1,-1,1,-1,-1,-1,1,1,1,1,-1,-1,-1,-1,-1,1,-1,-1,-1,-1,1,1,-1,1,-1,-1,1,-1,1,1,1,1,1,-1,-1,-1,-1,1,-1,-1,-1,-1], length=91 energy=657}
Best result after 525287 ms running: LabsResult{bits=[1,-1,-1,-1,1,-1,-1,-1,1,-1,-1,1,1,-1,-1,1,-1,-1,1,-1,1,-1,-1,-1,1,-1,1,1,1,-1,1,1,-1,1,-1,-1,1,1,1,-1,1,1,-1,1,-1,1,1,1,-1,-1,-1,1,-1,-1,-1,1,1,1,1,-1,-1,-1,-1,-1,1,-1,-1,-1,-1,1,1,-1,1,-1,-1,1,-1,1,1,1,1,1,-1,-1,-1,-1,1,-1,-1,-1,-1], length=91 energy=657}
Best result after 530293 ms running: LabsResult{bits=[1,-1,-1,-1,1,-1,-1,-1,1,-1,-1,1,1,-1,-1,1,-1,-1,1,-1,1,-1,-1,-1,1,-1,1,1,1,-1,1,1,-1,1,-1,-1,1,1,1,-1,1,1,-1,1,-1,1,1,1,-1,-1,-1,1,-1,-1,-1,1,1,1,1,-1,-1,-1,-1,-1,1,-1,-1,-1,-1,1,1,-1,1,-1,-1,1,-1,1,1,1,1,1,-1,-1,-1,-1,1,-1,-1,-1,-1], length=91 energy=657}
Best result after 535295 ms running: LabsResult{bits=[1,-1,-1,-1,1,-1,-1,-1,1,-1,-1,1,1,-1,-1,1,-1,-1,1,-1,1,-1,-1,-1,1,-1,1,1,1,-1,1,1,-1,1,-1,-1,1,1,1,-1,1,1,-1,1,-1,1,1,1,-1,-1,-1,1,-1,-1,-1,1,1,1,1,-1,-1,-1,-1,-1,1,-1,-1,-1,-1,1,1,-1,1,-1,-1,1,-1,1,1,1,1,1,-1,-1,-1,-1,1,-1,-1,-1,-1], length=91 energy=657}
Best result after 540296 ms running: LabsResult{bits=[1,-1,-1,-1,1,-1,-1,-1,1,-1,-1,1,1,-1,-1,1,-1,-1,1,-1,1,-1,-1,-1,1,-1,1,1,1,-1,1,1,-1,1,-1,-1,1,1,1,-1,1,1,-1,1,-1,1,1,1,-1,-1,-1,1,-1,-1,-1,1,1,1,1,-1,-1,-1,-1,-1,1,-1,-1,-1,-1,1,1,-1,1,-1,-1,1,-1,1,1,1,1,1,-1,-1,-1,-1,1,-1,-1,-1,-1], length=91 energy=657}
Best result after 545298 ms running: LabsResult{bits=[1,-1,-1,-1,1,-1,-1,-1,1,-1,-1,1,1,-1,-1,1,-1,-1,1,-1,1,-1,-1,-1,1,-1,1,1,1,-1,1,1,-1,1,-1,-1,1,1,1,-1,1,1,-1,1,-1,1,1,1,-1,-1,-1,1,-1,-1,-1,1,1,1,1,-1,-1,-1,-1,-1,1,-1,-1,-1,-1,1,1,-1,1,-1,-1,1,-1,1,1,1,1,1,-1,-1,-1,-1,1,-1,-1,-1,-1], length=91 energy=657}
Best result after 550299 ms running: LabsResult{bits=[1,-1,-1,-1,1,-1,-1,-1,1,-1,-1,1,1,-1,-1,1,-1,-1,1,-1,1,-1,-1,-1,1,-1,1,1,1,-1,1,1,-1,1,-1,-1,1,1,1,-1,1,1,-1,1,-1,1,1,1,-1,-1,-1,1,-1,-1,-1,1,1,1,1,-1,-1,-1,-1,-1,1,-1,-1,-1,-1,1,1,-1,1,-1,-1,1,-1,1,1,1,1,1,-1,-1,-1,-1,1,-1,-1,-1,-1], length=91 energy=657}
Best result after 555301 ms running: LabsResult{bits=[1,-1,-1,-1,1,-1,-1,-1,1,-1,-1,1,1,-1,-1,1,-1,-1,1,-1,1,-1,-1,-1,1,-1,1,1,1,-1,1,1,-1,1,-1,-1,1,1,1,-1,1,1,-1,1,-1,1,1,1,-1,-1,-1,1,-1,-1,-1,1,1,1,1,-1,-1,-1,-1,-1,1,-1,-1,-1,-1,1,1,-1,1,-1,-1,1,-1,1,1,1,1,1,-1,-1,-1,-1,1,-1,-1,-1,-1], length=91 energy=657}
Best result after 560303 ms running: LabsResult{bits=[1,-1,-1,-1,1,-1,-1,-1,1,-1,-1,1,1,-1,-1,1,-1,-1,1,-1,1,-1,-1,-1,1,-1,1,1,1,-1,1,1,-1,1,-1,-1,1,1,1,-1,1,1,-1,1,-1,1,1,1,-1,-1,-1,1,-1,-1,-1,1,1,1,1,-1,-1,-1,-1,-1,1,-1,-1,-1,-1,1,1,-1,1,-1,-1,1,-1,1,1,1,1,1,-1,-1,-1,-1,1,-1,-1,-1,-1], length=91 energy=657}
Best result after 565304 ms running: LabsResult{bits=[1,-1,-1,-1,1,-1,-1,-1,1,-1,-1,1,1,-1,-1,1,-1,-1,1,-1,1,-1,-1,-1,1,-1,1,1,1,-1,1,1,-1,1,-1,-1,1,1,1,-1,1,1,-1,1,-1,1,1,1,-1,-1,-1,1,-1,-1,-1,1,1,1,1,-1,-1,-1,-1,-1,1,-1,-1,-1,-1,1,1,-1,1,-1,-1,1,-1,1,1,1,1,1,-1,-1,-1,-1,1,-1,-1,-1,-1], length=91 energy=657}
Best result after 570306 ms running: LabsResult{bits=[1,-1,-1,-1,1,-1,-1,-1,1,-1,-1,1,1,-1,-1,1,-1,-1,1,-1,1,-1,-1,-1,1,-1,1,1,1,-1,1,1,-1,1,-1,-1,1,1,1,-1,1,1,-1,1,-1,1,1,1,-1,-1,-1,1,-1,-1,-1,1,1,1,1,-1,-1,-1,-1,-1,1,-1,-1,-1,-1,1,1,-1,1,-1,-1,1,-1,1,1,1,1,1,-1,-1,-1,-1,1,-1,-1,-1,-1], length=91 energy=657}
Best result after 575308 ms running: LabsResult{bits=[1,-1,-1,-1,1,-1,-1,-1,1,-1,-1,1,1,-1,-1,1,-1,-1,1,-1,1,-1,-1,-1,1,-1,1,1,1,-1,1,1,-1,1,-1,-1,1,1,1,-1,1,1,-1,1,-1,1,1,1,-1,-1,-1,1,-1,-1,-1,1,1,1,1,-1,-1,-1,-1,-1,1,-1,-1,-1,-1,1,1,-1,1,-1,-1,1,-1,1,1,1,1,1,-1,-1,-1,-1,1,-1,-1,-1,-1], length=91 energy=657}
Best result after 580309 ms running: LabsResult{bits=[1,-1,-1,-1,1,-1,-1,-1,1,-1,-1,1,1,-1,-1,1,-1,-1,1,-1,1,-1,-1,-1,1,-1,1,1,1,-1,1,1,-1,1,-1,-1,1,1,1,-1,1,1,-1,1,-1,1,1,1,-1,-1,-1,1,-1,-1,-1,1,1,1,1,-1,-1,-1,-1,-1,1,-1,-1,-1,-1,1,1,-1,1,-1,-1,1,-1,1,1,1,1,1,-1,-1,-1,-1,1,-1,-1,-1,-1], length=91 energy=657}
Best result after 585311 ms running: LabsResult{bits=[1,-1,-1,-1,1,-1,-1,-1,1,-1,-1,1,1,-1,-1,1,-1,-1,1,-1,1,-1,-1,-1,1,-1,1,1,1,-1,1,1,-1,1,-1,-1,1,1,1,-1,1,1,-1,1,-1,1,1,1,-1,-1,-1,1,-1,-1,-1,1,1,1,1,-1,-1,-1,-1,-1,1,-1,-1,-1,-1,1,1,-1,1,-1,-1,1,-1,1,1,1,1,1,-1,-1,-1,-1,1,-1,-1,-1,-1], length=91 energy=657}
Best result after 590313 ms running: LabsResult{bits=[1,-1,-1,-1,1,-1,-1,-1,1,-1,-1,1,1,-1,-1,1,-1,-1,1,-1,1,-1,-1,-1,1,-1,1,1,1,-1,1,1,-1,1,-1,-1,1,1,1,-1,1,1,-1,1,-1,1,1,1,-1,-1,-1,1,-1,-1,-1,1,1,1,1,-1,-1,-1,-1,-1,1,-1,-1,-1,-1,1,1,-1,1,-1,-1,1,-1,1,1,1,1,1,-1,-1,-1,-1,1,-1,-1,-1,-1], length=91 energy=657}
Best result after 595314 ms running: LabsResult{bits=[1,-1,-1,-1,1,-1,-1,-1,1,-1,-1,1,1,-1,-1,1,-1,-1,1,-1,1,-1,-1,-1,1,-1,1,1,1,-1,1,1,-1,1,-1,-1,1,1,1,-1,1,1,-1,1,-1,1,1,1,-1,-1,-1,1,-1,-1,-1,1,1,1,1,-1,-1,-1,-1,-1,1,-1,-1,-1,-1,1,1,-1,1,-1,-1,1,-1,1,1,1,1,1,-1,-1,-1,-1,1,-1,-1,-1,-1], length=91 energy=657}
Best result after 600318 ms running: LabsResult{bits=[1,-1,-1,-1,1,-1,-1,-1,1,-1,-1,1,1,-1,-1,1,-1,-1,1,-1,1,-1,-1,-1,1,-1,1,1,1,-1,1,1,-1,1,-1,-1,1,1,1,-1,1,1,-1,1,-1,1,1,1,-1,-1,-1,1,-1,-1,-1,1,1,1,1,-1,-1,-1,-1,-1,1,-1,-1,-1,-1,1,1,-1,1,-1,-1,1,-1,1,1,1,1,1,-1,-1,-1,-1,1,-1,-1,-1,-1], length=91 energy=657}
Best result after 605319 ms running: LabsResult{bits=[1,-1,-1,-1,1,-1,-1,-1,1,-1,-1,1,1,-1,-1,1,-1,-1,1,-1,1,-1,-1,-1,1,-1,1,1,1,-1,1,1,-1,1,-1,-1,1,1,1,-1,1,1,-1,1,-1,1,1,1,-1,-1,-1,1,-1,-1,-1,1,1,1,1,-1,-1,-1,-1,-1,1,-1,-1,-1,-1,1,1,-1,1,-1,-1,1,-1,1,1,1,1,1,-1,-1,-1,-1,1,-1,-1,-1,-1], length=91 energy=657}
Best result after 610321 ms running: LabsResult{bits=[1,-1,-1,-1,1,-1,-1,-1,1,-1,-1,1,1,-1,-1,1,-1,-1,1,-1,1,-1,-1,-1,1,-1,1,1,1,-1,1,1,-1,1,-1,-1,1,1,1,-1,1,1,-1,1,-1,1,1,1,-1,-1,-1,1,-1,-1,-1,1,1,1,1,-1,-1,-1,-1,-1,1,-1,-1,-1,-1,1,1,-1,1,-1,-1,1,-1,1,1,1,1,1,-1,-1,-1,-1,1,-1,-1,-1,-1], length=91 energy=657}
Best result after 615323 ms running: LabsResult{bits=[1,-1,-1,-1,1,-1,-1,-1,1,-1,-1,1,1,-1,-1,1,-1,-1,1,-1,1,-1,-1,-1,1,-1,1,1,1,-1,1,1,-1,1,-1,-1,1,1,1,-1,1,1,-1,1,-1,1,1,1,-1,-1,-1,1,-1,-1,-1,1,1,1,1,-1,-1,-1,-1,-1,1,-1,-1,-1,-1,1,1,-1,1,-1,-1,1,-1,1,1,1,1,1,-1,-1,-1,-1,1,-1,-1,-1,-1], length=91 energy=657}
Best result after 620325 ms running: LabsResult{bits=[1,-1,-1,-1,1,-1,-1,-1,1,-1,-1,1,1,-1,-1,1,-1,-1,1,-1,1,-1,-1,-1,1,-1,1,1,1,-1,1,1,-1,1,-1,-1,1,1,1,-1,1,1,-1,1,-1,1,1,1,-1,-1,-1,1,-1,-1,-1,1,1,1,1,-1,-1,-1,-1,-1,1,-1,-1,-1,-1,1,1,-1,1,-1,-1,1,-1,1,1,1,1,1,-1,-1,-1,-1,1,-1,-1,-1,-1], length=91 energy=657}
Best result after 625326 ms running: LabsResult{bits=[1,-1,-1,-1,1,-1,-1,-1,1,-1,-1,1,1,-1,-1,1,-1,-1,1,-1,1,-1,-1,-1,1,-1,1,1,1,-1,1,1,-1,1,-1,-1,1,1,1,-1,1,1,-1,1,-1,1,1,1,-1,-1,-1,1,-1,-1,-1,1,1,1,1,-1,-1,-1,-1,-1,1,-1,-1,-1,-1,1,1,-1,1,-1,-1,1,-1,1,1,1,1,1,-1,-1,-1,-1,1,-1,-1,-1,-1], length=91 energy=657}
Best result after 630327 ms running: LabsResult{bits=[1,-1,-1,-1,1,-1,-1,-1,1,-1,-1,1,1,-1,-1,1,-1,-1,1,-1,1,-1,-1,-1,1,-1,1,1,1,-1,1,1,-1,1,-1,-1,1,1,1,-1,1,1,-1,1,-1,1,1,1,-1,-1,-1,1,-1,-1,-1,1,1,1,1,-1,-1,-1,-1,-1,1,-1,-1,-1,-1,1,1,-1,1,-1,-1,1,-1,1,1,1,1,1,-1,-1,-1,-1,1,-1,-1,-1,-1], length=91 energy=657}
Best result after 635330 ms running: LabsResult{bits=[1,-1,-1,-1,1,-1,-1,-1,1,-1,-1,1,1,-1,-1,1,-1,-1,1,-1,1,-1,-1,-1,1,-1,1,1,1,-1,1,1,-1,1,-1,-1,1,1,1,-1,1,1,-1,1,-1,1,1,1,-1,-1,-1,1,-1,-1,-1,1,1,1,1,-1,-1,-1,-1,-1,1,-1,-1,-1,-1,1,1,-1,1,-1,-1,1,-1,1,1,1,1,1,-1,-1,-1,-1,1,-1,-1,-1,-1], length=91 energy=657}
Best result after 640332 ms running: LabsResult{bits=[1,-1,-1,-1,1,-1,-1,-1,1,-1,-1,1,1,-1,-1,1,-1,-1,1,-1,1,-1,-1,-1,1,-1,1,1,1,-1,1,1,-1,1,-1,-1,1,1,1,-1,1,1,-1,1,-1,1,1,1,-1,-1,-1,1,-1,-1,-1,1,1,1,1,-1,-1,-1,-1,-1,1,-1,-1,-1,-1,1,1,-1,1,-1,-1,1,-1,1,1,1,1,1,-1,-1,-1,-1,1,-1,-1,-1,-1], length=91 energy=657}
Best result after 645334 ms running: LabsResult{bits=[1,-1,-1,-1,1,-1,-1,-1,1,-1,-1,1,1,-1,-1,1,-1,-1,1,-1,1,-1,-1,-1,1,-1,1,1,1,-1,1,1,-1,1,-1,-1,1,1,1,-1,1,1,-1,1,-1,1,1,1,-1,-1,-1,1,-1,-1,-1,1,1,1,1,-1,-1,-1,-1,-1,1,-1,-1,-1,-1,1,1,-1,1,-1,-1,1,-1,1,1,1,1,1,-1,-1,-1,-1,1,-1,-1,-1,-1], length=91 energy=657}
Best result after 650336 ms running: LabsResult{bits=[1,-1,-1,-1,1,-1,-1,-1,1,-1,-1,1,1,-1,-1,1,-1,-1,1,-1,1,-1,-1,-1,1,-1,1,1,1,-1,1,1,-1,1,-1,-1,1,1,1,-1,1,1,-1,1,-1,1,1,1,-1,-1,-1,1,-1,-1,-1,1,1,1,1,-1,-1,-1,-1,-1,1,-1,-1,-1,-1,1,1,-1,1,-1,-1,1,-1,1,1,1,1,1,-1,-1,-1,-1,1,-1,-1,-1,-1], length=91 energy=657}
Best result after 655338 ms running: LabsResult{bits=[1,-1,-1,-1,1,-1,-1,-1,1,-1,-1,1,1,-1,-1,1,-1,-1,1,-1,1,-1,-1,-1,1,-1,1,1,1,-1,1,1,-1,1,-1,-1,1,1,1,-1,1,1,-1,1,-1,1,1,1,-1,-1,-1,1,-1,-1,-1,1,1,1,1,-1,-1,-1,-1,-1,1,-1,-1,-1,-1,1,1,-1,1,-1,-1,1,-1,1,1,1,1,1,-1,-1,-1,-1,1,-1,-1,-1,-1], length=91 energy=657}
Best result after 660340 ms running: LabsResult{bits=[1,-1,-1,-1,1,-1,-1,-1,1,-1,-1,1,1,-1,-1,1,-1,-1,1,-1,1,-1,-1,-1,1,-1,1,1,1,-1,1,1,-1,1,-1,-1,1,1,1,-1,1,1,-1,1,-1,1,1,1,-1,-1,-1,1,-1,-1,-1,1,1,1,1,-1,-1,-1,-1,-1,1,-1,-1,-1,-1,1,1,-1,1,-1,-1,1,-1,1,1,1,1,1,-1,-1,-1,-1,1,-1,-1,-1,-1], length=91 energy=657}
Best result after 665343 ms running: LabsResult{bits=[1,-1,-1,-1,1,-1,-1,-1,1,-1,-1,1,1,-1,-1,1,-1,-1,1,-1,1,-1,-1,-1,1,-1,1,1,1,-1,1,1,-1,1,-1,-1,1,1,1,-1,1,1,-1,1,-1,1,1,1,-1,-1,-1,1,-1,-1,-1,1,1,1,1,-1,-1,-1,-1,-1,1,-1,-1,-1,-1,1,1,-1,1,-1,-1,1,-1,1,1,1,1,1,-1,-1,-1,-1,1,-1,-1,-1,-1], length=91 energy=657}
Best result after 670344 ms running: LabsResult{bits=[1,-1,-1,-1,1,-1,-1,-1,1,-1,-1,1,1,-1,-1,1,-1,-1,1,-1,1,-1,-1,-1,1,-1,1,1,1,-1,1,1,-1,1,-1,-1,1,1,1,-1,1,1,-1,1,-1,1,1,1,-1,-1,-1,1,-1,-1,-1,1,1,1,1,-1,-1,-1,-1,-1,1,-1,-1,-1,-1,1,1,-1,1,-1,-1,1,-1,1,1,1,1,1,-1,-1,-1,-1,1,-1,-1,-1,-1], length=91 energy=657}
Best result after 675347 ms running: LabsResult{bits=[1,-1,-1,-1,1,-1,-1,-1,1,-1,-1,1,1,-1,-1,1,-1,-1,1,-1,1,-1,-1,-1,1,-1,1,1,1,-1,1,1,-1,1,-1,-1,1,1,1,-1,1,1,-1,1,-1,1,1,1,-1,-1,-1,1,-1,-1,-1,1,1,1,1,-1,-1,-1,-1,-1,1,-1,-1,-1,-1,1,1,-1,1,-1,-1,1,-1,1,1,1,1,1,-1,-1,-1,-1,1,-1,-1,-1,-1], length=91 energy=657}
Best result after 680350 ms running: LabsResult{bits=[1,-1,-1,-1,1,-1,-1,-1,1,-1,-1,1,1,-1,-1,1,-1,-1,1,-1,1,-1,-1,-1,1,-1,1,1,1,-1,1,1,-1,1,-1,-1,1,1,1,-1,1,1,-1,1,-1,1,1,1,-1,-1,-1,1,-1,-1,-1,1,1,1,1,-1,-1,-1,-1,-1,1,-1,-1,-1,-1,1,1,-1,1,-1,-1,1,-1,1,1,1,1,1,-1,-1,-1,-1,1,-1,-1,-1,-1], length=91 energy=657}
Best result after 685356 ms running: LabsResult{bits=[1,-1,-1,-1,1,-1,-1,-1,1,-1,-1,1,1,-1,-1,1,-1,-1,1,-1,1,-1,-1,-1,1,-1,1,1,1,-1,1,1,-1,1,-1,-1,1,1,1,-1,1,1,-1,1,-1,1,1,1,-1,-1,-1,1,-1,-1,-1,1,1,1,1,-1,-1,-1,-1,-1,1,-1,-1,-1,-1,1,1,-1,1,-1,-1,1,-1,1,1,1,1,1,-1,-1,-1,-1,1,-1,-1,-1,-1], length=91 energy=657}
Best result after 690358 ms running: LabsResult{bits=[1,-1,-1,-1,1,-1,-1,-1,1,-1,-1,1,1,-1,-1,1,-1,-1,1,-1,1,-1,-1,-1,1,-1,1,1,1,-1,1,1,-1,1,-1,-1,1,1,1,-1,1,1,-1,1,-1,1,1,1,-1,-1,-1,1,-1,-1,-1,1,1,1,1,-1,-1,-1,-1,-1,1,-1,-1,-1,-1,1,1,-1,1,-1,-1,1,-1,1,1,1,1,1,-1,-1,-1,-1,1,-1,-1,-1,-1], length=91 energy=657}
Best result after 695360 ms running: LabsResult{bits=[1,-1,-1,-1,1,-1,-1,-1,1,-1,-1,1,1,-1,-1,1,-1,-1,1,-1,1,-1,-1,-1,1,-1,1,1,1,-1,1,1,-1,1,-1,-1,1,1,1,-1,1,1,-1,1,-1,1,1,1,-1,-1,-1,1,-1,-1,-1,1,1,1,1,-1,-1,-1,-1,-1,1,-1,-1,-1,-1,1,1,-1,1,-1,-1,1,-1,1,1,1,1,1,-1,-1,-1,-1,1,-1,-1,-1,-1], length=91 energy=657}
Best result after 700362 ms running: LabsResult{bits=[1,-1,-1,-1,1,-1,-1,-1,1,-1,-1,1,1,-1,-1,1,-1,-1,1,-1,1,-1,-1,-1,1,-1,1,1,1,-1,1,1,-1,1,-1,-1,1,1,1,-1,1,1,-1,1,-1,1,1,1,-1,-1,-1,1,-1,-1,-1,1,1,1,1,-1,-1,-1,-1,-1,1,-1,-1,-1,-1,1,1,-1,1,-1,-1,1,-1,1,1,1,1,1,-1,-1,-1,-1,1,-1,-1,-1,-1], length=91 energy=657}
Best result after 705369 ms running: LabsResult{bits=[1,-1,-1,-1,1,-1,-1,-1,1,-1,-1,1,1,-1,-1,1,-1,-1,1,-1,1,-1,-1,-1,1,-1,1,1,1,-1,1,1,-1,1,-1,-1,1,1,1,-1,1,1,-1,1,-1,1,1,1,-1,-1,-1,1,-1,-1,-1,1,1,1,1,-1,-1,-1,-1,-1,1,-1,-1,-1,-1,1,1,-1,1,-1,-1,1,-1,1,1,1,1,1,-1,-1,-1,-1,1,-1,-1,-1,-1], length=91 energy=657}
Best result after 710370 ms running: LabsResult{bits=[1,-1,-1,-1,1,-1,-1,-1,1,-1,-1,1,1,-1,-1,1,-1,-1,1,-1,1,-1,-1,-1,1,-1,1,1,1,-1,1,1,-1,1,-1,-1,1,1,1,-1,1,1,-1,1,-1,1,1,1,-1,-1,-1,1,-1,-1,-1,1,1,1,1,-1,-1,-1,-1,-1,1,-1,-1,-1,-1,1,1,-1,1,-1,-1,1,-1,1,1,1,1,1,-1,-1,-1,-1,1,-1,-1,-1,-1], length=91 energy=657}
Best result after 715373 ms running: LabsResult{bits=[1,-1,-1,-1,1,-1,-1,-1,1,-1,-1,1,1,-1,-1,1,-1,-1,1,-1,1,-1,-1,-1,1,-1,1,1,1,-1,1,1,-1,1,-1,-1,1,1,1,-1,1,1,-1,1,-1,1,1,1,-1,-1,-1,1,-1,-1,-1,1,1,1,1,-1,-1,-1,-1,-1,1,-1,-1,-1,-1,1,1,-1,1,-1,-1,1,-1,1,1,1,1,1,-1,-1,-1,-1,1,-1,-1,-1,-1], length=91 energy=657}
Best result after 720375 ms running: LabsResult{bits=[1,-1,-1,-1,1,-1,-1,-1,1,-1,-1,1,1,-1,-1,1,-1,-1,1,-1,1,-1,-1,-1,1,-1,1,1,1,-1,1,1,-1,1,-1,-1,1,1,1,-1,1,1,-1,1,-1,1,1,1,-1,-1,-1,1,-1,-1,-1,1,1,1,1,-1,-1,-1,-1,-1,1,-1,-1,-1,-1,1,1,-1,1,-1,-1,1,-1,1,1,1,1,1,-1,-1,-1,-1,1,-1,-1,-1,-1], length=91 energy=657}
Best result after 725378 ms running: LabsResult{bits=[1,-1,-1,-1,1,-1,-1,-1,1,-1,-1,1,1,-1,-1,1,-1,-1,1,-1,1,-1,-1,-1,1,-1,1,1,1,-1,1,1,-1,1,-1,-1,1,1,1,-1,1,1,-1,1,-1,1,1,1,-1,-1,-1,1,-1,-1,-1,1,1,1,1,-1,-1,-1,-1,-1,1,-1,-1,-1,-1,1,1,-1,1,-1,-1,1,-1,1,1,1,1,1,-1,-1,-1,-1,1,-1,-1,-1,-1], length=91 energy=657}
Best result after 730380 ms running: LabsResult{bits=[1,-1,-1,-1,1,-1,-1,-1,1,-1,-1,1,1,-1,-1,1,-1,-1,1,-1,1,-1,-1,-1,1,-1,1,1,1,-1,1,1,-1,1,-1,-1,1,1,1,-1,1,1,-1,1,-1,1,1,1,-1,-1,-1,1,-1,-1,-1,1,1,1,1,-1,-1,-1,-1,-1,1,-1,-1,-1,-1,1,1,-1,1,-1,-1,1,-1,1,1,1,1,1,-1,-1,-1,-1,1,-1,-1,-1,-1], length=91 energy=657}
Best result after 735381 ms running: LabsResult{bits=[1,-1,-1,-1,1,-1,-1,-1,1,-1,-1,1,1,-1,-1,1,-1,-1,1,-1,1,-1,-1,-1,1,-1,1,1,1,-1,1,1,-1,1,-1,-1,1,1,1,-1,1,1,-1,1,-1,1,1,1,-1,-1,-1,1,-1,-1,-1,1,1,1,1,-1,-1,-1,-1,-1,1,-1,-1,-1,-1,1,1,-1,1,-1,-1,1,-1,1,1,1,1,1,-1,-1,-1,-1,1,-1,-1,-1,-1], length=91 energy=657}
Best result after 740383 ms running: LabsResult{bits=[1,-1,-1,-1,1,-1,-1,-1,1,-1,-1,1,1,-1,-1,1,-1,-1,1,-1,1,-1,-1,-1,1,-1,1,1,1,-1,1,1,-1,1,-1,-1,1,1,1,-1,1,1,-1,1,-1,1,1,1,-1,-1,-1,1,-1,-1,-1,1,1,1,1,-1,-1,-1,-1,-1,1,-1,-1,-1,-1,1,1,-1,1,-1,-1,1,-1,1,1,1,1,1,-1,-1,-1,-1,1,-1,-1,-1,-1], length=91 energy=657}
Best result after 745385 ms running: LabsResult{bits=[1,-1,-1,-1,1,-1,-1,-1,1,-1,-1,1,1,-1,-1,1,-1,-1,1,-1,1,-1,-1,-1,1,-1,1,1,1,-1,1,1,-1,1,-1,-1,1,1,1,-1,1,1,-1,1,-1,1,1,1,-1,-1,-1,1,-1,-1,-1,1,1,1,1,-1,-1,-1,-1,-1,1,-1,-1,-1,-1,1,1,-1,1,-1,-1,1,-1,1,1,1,1,1,-1,-1,-1,-1,1,-1,-1,-1,-1], length=91 energy=657}
Best result after 750390 ms running: LabsResult{bits=[1,-1,-1,-1,1,-1,-1,-1,1,-1,-1,1,1,-1,-1,1,-1,-1,1,-1,1,-1,-1,-1,1,-1,1,1,1,-1,1,1,-1,1,-1,-1,1,1,1,-1,1,1,-1,1,-1,1,1,1,-1,-1,-1,1,-1,-1,-1,1,1,1,1,-1,-1,-1,-1,-1,1,-1,-1,-1,-1,1,1,-1,1,-1,-1,1,-1,1,1,1,1,1,-1,-1,-1,-1,1,-1,-1,-1,-1], length=91 energy=657}
Best result after 755392 ms running: LabsResult{bits=[1,-1,-1,-1,1,-1,-1,-1,1,-1,-1,1,1,-1,-1,1,-1,-1,1,-1,1,-1,-1,-1,1,-1,1,1,1,-1,1,1,-1,1,-1,-1,1,1,1,-1,1,1,-1,1,-1,1,1,1,-1,-1,-1,1,-1,-1,-1,1,1,1,1,-1,-1,-1,-1,-1,1,-1,-1,-1,-1,1,1,-1,1,-1,-1,1,-1,1,1,1,1,1,-1,-1,-1,-1,1,-1,-1,-1,-1], length=91 energy=657}
Best result after 760394 ms running: LabsResult{bits=[1,-1,-1,-1,1,-1,-1,-1,1,-1,-1,1,1,-1,-1,1,-1,-1,1,-1,1,-1,-1,-1,1,-1,1,1,1,-1,1,1,-1,1,-1,-1,1,1,1,-1,1,1,-1,1,-1,1,1,1,-1,-1,-1,1,-1,-1,-1,1,1,1,1,-1,-1,-1,-1,-1,1,-1,-1,-1,-1,1,1,-1,1,-1,-1,1,-1,1,1,1,1,1,-1,-1,-1,-1,1,-1,-1,-1,-1], length=91 energy=657}
Best result after 765395 ms running: LabsResult{bits=[1,-1,-1,-1,1,-1,-1,-1,1,-1,-1,1,1,-1,-1,1,-1,-1,1,-1,1,-1,-1,-1,1,-1,1,1,1,-1,1,1,-1,1,-1,-1,1,1,1,-1,1,1,-1,1,-1,1,1,1,-1,-1,-1,1,-1,-1,-1,1,1,1,1,-1,-1,-1,-1,-1,1,-1,-1,-1,-1,1,1,-1,1,-1,-1,1,-1,1,1,1,1,1,-1,-1,-1,-1,1,-1,-1,-1,-1], length=91 energy=657}
Best result after 770397 ms running: LabsResult{bits=[1,-1,-1,-1,1,-1,-1,-1,1,-1,-1,1,1,-1,-1,1,-1,-1,1,-1,1,-1,-1,-1,1,-1,1,1,1,-1,1,1,-1,1,-1,-1,1,1,1,-1,1,1,-1,1,-1,1,1,1,-1,-1,-1,1,-1,-1,-1,1,1,1,1,-1,-1,-1,-1,-1,1,-1,-1,-1,-1,1,1,-1,1,-1,-1,1,-1,1,1,1,1,1,-1,-1,-1,-1,1,-1,-1,-1,-1], length=91 energy=657}
Best result after 775399 ms running: LabsResult{bits=[1,-1,-1,-1,1,-1,-1,-1,1,-1,-1,1,1,-1,-1,1,-1,-1,1,-1,1,-1,-1,-1,1,-1,1,1,1,-1,1,1,-1,1,-1,-1,1,1,1,-1,1,1,-1,1,-1,1,1,1,-1,-1,-1,1,-1,-1,-1,1,1,1,1,-1,-1,-1,-1,-1,1,-1,-1,-1,-1,1,1,-1,1,-1,-1,1,-1,1,1,1,1,1,-1,-1,-1,-1,1,-1,-1,-1,-1], length=91 energy=657}
Best result after 780401 ms running: LabsResult{bits=[1,-1,-1,-1,1,-1,-1,-1,1,-1,-1,1,1,-1,-1,1,-1,-1,1,-1,1,-1,-1,-1,1,-1,1,1,1,-1,1,1,-1,1,-1,-1,1,1,1,-1,1,1,-1,1,-1,1,1,1,-1,-1,-1,1,-1,-1,-1,1,1,1,1,-1,-1,-1,-1,-1,1,-1,-1,-1,-1,1,1,-1,1,-1,-1,1,-1,1,1,1,1,1,-1,-1,-1,-1,1,-1,-1,-1,-1], length=91 energy=657}
Best result after 785403 ms running: LabsResult{bits=[1,-1,-1,-1,1,-1,-1,-1,1,-1,-1,1,1,-1,-1,1,-1,-1,1,-1,1,-1,-1,-1,1,-1,1,1,1,-1,1,1,-1,1,-1,-1,1,1,1,-1,1,1,-1,1,-1,1,1,1,-1,-1,-1,1,-1,-1,-1,1,1,1,1,-1,-1,-1,-1,-1,1,-1,-1,-1,-1,1,1,-1,1,-1,-1,1,-1,1,1,1,1,1,-1,-1,-1,-1,1,-1,-1,-1,-1], length=91 energy=657}
Best result after 790404 ms running: LabsResult{bits=[1,-1,-1,-1,1,-1,-1,-1,1,-1,-1,1,1,-1,-1,1,-1,-1,1,-1,1,-1,-1,-1,1,-1,1,1,1,-1,1,1,-1,1,-1,-1,1,1,1,-1,1,1,-1,1,-1,1,1,1,-1,-1,-1,1,-1,-1,-1,1,1,1,1,-1,-1,-1,-1,-1,1,-1,-1,-1,-1,1,1,-1,1,-1,-1,1,-1,1,1,1,1,1,-1,-1,-1,-1,1,-1,-1,-1,-1], length=91 energy=657}
Best result after 795406 ms running: LabsResult{bits=[1,-1,-1,-1,1,-1,-1,-1,1,-1,-1,1,1,-1,-1,1,-1,-1,1,-1,1,-1,-1,-1,1,-1,1,1,1,-1,1,1,-1,1,-1,-1,1,1,1,-1,1,1,-1,1,-1,1,1,1,-1,-1,-1,1,-1,-1,-1,1,1,1,1,-1,-1,-1,-1,-1,1,-1,-1,-1,-1,1,1,-1,1,-1,-1,1,-1,1,1,1,1,1,-1,-1,-1,-1,1,-1,-1,-1,-1], length=91 energy=657}
Best result after 800410 ms running: LabsResult{bits=[1,-1,-1,-1,1,-1,-1,-1,1,-1,-1,1,1,-1,-1,1,-1,-1,1,-1,1,-1,-1,-1,1,-1,1,1,1,-1,1,1,-1,1,-1,-1,1,1,1,-1,1,1,-1,1,-1,1,1,1,-1,-1,-1,1,-1,-1,-1,1,1,1,1,-1,-1,-1,-1,-1,1,-1,-1,-1,-1,1,1,-1,1,-1,-1,1,-1,1,1,1,1,1,-1,-1,-1,-1,1,-1,-1,-1,-1], length=91 energy=657}
Best result after 805412 ms running: LabsResult{bits=[1,-1,-1,-1,1,-1,-1,-1,1,-1,-1,1,1,-1,-1,1,-1,-1,1,-1,1,-1,-1,-1,1,-1,1,1,1,-1,1,1,-1,1,-1,-1,1,1,1,-1,1,1,-1,1,-1,1,1,1,-1,-1,-1,1,-1,-1,-1,1,1,1,1,-1,-1,-1,-1,-1,1,-1,-1,-1,-1,1,1,-1,1,-1,-1,1,-1,1,1,1,1,1,-1,-1,-1,-1,1,-1,-1,-1,-1], length=91 energy=657}
Best result after 810414 ms running: LabsResult{bits=[1,-1,-1,-1,1,-1,-1,-1,1,-1,-1,1,1,-1,-1,1,-1,-1,1,-1,1,-1,-1,-1,1,-1,1,1,1,-1,1,1,-1,1,-1,-1,1,1,1,-1,1,1,-1,1,-1,1,1,1,-1,-1,-1,1,-1,-1,-1,1,1,1,1,-1,-1,-1,-1,-1,1,-1,-1,-1,-1,1,1,-1,1,-1,-1,1,-1,1,1,1,1,1,-1,-1,-1,-1,1,-1,-1,-1,-1], length=91 energy=657}
Best result after 815416 ms running: LabsResult{bits=[1,-1,-1,-1,1,-1,-1,-1,1,-1,-1,1,1,-1,-1,1,-1,-1,1,-1,1,-1,-1,-1,1,-1,1,1,1,-1,1,1,-1,1,-1,-1,1,1,1,-1,1,1,-1,1,-1,1,1,1,-1,-1,-1,1,-1,-1,-1,1,1,1,1,-1,-1,-1,-1,-1,1,-1,-1,-1,-1,1,1,-1,1,-1,-1,1,-1,1,1,1,1,1,-1,-1,-1,-1,1,-1,-1,-1,-1], length=91 energy=657}
Best result after 820417 ms running: LabsResult{bits=[1,-1,-1,-1,1,-1,-1,-1,1,-1,-1,1,1,-1,-1,1,-1,-1,1,-1,1,-1,-1,-1,1,-1,1,1,1,-1,1,1,-1,1,-1,-1,1,1,1,-1,1,1,-1,1,-1,1,1,1,-1,-1,-1,1,-1,-1,-1,1,1,1,1,-1,-1,-1,-1,-1,1,-1,-1,-1,-1,1,1,-1,1,-1,-1,1,-1,1,1,1,1,1,-1,-1,-1,-1,1,-1,-1,-1,-1], length=91 energy=657}
Best result after 825419 ms running: LabsResult{bits=[1,-1,-1,-1,1,-1,-1,-1,1,-1,-1,1,1,-1,-1,1,-1,-1,1,-1,1,-1,-1,-1,1,-1,1,1,1,-1,1,1,-1,1,-1,-1,1,1,1,-1,1,1,-1,1,-1,1,1,1,-1,-1,-1,1,-1,-1,-1,1,1,1,1,-1,-1,-1,-1,-1,1,-1,-1,-1,-1,1,1,-1,1,-1,-1,1,-1,1,1,1,1,1,-1,-1,-1,-1,1,-1,-1,-1,-1], length=91 energy=657}
Best result after 830421 ms running: LabsResult{bits=[1,-1,-1,-1,1,-1,-1,-1,1,-1,-1,1,1,-1,-1,1,-1,-1,1,-1,1,-1,-1,-1,1,-1,1,1,1,-1,1,1,-1,1,-1,-1,1,1,1,-1,1,1,-1,1,-1,1,1,1,-1,-1,-1,1,-1,-1,-1,1,1,1,1,-1,-1,-1,-1,-1,1,-1,-1,-1,-1,1,1,-1,1,-1,-1,1,-1,1,1,1,1,1,-1,-1,-1,-1,1,-1,-1,-1,-1], length=91 energy=657}
Best result after 835423 ms running: LabsResult{bits=[1,-1,-1,-1,1,-1,-1,-1,1,-1,-1,1,1,-1,-1,1,-1,-1,1,-1,1,-1,-1,-1,1,-1,1,1,1,-1,1,1,-1,1,-1,-1,1,1,1,-1,1,1,-1,1,-1,1,1,1,-1,-1,-1,1,-1,-1,-1,1,1,1,1,-1,-1,-1,-1,-1,1,-1,-1,-1,-1,1,1,-1,1,-1,-1,1,-1,1,1,1,1,1,-1,-1,-1,-1,1,-1,-1,-1,-1], length=91 energy=657}
Best result after 840425 ms running: LabsResult{bits=[1,-1,-1,-1,1,-1,-1,-1,1,-1,-1,1,1,-1,-1,1,-1,-1,1,-1,1,-1,-1,-1,1,-1,1,1,1,-1,1,1,-1,1,-1,-1,1,1,1,-1,1,1,-1,1,-1,1,1,1,-1,-1,-1,1,-1,-1,-1,1,1,1,1,-1,-1,-1,-1,-1,1,-1,-1,-1,-1,1,1,-1,1,-1,-1,1,-1,1,1,1,1,1,-1,-1,-1,-1,1,-1,-1,-1,-1], length=91 energy=657}
Best result after 845426 ms running: LabsResult{bits=[1,-1,-1,-1,1,-1,-1,-1,1,-1,-1,1,1,-1,-1,1,-1,-1,1,-1,1,-1,-1,-1,1,-1,1,1,1,-1,1,1,-1,1,-1,-1,1,1,1,-1,1,1,-1,1,-1,1,1,1,-1,-1,-1,1,-1,-1,-1,1,1,1,1,-1,-1,-1,-1,-1,1,-1,-1,-1,-1,1,1,-1,1,-1,-1,1,-1,1,1,1,1,1,-1,-1,-1,-1,1,-1,-1,-1,-1], length=91 energy=657}
Best result after 850428 ms running: LabsResult{bits=[1,-1,-1,-1,1,-1,-1,-1,1,-1,-1,1,1,-1,-1,1,-1,-1,1,-1,1,-1,-1,-1,1,-1,1,1,1,-1,1,1,-1,1,-1,-1,1,1,1,-1,1,1,-1,1,-1,1,1,1,-1,-1,-1,1,-1,-1,-1,1,1,1,1,-1,-1,-1,-1,-1,1,-1,-1,-1,-1,1,1,-1,1,-1,-1,1,-1,1,1,1,1,1,-1,-1,-1,-1,1,-1,-1,-1,-1], length=91 energy=657}
Best result after 855431 ms running: LabsResult{bits=[1,-1,-1,-1,1,-1,-1,-1,1,-1,-1,1,1,-1,-1,1,-1,-1,1,-1,1,-1,-1,-1,1,-1,1,1,1,-1,1,1,-1,1,-1,-1,1,1,1,-1,1,1,-1,1,-1,1,1,1,-1,-1,-1,1,-1,-1,-1,1,1,1,1,-1,-1,-1,-1,-1,1,-1,-1,-1,-1,1,1,-1,1,-1,-1,1,-1,1,1,1,1,1,-1,-1,-1,-1,1,-1,-1,-1,-1], length=91 energy=657}
Best result after 860432 ms running: LabsResult{bits=[1,-1,-1,-1,1,-1,-1,-1,1,-1,-1,1,1,-1,-1,1,-1,-1,1,-1,1,-1,-1,-1,1,-1,1,1,1,-1,1,1,-1,1,-1,-1,1,1,1,-1,1,1,-1,1,-1,1,1,1,-1,-1,-1,1,-1,-1,-1,1,1,1,1,-1,-1,-1,-1,-1,1,-1,-1,-1,-1,1,1,-1,1,-1,-1,1,-1,1,1,1,1,1,-1,-1,-1,-1,1,-1,-1,-1,-1], length=91 energy=657}
Best result after 865433 ms running: LabsResult{bits=[1,-1,-1,-1,1,-1,-1,-1,1,-1,-1,1,1,-1,-1,1,-1,-1,1,-1,1,-1,-1,-1,1,-1,1,1,1,-1,1,1,-1,1,-1,-1,1,1,1,-1,1,1,-1,1,-1,1,1,1,-1,-1,-1,1,-1,-1,-1,1,1,1,1,-1,-1,-1,-1,-1,1,-1,-1,-1,-1,1,1,-1,1,-1,-1,1,-1,1,1,1,1,1,-1,-1,-1,-1,1,-1,-1,-1,-1], length=91 energy=657}
Best result after 870435 ms running: LabsResult{bits=[1,-1,-1,-1,1,-1,-1,-1,1,-1,-1,1,1,-1,-1,1,-1,-1,1,-1,1,-1,-1,-1,1,-1,1,1,1,-1,1,1,-1,1,-1,-1,1,1,1,-1,1,1,-1,1,-1,1,1,1,-1,-1,-1,1,-1,-1,-1,1,1,1,1,-1,-1,-1,-1,-1,1,-1,-1,-1,-1,1,1,-1,1,-1,-1,1,-1,1,1,1,1,1,-1,-1,-1,-1,1,-1,-1,-1,-1], length=91 energy=657}
Best result after 875436 ms running: LabsResult{bits=[1,-1,-1,-1,1,-1,-1,-1,1,-1,-1,1,1,-1,-1,1,-1,-1,1,-1,1,-1,-1,-1,1,-1,1,1,1,-1,1,1,-1,1,-1,-1,1,1,1,-1,1,1,-1,1,-1,1,1,1,-1,-1,-1,1,-1,-1,-1,1,1,1,1,-1,-1,-1,-1,-1,1,-1,-1,-1,-1,1,1,-1,1,-1,-1,1,-1,1,1,1,1,1,-1,-1,-1,-1,1,-1,-1,-1,-1], length=91 energy=657}
Best result after 880440 ms running: LabsResult{bits=[1,-1,-1,-1,1,-1,-1,-1,1,-1,-1,1,1,-1,-1,1,-1,-1,1,-1,1,-1,-1,-1,1,-1,1,1,1,-1,1,1,-1,1,-1,-1,1,1,1,-1,1,1,-1,1,-1,1,1,1,-1,-1,-1,1,-1,-1,-1,1,1,1,1,-1,-1,-1,-1,-1,1,-1,-1,-1,-1,1,1,-1,1,-1,-1,1,-1,1,1,1,1,1,-1,-1,-1,-1,1,-1,-1,-1,-1], length=91 energy=657}
Best result after 885443 ms running: LabsResult{bits=[1,-1,-1,-1,1,-1,-1,-1,1,-1,-1,1,1,-1,-1,1,-1,-1,1,-1,1,-1,-1,-1,1,-1,1,1,1,-1,1,1,-1,1,-1,-1,1,1,1,-1,1,1,-1,1,-1,1,1,1,-1,-1,-1,1,-1,-1,-1,1,1,1,1,-1,-1,-1,-1,-1,1,-1,-1,-1,-1,1,1,-1,1,-1,-1,1,-1,1,1,1,1,1,-1,-1,-1,-1,1,-1,-1,-1,-1], length=91 energy=657}
Best result after 890445 ms running: LabsResult{bits=[1,-1,-1,-1,1,-1,-1,-1,1,-1,-1,1,1,-1,-1,1,-1,-1,1,-1,1,-1,-1,-1,1,-1,1,1,1,-1,1,1,-1,1,-1,-1,1,1,1,-1,1,1,-1,1,-1,1,1,1,-1,-1,-1,1,-1,-1,-1,1,1,1,1,-1,-1,-1,-1,-1,1,-1,-1,-1,-1,1,1,-1,1,-1,-1,1,-1,1,1,1,1,1,-1,-1,-1,-1,1,-1,-1,-1,-1], length=91 energy=657}
Best result after 895461 ms running: LabsResult{bits=[1,-1,-1,-1,1,-1,-1,-1,1,-1,-1,1,1,-1,-1,1,-1,-1,1,-1,1,-1,-1,-1,1,-1,1,1,1,-1,1,1,-1,1,-1,-1,1,1,1,-1,1,1,-1,1,-1,1,1,1,-1,-1,-1,1,-1,-1,-1,1,1,1,1,-1,-1,-1,-1,-1,1,-1,-1,-1,-1,1,1,-1,1,-1,-1,1,-1,1,1,1,1,1,-1,-1,-1,-1,1,-1,-1,-1,-1], length=91 energy=657}
Best result after 900462 ms running: LabsResult{bits=[1,-1,-1,-1,1,-1,-1,-1,1,-1,-1,1,1,-1,-1,1,-1,-1,1,-1,1,-1,-1,-1,1,-1,1,1,1,-1,1,1,-1,1,-1,-1,1,1,1,-1,1,1,-1,1,-1,1,1,1,-1,-1,-1,1,-1,-1,-1,1,1,1,1,-1,-1,-1,-1,-1,1,-1,-1,-1,-1,1,1,-1,1,-1,-1,1,-1,1,1,1,1,1,-1,-1,-1,-1,1,-1,-1,-1,-1], length=91 energy=657}
Best result after 905464 ms running: LabsResult{bits=[1,-1,-1,-1,1,-1,-1,-1,1,-1,-1,1,1,-1,-1,1,-1,-1,1,-1,1,-1,-1,-1,1,-1,1,1,1,-1,1,1,-1,1,-1,-1,1,1,1,-1,1,1,-1,1,-1,1,1,1,-1,-1,-1,1,-1,-1,-1,1,1,1,1,-1,-1,-1,-1,-1,1,-1,-1,-1,-1,1,1,-1,1,-1,-1,1,-1,1,1,1,1,1,-1,-1,-1,-1,1,-1,-1,-1,-1], length=91 energy=657}
Best result after 910467 ms running: LabsResult{bits=[1,-1,-1,-1,1,-1,-1,-1,1,-1,-1,1,1,-1,-1,1,-1,-1,1,-1,1,-1,-1,-1,1,-1,1,1,1,-1,1,1,-1,1,-1,-1,1,1,1,-1,1,1,-1,1,-1,1,1,1,-1,-1,-1,1,-1,-1,-1,1,1,1,1,-1,-1,-1,-1,-1,1,-1,-1,-1,-1,1,1,-1,1,-1,-1,1,-1,1,1,1,1,1,-1,-1,-1,-1,1,-1,-1,-1,-1], length=91 energy=657}
Best result after 915470 ms running: LabsResult{bits=[1,-1,-1,-1,1,-1,-1,-1,1,-1,-1,1,1,-1,-1,1,-1,-1,1,-1,1,-1,-1,-1,1,-1,1,1,1,-1,1,1,-1,1,-1,-1,1,1,1,-1,1,1,-1,1,-1,1,1,1,-1,-1,-1,1,-1,-1,-1,1,1,1,1,-1,-1,-1,-1,-1,1,-1,-1,-1,-1,1,1,-1,1,-1,-1,1,-1,1,1,1,1,1,-1,-1,-1,-1,1,-1,-1,-1,-1], length=91 energy=657}
Best result after 920472 ms running: LabsResult{bits=[1,-1,-1,-1,1,-1,-1,-1,1,-1,-1,1,1,-1,-1,1,-1,-1,1,-1,1,-1,-1,-1,1,-1,1,1,1,-1,1,1,-1,1,-1,-1,1,1,1,-1,1,1,-1,1,-1,1,1,1,-1,-1,-1,1,-1,-1,-1,1,1,1,1,-1,-1,-1,-1,-1,1,-1,-1,-1,-1,1,1,-1,1,-1,-1,1,-1,1,1,1,1,1,-1,-1,-1,-1,1,-1,-1,-1,-1], length=91 energy=657}
Best result after 925473 ms running: LabsResult{bits=[1,-1,-1,-1,1,-1,-1,-1,1,-1,-1,1,1,-1,-1,1,-1,-1,1,-1,1,-1,-1,-1,1,-1,1,1,1,-1,1,1,-1,1,-1,-1,1,1,1,-1,1,1,-1,1,-1,1,1,1,-1,-1,-1,1,-1,-1,-1,1,1,1,1,-1,-1,-1,-1,-1,1,-1,-1,-1,-1,1,1,-1,1,-1,-1,1,-1,1,1,1,1,1,-1,-1,-1,-1,1,-1,-1,-1,-1], length=91 energy=657}
Best result after 930476 ms running: LabsResult{bits=[1,-1,-1,-1,1,-1,-1,-1,1,-1,-1,1,1,-1,-1,1,-1,-1,1,-1,1,-1,-1,-1,1,-1,1,1,1,-1,1,1,-1,1,-1,-1,1,1,1,-1,1,1,-1,1,-1,1,1,1,-1,-1,-1,1,-1,-1,-1,1,1,1,1,-1,-1,-1,-1,-1,1,-1,-1,-1,-1,1,1,-1,1,-1,-1,1,-1,1,1,1,1,1,-1,-1,-1,-1,1,-1,-1,-1,-1], length=91 energy=657}
Best result after 935478 ms running: LabsResult{bits=[1,-1,-1,-1,1,-1,-1,-1,1,-1,-1,1,1,-1,-1,1,-1,-1,1,-1,1,-1,-1,-1,1,-1,1,1,1,-1,1,1,-1,1,-1,-1,1,1,1,-1,1,1,-1,1,-1,1,1,1,-1,-1,-1,1,-1,-1,-1,1,1,1,1,-1,-1,-1,-1,-1,1,-1,-1,-1,-1,1,1,-1,1,-1,-1,1,-1,1,1,1,1,1,-1,-1,-1,-1,1,-1,-1,-1,-1], length=91 energy=657}
Best result after 940479 ms running: LabsResult{bits=[1,-1,-1,-1,1,-1,-1,-1,1,-1,-1,1,1,-1,-1,1,-1,-1,1,-1,1,-1,-1,-1,1,-1,1,1,1,-1,1,1,-1,1,-1,-1,1,1,1,-1,1,1,-1,1,-1,1,1,1,-1,-1,-1,1,-1,-1,-1,1,1,1,1,-1,-1,-1,-1,-1,1,-1,-1,-1,-1,1,1,-1,1,-1,-1,1,-1,1,1,1,1,1,-1,-1,-1,-1,1,-1,-1,-1,-1], length=91 energy=657}
Best result after 945481 ms running: LabsResult{bits=[1,-1,-1,-1,1,-1,-1,-1,1,-1,-1,1,1,-1,-1,1,-1,-1,1,-1,1,-1,-1,-1,1,-1,1,1,1,-1,1,1,-1,1,-1,-1,1,1,1,-1,1,1,-1,1,-1,1,1,1,-1,-1,-1,1,-1,-1,-1,1,1,1,1,-1,-1,-1,-1,-1,1,-1,-1,-1,-1,1,1,-1,1,-1,-1,1,-1,1,1,1,1,1,-1,-1,-1,-1,1,-1,-1,-1,-1], length=91 energy=657}
Best result after 950483 ms running: LabsResult{bits=[1,-1,-1,-1,1,-1,-1,-1,1,-1,-1,1,1,-1,-1,1,-1,-1,1,-1,1,-1,-1,-1,1,-1,1,1,1,-1,1,1,-1,1,-1,-1,1,1,1,-1,1,1,-1,1,-1,1,1,1,-1,-1,-1,1,-1,-1,-1,1,1,1,1,-1,-1,-1,-1,-1,1,-1,-1,-1,-1,1,1,-1,1,-1,-1,1,-1,1,1,1,1,1,-1,-1,-1,-1,1,-1,-1,-1,-1], length=91 energy=657}
Best result after 955484 ms running: LabsResult{bits=[1,-1,-1,-1,1,-1,-1,-1,1,-1,-1,1,1,-1,-1,1,-1,-1,1,-1,1,-1,-1,-1,1,-1,1,1,1,-1,1,1,-1,1,-1,-1,1,1,1,-1,1,1,-1,1,-1,1,1,1,-1,-1,-1,1,-1,-1,-1,1,1,1,1,-1,-1,-1,-1,-1,1,-1,-1,-1,-1,1,1,-1,1,-1,-1,1,-1,1,1,1,1,1,-1,-1,-1,-1,1,-1,-1,-1,-1], length=91 energy=657}
Best result after 960486 ms running: LabsResult{bits=[1,-1,-1,-1,1,-1,-1,-1,1,-1,-1,1,1,-1,-1,1,-1,-1,1,-1,1,-1,-1,-1,1,-1,1,1,1,-1,1,1,-1,1,-1,-1,1,1,1,-1,1,1,-1,1,-1,1,1,1,-1,-1,-1,1,-1,-1,-1,1,1,1,1,-1,-1,-1,-1,-1,1,-1,-1,-1,-1,1,1,-1,1,-1,-1,1,-1,1,1,1,1,1,-1,-1,-1,-1,1,-1,-1,-1,-1], length=91 energy=657}
Best result after 965487 ms running: LabsResult{bits=[1,-1,-1,-1,1,-1,-1,-1,1,-1,-1,1,1,-1,-1,1,-1,-1,1,-1,1,-1,-1,-1,1,-1,1,1,1,-1,1,1,-1,1,-1,-1,1,1,1,-1,1,1,-1,1,-1,1,1,1,-1,-1,-1,1,-1,-1,-1,1,1,1,1,-1,-1,-1,-1,-1,1,-1,-1,-1,-1,1,1,-1,1,-1,-1,1,-1,1,1,1,1,1,-1,-1,-1,-1,1,-1,-1,-1,-1], length=91 energy=657}
Best result after 970489 ms running: LabsResult{bits=[1,-1,-1,-1,1,-1,-1,-1,1,-1,-1,1,1,-1,-1,1,-1,-1,1,-1,1,-1,-1,-1,1,-1,1,1,1,-1,1,1,-1,1,-1,-1,1,1,1,-1,1,1,-1,1,-1,1,1,1,-1,-1,-1,1,-1,-1,-1,1,1,1,1,-1,-1,-1,-1,-1,1,-1,-1,-1,-1,1,1,-1,1,-1,-1,1,-1,1,1,1,1,1,-1,-1,-1,-1,1,-1,-1,-1,-1], length=91 energy=657}
Best result after 975491 ms running: LabsResult{bits=[1,-1,-1,-1,1,-1,-1,-1,1,-1,-1,1,1,-1,-1,1,-1,-1,1,-1,1,-1,-1,-1,1,-1,1,1,1,-1,1,1,-1,1,-1,-1,1,1,1,-1,1,1,-1,1,-1,1,1,1,-1,-1,-1,1,-1,-1,-1,1,1,1,1,-1,-1,-1,-1,-1,1,-1,-1,-1,-1,1,1,-1,1,-1,-1,1,-1,1,1,1,1,1,-1,-1,-1,-1,1,-1,-1,-1,-1], length=91 energy=657}
Best result after 980492 ms running: LabsResult{bits=[1,-1,-1,-1,1,-1,-1,-1,1,-1,-1,1,1,-1,-1,1,-1,-1,1,-1,1,-1,-1,-1,1,-1,1,1,1,-1,1,1,-1,1,-1,-1,1,1,1,-1,1,1,-1,1,-1,1,1,1,-1,-1,-1,1,-1,-1,-1,1,1,1,1,-1,-1,-1,-1,-1,1,-1,-1,-1,-1,1,1,-1,1,-1,-1,1,-1,1,1,1,1,1,-1,-1,-1,-1,1,-1,-1,-1,-1], length=91 energy=657}
Best result after 985494 ms running: LabsResult{bits=[1,-1,-1,-1,1,-1,-1,-1,1,-1,-1,1,1,-1,-1,1,-1,-1,1,-1,1,-1,-1,-1,1,-1,1,1,1,-1,1,1,-1,1,-1,-1,1,1,1,-1,1,1,-1,1,-1,1,1,1,-1,-1,-1,1,-1,-1,-1,1,1,1,1,-1,-1,-1,-1,-1,1,-1,-1,-1,-1,1,1,-1,1,-1,-1,1,-1,1,1,1,1,1,-1,-1,-1,-1,1,-1,-1,-1,-1], length=91 energy=657}
Best result after 990496 ms running: LabsResult{bits=[1,-1,-1,-1,1,-1,-1,-1,1,-1,-1,1,1,-1,-1,1,-1,-1,1,-1,1,-1,-1,-1,1,-1,1,1,1,-1,1,1,-1,1,-1,-1,1,1,1,-1,1,1,-1,1,-1,1,1,1,-1,-1,-1,1,-1,-1,-1,1,1,1,1,-1,-1,-1,-1,-1,1,-1,-1,-1,-1,1,1,-1,1,-1,-1,1,-1,1,1,1,1,1,-1,-1,-1,-1,1,-1,-1,-1,-1], length=91 energy=657}
Best result after 995498 ms running: LabsResult{bits=[1,-1,-1,-1,1,-1,-1,-1,1,-1,-1,1,1,-1,-1,1,-1,-1,1,-1,1,-1,-1,-1,1,-1,1,1,1,-1,1,1,-1,1,-1,-1,1,1,1,-1,1,1,-1,1,-1,1,1,1,-1,-1,-1,1,-1,-1,-1,1,1,1,1,-1,-1,-1,-1,-1,1,-1,-1,-1,-1,1,1,-1,1,-1,-1,1,-1,1,1,1,1,1,-1,-1,-1,-1,1,-1,-1,-1,-1], length=91 energy=657}
Best result after 1000502 ms running: LabsResult{bits=[1,-1,-1,-1,1,-1,-1,-1,1,-1,-1,1,1,-1,-1,1,-1,-1,1,-1,1,-1,-1,-1,1,-1,1,1,1,-1,1,1,-1,1,-1,-1,1,1,1,-1,1,1,-1,1,-1,1,1,1,-1,-1,-1,1,-1,-1,-1,1,1,1,1,-1,-1,-1,-1,-1,1,-1,-1,-1,-1,1,1,-1,1,-1,-1,1,-1,1,1,1,1,1,-1,-1,-1,-1,1,-1,-1,-1,-1], length=91 energy=657}
Best result after 1005504 ms running: LabsResult{bits=[1,-1,-1,-1,1,-1,-1,-1,1,-1,-1,1,1,-1,-1,1,-1,-1,1,-1,1,-1,-1,-1,1,-1,1,1,1,-1,1,1,-1,1,-1,-1,1,1,1,-1,1,1,-1,1,-1,1,1,1,-1,-1,-1,1,-1,-1,-1,1,1,1,1,-1,-1,-1,-1,-1,1,-1,-1,-1,-1,1,1,-1,1,-1,-1,1,-1,1,1,1,1,1,-1,-1,-1,-1,1,-1,-1,-1,-1], length=91 energy=657}
Best result after 1010510 ms running: LabsResult{bits=[1,-1,-1,-1,1,-1,-1,-1,1,-1,-1,1,1,-1,-1,1,-1,-1,1,-1,1,-1,-1,-1,1,-1,1,1,1,-1,1,1,-1,1,-1,-1,1,1,1,-1,1,1,-1,1,-1,1,1,1,-1,-1,-1,1,-1,-1,-1,1,1,1,1,-1,-1,-1,-1,-1,1,-1,-1,-1,-1,1,1,-1,1,-1,-1,1,-1,1,1,1,1,1,-1,-1,-1,-1,1,-1,-1,-1,-1], length=91 energy=657}
Best result after 1015512 ms running: LabsResult{bits=[1,-1,-1,-1,1,-1,-1,-1,1,-1,-1,1,1,-1,-1,1,-1,-1,1,-1,1,-1,-1,-1,1,-1,1,1,1,-1,1,1,-1,1,-1,-1,1,1,1,-1,1,1,-1,1,-1,1,1,1,-1,-1,-1,1,-1,-1,-1,1,1,1,1,-1,-1,-1,-1,-1,1,-1,-1,-1,-1,1,1,-1,1,-1,-1,1,-1,1,1,1,1,1,-1,-1,-1,-1,1,-1,-1,-1,-1], length=91 energy=657}
Best result after 1020514 ms running: LabsResult{bits=[1,-1,-1,-1,1,-1,-1,-1,1,-1,-1,1,1,-1,-1,1,-1,-1,1,-1,1,-1,-1,-1,1,-1,1,1,1,-1,1,1,-1,1,-1,-1,1,1,1,-1,1,1,-1,1,-1,1,1,1,-1,-1,-1,1,-1,-1,-1,1,1,1,1,-1,-1,-1,-1,-1,1,-1,-1,-1,-1,1,1,-1,1,-1,-1,1,-1,1,1,1,1,1,-1,-1,-1,-1,1,-1,-1,-1,-1], length=91 energy=657}
Best result after 1025516 ms running: LabsResult{bits=[1,-1,-1,-1,1,-1,-1,-1,1,-1,-1,1,1,-1,-1,1,-1,-1,1,-1,1,-1,-1,-1,1,-1,1,1,1,-1,1,1,-1,1,-1,-1,1,1,1,-1,1,1,-1,1,-1,1,1,1,-1,-1,-1,1,-1,-1,-1,1,1,1,1,-1,-1,-1,-1,-1,1,-1,-1,-1,-1,1,1,-1,1,-1,-1,1,-1,1,1,1,1,1,-1,-1,-1,-1,1,-1,-1,-1,-1], length=91 energy=657}
Best result after 1030522 ms running: LabsResult{bits=[1,-1,-1,-1,1,-1,-1,-1,1,-1,-1,1,1,-1,-1,1,-1,-1,1,-1,1,-1,-1,-1,1,-1,1,1,1,-1,1,1,-1,1,-1,-1,1,1,1,-1,1,1,-1,1,-1,1,1,1,-1,-1,-1,1,-1,-1,-1,1,1,1,1,-1,-1,-1,-1,-1,1,-1,-1,-1,-1,1,1,-1,1,-1,-1,1,-1,1,1,1,1,1,-1,-1,-1,-1,1,-1,-1,-1,-1], length=91 energy=657}
Best result after 1035523 ms running: LabsResult{bits=[1,-1,-1,-1,1,-1,-1,-1,1,-1,-1,1,1,-1,-1,1,-1,-1,1,-1,1,-1,-1,-1,1,-1,1,1,1,-1,1,1,-1,1,-1,-1,1,1,1,-1,1,1,-1,1,-1,1,1,1,-1,-1,-1,1,-1,-1,-1,1,1,1,1,-1,-1,-1,-1,-1,1,-1,-1,-1,-1,1,1,-1,1,-1,-1,1,-1,1,1,1,1,1,-1,-1,-1,-1,1,-1,-1,-1,-1], length=91 energy=657}
Best result after 1040525 ms running: LabsResult{bits=[1,-1,-1,-1,1,-1,-1,-1,1,-1,-1,1,1,-1,-1,1,-1,-1,1,-1,1,-1,-1,-1,1,-1,1,1,1,-1,1,1,-1,1,-1,-1,1,1,1,-1,1,1,-1,1,-1,1,1,1,-1,-1,-1,1,-1,-1,-1,1,1,1,1,-1,-1,-1,-1,-1,1,-1,-1,-1,-1,1,1,-1,1,-1,-1,1,-1,1,1,1,1,1,-1,-1,-1,-1,1,-1,-1,-1,-1], length=91 energy=657}
Best result after 1045527 ms running: LabsResult{bits=[1,-1,-1,-1,1,-1,-1,-1,1,-1,-1,1,1,-1,-1,1,-1,-1,1,-1,1,-1,-1,-1,1,-1,1,1,1,-1,1,1,-1,1,-1,-1,1,1,1,-1,1,1,-1,1,-1,1,1,1,-1,-1,-1,1,-1,-1,-1,1,1,1,1,-1,-1,-1,-1,-1,1,-1,-1,-1,-1,1,1,-1,1,-1,-1,1,-1,1,1,1,1,1,-1,-1,-1,-1,1,-1,-1,-1,-1], length=91 energy=657}
Best result after 1050528 ms running: LabsResult{bits=[1,-1,-1,-1,1,-1,-1,-1,1,-1,-1,1,1,-1,-1,1,-1,-1,1,-1,1,-1,-1,-1,1,-1,1,1,1,-1,1,1,-1,1,-1,-1,1,1,1,-1,1,1,-1,1,-1,1,1,1,-1,-1,-1,1,-1,-1,-1,1,1,1,1,-1,-1,-1,-1,-1,1,-1,-1,-1,-1,1,1,-1,1,-1,-1,1,-1,1,1,1,1,1,-1,-1,-1,-1,1,-1,-1,-1,-1], length=91 energy=657}
Best result after 1055530 ms running: LabsResult{bits=[1,-1,-1,-1,1,-1,-1,-1,1,-1,-1,1,1,-1,-1,1,-1,-1,1,-1,1,-1,-1,-1,1,-1,1,1,1,-1,1,1,-1,1,-1,-1,1,1,1,-1,1,1,-1,1,-1,1,1,1,-1,-1,-1,1,-1,-1,-1,1,1,1,1,-1,-1,-1,-1,-1,1,-1,-1,-1,-1,1,1,-1,1,-1,-1,1,-1,1,1,1,1,1,-1,-1,-1,-1,1,-1,-1,-1,-1], length=91 energy=657}
Best result after 1060532 ms running: LabsResult{bits=[1,-1,-1,-1,1,-1,-1,-1,1,-1,-1,1,1,-1,-1,1,-1,-1,1,-1,1,-1,-1,-1,1,-1,1,1,1,-1,1,1,-1,1,-1,-1,1,1,1,-1,1,1,-1,1,-1,1,1,1,-1,-1,-1,1,-1,-1,-1,1,1,1,1,-1,-1,-1,-1,-1,1,-1,-1,-1,-1,1,1,-1,1,-1,-1,1,-1,1,1,1,1,1,-1,-1,-1,-1,1,-1,-1,-1,-1], length=91 energy=657}
Best result after 1065533 ms running: LabsResult{bits=[1,-1,-1,-1,1,-1,-1,-1,1,-1,-1,1,1,-1,-1,1,-1,-1,1,-1,1,-1,-1,-1,1,-1,1,1,1,-1,1,1,-1,1,-1,-1,1,1,1,-1,1,1,-1,1,-1,1,1,1,-1,-1,-1,1,-1,-1,-1,1,1,1,1,-1,-1,-1,-1,-1,1,-1,-1,-1,-1,1,1,-1,1,-1,-1,1,-1,1,1,1,1,1,-1,-1,-1,-1,1,-1,-1,-1,-1], length=91 energy=657}
Best result after 1070535 ms running: LabsResult{bits=[1,-1,-1,-1,1,-1,-1,-1,1,-1,-1,1,1,-1,-1,1,-1,-1,1,-1,1,-1,-1,-1,1,-1,1,1,1,-1,1,1,-1,1,-1,-1,1,1,1,-1,1,1,-1,1,-1,1,1,1,-1,-1,-1,1,-1,-1,-1,1,1,1,1,-1,-1,-1,-1,-1,1,-1,-1,-1,-1,1,1,-1,1,-1,-1,1,-1,1,1,1,1,1,-1,-1,-1,-1,1,-1,-1,-1,-1], length=91 energy=657}
Best result after 1075538 ms running: LabsResult{bits=[1,-1,-1,-1,1,-1,-1,-1,1,-1,-1,1,1,-1,-1,1,-1,-1,1,-1,1,-1,-1,-1,1,-1,1,1,1,-1,1,1,-1,1,-1,-1,1,1,1,-1,1,1,-1,1,-1,1,1,1,-1,-1,-1,1,-1,-1,-1,1,1,1,1,-1,-1,-1,-1,-1,1,-1,-1,-1,-1,1,1,-1,1,-1,-1,1,-1,1,1,1,1,1,-1,-1,-1,-1,1,-1,-1,-1,-1], length=91 energy=657}
Best result after 1080542 ms running: LabsResult{bits=[1,-1,-1,-1,1,-1,-1,-1,1,-1,-1,1,1,-1,-1,1,-1,-1,1,-1,1,-1,-1,-1,1,-1,1,1,1,-1,1,1,-1,1,-1,-1,1,1,1,-1,1,1,-1,1,-1,1,1,1,-1,-1,-1,1,-1,-1,-1,1,1,1,1,-1,-1,-1,-1,-1,1,-1,-1,-1,-1,1,1,-1,1,-1,-1,1,-1,1,1,1,1,1,-1,-1,-1,-1,1,-1,-1,-1,-1], length=91 energy=657}
Best result after 1085544 ms running: LabsResult{bits=[1,-1,-1,-1,1,-1,-1,-1,1,-1,-1,1,1,-1,-1,1,-1,-1,1,-1,1,-1,-1,-1,1,-1,1,1,1,-1,1,1,-1,1,-1,-1,1,1,1,-1,1,1,-1,1,-1,1,1,1,-1,-1,-1,1,-1,-1,-1,1,1,1,1,-1,-1,-1,-1,-1,1,-1,-1,-1,-1,1,1,-1,1,-1,-1,1,-1,1,1,1,1,1,-1,-1,-1,-1,1,-1,-1,-1,-1], length=91 energy=657}
Best result after 1090545 ms running: LabsResult{bits=[1,-1,-1,-1,1,-1,-1,-1,1,-1,-1,1,1,-1,-1,1,-1,-1,1,-1,1,-1,-1,-1,1,-1,1,1,1,-1,1,1,-1,1,-1,-1,1,1,1,-1,1,1,-1,1,-1,1,1,1,-1,-1,-1,1,-1,-1,-1,1,1,1,1,-1,-1,-1,-1,-1,1,-1,-1,-1,-1,1,1,-1,1,-1,-1,1,-1,1,1,1,1,1,-1,-1,-1,-1,1,-1,-1,-1,-1], length=91 energy=657}
Best result after 1095547 ms running: LabsResult{bits=[1,-1,-1,-1,1,-1,-1,-1,1,-1,-1,1,1,-1,-1,1,-1,-1,1,-1,1,-1,-1,-1,1,-1,1,1,1,-1,1,1,-1,1,-1,-1,1,1,1,-1,1,1,-1,1,-1,1,1,1,-1,-1,-1,1,-1,-1,-1,1,1,1,1,-1,-1,-1,-1,-1,1,-1,-1,-1,-1,1,1,-1,1,-1,-1,1,-1,1,1,1,1,1,-1,-1,-1,-1,1,-1,-1,-1,-1], length=91 energy=657}
Best result after 1100549 ms running: LabsResult{bits=[1,-1,-1,-1,1,-1,-1,-1,1,-1,-1,1,1,-1,-1,1,-1,-1,1,-1,1,-1,-1,-1,1,-1,1,1,1,-1,1,1,-1,1,-1,-1,1,1,1,-1,1,1,-1,1,-1,1,1,1,-1,-1,-1,1,-1,-1,-1,1,1,1,1,-1,-1,-1,-1,-1,1,-1,-1,-1,-1,1,1,-1,1,-1,-1,1,-1,1,1,1,1,1,-1,-1,-1,-1,1,-1,-1,-1,-1], length=91 energy=657}
Best result after 1105550 ms running: LabsResult{bits=[1,-1,-1,-1,1,-1,-1,-1,1,-1,-1,1,1,-1,-1,1,-1,-1,1,-1,1,-1,-1,-1,1,-1,1,1,1,-1,1,1,-1,1,-1,-1,1,1,1,-1,1,1,-1,1,-1,1,1,1,-1,-1,-1,1,-1,-1,-1,1,1,1,1,-1,-1,-1,-1,-1,1,-1,-1,-1,-1,1,1,-1,1,-1,-1,1,-1,1,1,1,1,1,-1,-1,-1,-1,1,-1,-1,-1,-1], length=91 energy=657}
Best result after 1110552 ms running: LabsResult{bits=[1,-1,-1,-1,1,-1,-1,-1,1,-1,-1,1,1,-1,-1,1,-1,-1,1,-1,1,-1,-1,-1,1,-1,1,1,1,-1,1,1,-1,1,-1,-1,1,1,1,-1,1,1,-1,1,-1,1,1,1,-1,-1,-1,1,-1,-1,-1,1,1,1,1,-1,-1,-1,-1,-1,1,-1,-1,-1,-1,1,1,-1,1,-1,-1,1,-1,1,1,1,1,1,-1,-1,-1,-1,1,-1,-1,-1,-1], length=91 energy=657}
Best result after 1115554 ms running: LabsResult{bits=[1,-1,-1,-1,1,-1,-1,-1,1,-1,-1,1,1,-1,-1,1,-1,-1,1,-1,1,-1,-1,-1,1,-1,1,1,1,-1,1,1,-1,1,-1,-1,1,1,1,-1,1,1,-1,1,-1,1,1,1,-1,-1,-1,1,-1,-1,-1,1,1,1,1,-1,-1,-1,-1,-1,1,-1,-1,-1,-1,1,1,-1,1,-1,-1,1,-1,1,1,1,1,1,-1,-1,-1,-1,1,-1,-1,-1,-1], length=91 energy=657}
Best result after 1120555 ms running: LabsResult{bits=[1,-1,-1,-1,1,-1,-1,-1,1,-1,-1,1,1,-1,-1,1,-1,-1,1,-1,1,-1,-1,-1,1,-1,1,1,1,-1,1,1,-1,1,-1,-1,1,1,1,-1,1,1,-1,1,-1,1,1,1,-1,-1,-1,1,-1,-1,-1,1,1,1,1,-1,-1,-1,-1,-1,1,-1,-1,-1,-1,1,1,-1,1,-1,-1,1,-1,1,1,1,1,1,-1,-1,-1,-1,1,-1,-1,-1,-1], length=91 energy=657}
Best result after 1125557 ms running: LabsResult{bits=[1,-1,-1,-1,1,-1,-1,-1,1,-1,-1,1,1,-1,-1,1,-1,-1,1,-1,1,-1,-1,-1,1,-1,1,1,1,-1,1,1,-1,1,-1,-1,1,1,1,-1,1,1,-1,1,-1,1,1,1,-1,-1,-1,1,-1,-1,-1,1,1,1,1,-1,-1,-1,-1,-1,1,-1,-1,-1,-1,1,1,-1,1,-1,-1,1,-1,1,1,1,1,1,-1,-1,-1,-1,1,-1,-1,-1,-1], length=91 energy=657}
Best result after 1130558 ms running: LabsResult{bits=[1,-1,-1,-1,1,-1,-1,-1,1,-1,-1,1,1,-1,-1,1,-1,-1,1,-1,1,-1,-1,-1,1,-1,1,1,1,-1,1,1,-1,1,-1,-1,1,1,1,-1,1,1,-1,1,-1,1,1,1,-1,-1,-1,1,-1,-1,-1,1,1,1,1,-1,-1,-1,-1,-1,1,-1,-1,-1,-1,1,1,-1,1,-1,-1,1,-1,1,1,1,1,1,-1,-1,-1,-1,1,-1,-1,-1,-1], length=91 energy=657}
Best result after 1135560 ms running: LabsResult{bits=[1,-1,-1,-1,1,-1,-1,-1,1,-1,-1,1,1,-1,-1,1,-1,-1,1,-1,1,-1,-1,-1,1,-1,1,1,1,-1,1,1,-1,1,-1,-1,1,1,1,-1,1,1,-1,1,-1,1,1,1,-1,-1,-1,1,-1,-1,-1,1,1,1,1,-1,-1,-1,-1,-1,1,-1,-1,-1,-1,1,1,-1,1,-1,-1,1,-1,1,1,1,1,1,-1,-1,-1,-1,1,-1,-1,-1,-1], length=91 energy=657}
Best result after 1140562 ms running: LabsResult{bits=[1,-1,-1,-1,1,-1,-1,-1,1,-1,-1,1,1,-1,-1,1,-1,-1,1,-1,1,-1,-1,-1,1,-1,1,1,1,-1,1,1,-1,1,-1,-1,1,1,1,-1,1,1,-1,1,-1,1,1,1,-1,-1,-1,1,-1,-1,-1,1,1,1,1,-1,-1,-1,-1,-1,1,-1,-1,-1,-1,1,1,-1,1,-1,-1,1,-1,1,1,1,1,1,-1,-1,-1,-1,1,-1,-1,-1,-1], length=91 energy=657}
Best result after 1145563 ms running: LabsResult{bits=[1,-1,-1,-1,1,-1,-1,-1,1,-1,-1,1,1,-1,-1,1,-1,-1,1,-1,1,-1,-1,-1,1,-1,1,1,1,-1,1,1,-1,1,-1,-1,1,1,1,-1,1,1,-1,1,-1,1,1,1,-1,-1,-1,1,-1,-1,-1,1,1,1,1,-1,-1,-1,-1,-1,1,-1,-1,-1,-1,1,1,-1,1,-1,-1,1,-1,1,1,1,1,1,-1,-1,-1,-1,1,-1,-1,-1,-1], length=91 energy=657}
Best result after 1150567 ms running: LabsResult{bits=[1,-1,-1,-1,1,-1,-1,-1,1,-1,-1,1,1,-1,-1,1,-1,-1,1,-1,1,-1,-1,-1,1,-1,1,1,1,-1,1,1,-1,1,-1,-1,1,1,1,-1,1,1,-1,1,-1,1,1,1,-1,-1,-1,1,-1,-1,-1,1,1,1,1,-1,-1,-1,-1,-1,1,-1,-1,-1,-1,1,1,-1,1,-1,-1,1,-1,1,1,1,1,1,-1,-1,-1,-1,1,-1,-1,-1,-1], length=91 energy=657}
Best result after 1155568 ms running: LabsResult{bits=[1,-1,-1,-1,1,-1,-1,-1,1,-1,-1,1,1,-1,-1,1,-1,-1,1,-1,1,-1,-1,-1,1,-1,1,1,1,-1,1,1,-1,1,-1,-1,1,1,1,-1,1,1,-1,1,-1,1,1,1,-1,-1,-1,1,-1,-1,-1,1,1,1,1,-1,-1,-1,-1,-1,1,-1,-1,-1,-1,1,1,-1,1,-1,-1,1,-1,1,1,1,1,1,-1,-1,-1,-1,1,-1,-1,-1,-1], length=91 energy=657}
Best result after 1160570 ms running: LabsResult{bits=[1,-1,-1,-1,1,-1,-1,-1,1,-1,-1,1,1,-1,-1,1,-1,-1,1,-1,1,-1,-1,-1,1,-1,1,1,1,-1,1,1,-1,1,-1,-1,1,1,1,-1,1,1,-1,1,-1,1,1,1,-1,-1,-1,1,-1,-1,-1,1,1,1,1,-1,-1,-1,-1,-1,1,-1,-1,-1,-1,1,1,-1,1,-1,-1,1,-1,1,1,1,1,1,-1,-1,-1,-1,1,-1,-1,-1,-1], length=91 energy=657}
Best result after 1165572 ms running: LabsResult{bits=[1,-1,-1,-1,1,-1,-1,-1,1,-1,-1,1,1,-1,-1,1,-1,-1,1,-1,1,-1,-1,-1,1,-1,1,1,1,-1,1,1,-1,1,-1,-1,1,1,1,-1,1,1,-1,1,-1,1,1,1,-1,-1,-1,1,-1,-1,-1,1,1,1,1,-1,-1,-1,-1,-1,1,-1,-1,-1,-1,1,1,-1,1,-1,-1,1,-1,1,1,1,1,1,-1,-1,-1,-1,1,-1,-1,-1,-1], length=91 energy=657}
Best result after 1170574 ms running: LabsResult{bits=[1,-1,-1,-1,1,-1,-1,-1,1,-1,-1,1,1,-1,-1,1,-1,-1,1,-1,1,-1,-1,-1,1,-1,1,1,1,-1,1,1,-1,1,-1,-1,1,1,1,-1,1,1,-1,1,-1,1,1,1,-1,-1,-1,1,-1,-1,-1,1,1,1,1,-1,-1,-1,-1,-1,1,-1,-1,-1,-1,1,1,-1,1,-1,-1,1,-1,1,1,1,1,1,-1,-1,-1,-1,1,-1,-1,-1,-1], length=91 energy=657}
Best result after 1175576 ms running: LabsResult{bits=[1,-1,-1,-1,1,-1,-1,-1,1,-1,-1,1,1,-1,-1,1,-1,-1,1,-1,1,-1,-1,-1,1,-1,1,1,1,-1,1,1,-1,1,-1,-1,1,1,1,-1,1,1,-1,1,-1,1,1,1,-1,-1,-1,1,-1,-1,-1,1,1,1,1,-1,-1,-1,-1,-1,1,-1,-1,-1,-1,1,1,-1,1,-1,-1,1,-1,1,1,1,1,1,-1,-1,-1,-1,1,-1,-1,-1,-1], length=91 energy=657}
Best result after 1180577 ms running: LabsResult{bits=[1,-1,-1,-1,1,-1,-1,-1,1,-1,-1,1,1,-1,-1,1,-1,-1,1,-1,1,-1,-1,-1,1,-1,1,1,1,-1,1,1,-1,1,-1,-1,1,1,1,-1,1,1,-1,1,-1,1,1,1,-1,-1,-1,1,-1,-1,-1,1,1,1,1,-1,-1,-1,-1,-1,1,-1,-1,-1,-1,1,1,-1,1,-1,-1,1,-1,1,1,1,1,1,-1,-1,-1,-1,1,-1,-1,-1,-1], length=91 energy=657}
Best result after 1185579 ms running: LabsResult{bits=[1,-1,-1,-1,1,-1,-1,-1,1,-1,-1,1,1,-1,-1,1,-1,-1,1,-1,1,-1,-1,-1,1,-1,1,1,1,-1,1,1,-1,1,-1,-1,1,1,1,-1,1,1,-1,1,-1,1,1,1,-1,-1,-1,1,-1,-1,-1,1,1,1,1,-1,-1,-1,-1,-1,1,-1,-1,-1,-1,1,1,-1,1,-1,-1,1,-1,1,1,1,1,1,-1,-1,-1,-1,1,-1,-1,-1,-1], length=91 energy=657}
Best result after 1190581 ms running: LabsResult{bits=[1,-1,-1,-1,1,-1,-1,-1,1,-1,-1,1,1,-1,-1,1,-1,-1,1,-1,1,-1,-1,-1,1,-1,1,1,1,-1,1,1,-1,1,-1,-1,1,1,1,-1,1,1,-1,1,-1,1,1,1,-1,-1,-1,1,-1,-1,-1,1,1,1,1,-1,-1,-1,-1,-1,1,-1,-1,-1,-1,1,1,-1,1,-1,-1,1,-1,1,1,1,1,1,-1,-1,-1,-1,1,-1,-1,-1,-1], length=91 energy=657}
Best result after 1195583 ms running: LabsResult{bits=[1,-1,-1,-1,1,-1,-1,-1,1,-1,-1,1,1,-1,-1,1,-1,-1,1,-1,1,-1,-1,-1,1,-1,1,1,1,-1,1,1,-1,1,-1,-1,1,1,1,-1,1,1,-1,1,-1,1,1,1,-1,-1,-1,1,-1,-1,-1,1,1,1,1,-1,-1,-1,-1,-1,1,-1,-1,-1,-1,1,1,-1,1,-1,-1,1,-1,1,1,1,1,1,-1,-1,-1,-1,1,-1,-1,-1,-1], length=91 energy=657}
Best result after 1200000 ms running: LabsResult{bits=[1,-1,-1,-1,1,-1,-1,-1,1,-1,-1,1,1,-1,-1,1,-1,-1,1,-1,1,-1,-1,-1,1,-1,1,1,1,-1,1,1,-1,1,-1,-1,1,1,1,-1,1,1,-1,1,-1,1,1,1,-1,-1,-1,1,-1,-1,-1,1,1,1,1,-1,-1,-1,-1,-1,1,-1,-1,-1,-1,1,1,-1,1,-1,-1,1,-1,1,1,1,1,1,-1,-1,-1,-1,1,-1,-1,-1,-1], length=91 energy=657}
Best result: LabsResult{bits=[1,-1,-1,-1,1,-1,-1,-1,1,-1,-1,1,1,-1,-1,1,-1,-1,1,-1,1,-1,-1,-1,1,-1,1,1,1,-1,1,1,-1,1,-1,-1,1,1,1,-1,1,1,-1,1,-1,1,1,1,-1,-1,-1,1,-1,-1,-1,1,1,1,1,-1,-1,-1,-1,-1,1,-1,-1,-1,-1,1,1,-1,1,-1,-1,1,-1,1,1,1,1,1,-1,-1,-1,-1,1,-1,-1,-1,-1], length=91 energy=657}