Best result after 5000 ms running: LabsResult{bits=[1,-1,-1,-1,-1,1,1,1,1,1,1,-1,-1,-1,1,-1,1,1,-1,-1,1,1,1,-1,1,1,-1,-1,1,-1,-1,1,-1,-1,1,-1,1,1,1,-1,1,-1,1,1,1,-1,-1,1,-1,1,-1,-1,-1,1,-1,1,1,1,1,-1,1,1,1,1,-1,1,1,1,1,-1,1], length=71 energy=423}
Best result after 10030 ms running: LabsResult{bits=[-1,1,-1,1,-1,-1,-1,-1,-1,-1,-1,-1,-1,1,-1,1,-1,1,1,1,1,-1,1,-1,1,-1,-1,-1,1,1,1,-1,-1,-1,1,1,-1,1,-1,-1,-1,-1,1,1,1,-1,-1,1,-1,-1,1,-1,1,1,-1,1,1,-1,-1,-1,1,-1,-1,1,1,-1,1,1,-1,-1,1], length=71 energy=379}
Best result after 15032 ms running: LabsResult{bits=[-1,1,-1,1,-1,-1,-1,-1,-1,-1,-1,-1,-1,1,-1,1,-1,1,1,1,1,-1,1,-1,1,-1,-1,-1,1,1,1,-1,-1,-1,1,1,-1,1,-1,-1,-1,-1,1,1,1,-1,-1,1,-1,-1,1,-1,1,1,-1,1,1,-1,-1,-1,1,-1,-1,1,1,-1,1,1,-1,-1,1], length=71 energy=379}
Best result after 20036 ms running: LabsResult{bits=[-1,1,-1,1,-1,-1,-1,-1,-1,-1,-1,-1,-1,1,-1,1,-1,1,1,1,1,-1,1,-1,1,-1,-1,-1,1,1,1,-1,-1,-1,1,1,-1,1,-1,-1,-1,-1,1,1,1,-1,-1,1,-1,-1,1,-1,1,1,-1,1,1,-1,-1,-1,1,-1,-1,1,1,-1,1,1,-1,-1,1], length=71 energy=379}
Best result after 25037 ms running: LabsResult{bits=[-1,1,-1,1,-1,-1,-1,-1,-1,-1,-1,-1,-1,1,-1,1,-1,1,1,1,1,-1,1,-1,1,-1,-1,-1,1,1,1,-1,-1,-1,1,1,-1,1,-1,-1,-1,-1,1,1,1,-1,-1,1,-1,-1,1,-1,1,1,-1,1,1,-1,-1,-1,1,-1,-1,1,1,-1,1,1,-1,-1,1], length=71 energy=379}
Best result after 30039 ms running: LabsResult{bits=[-1,1,-1,1,-1,-1,-1,-1,-1,-1,-1,-1,-1,1,-1,1,-1,1,1,1,1,-1,1,-1,1,-1,-1,-1,1,1,1,-1,-1,-1,1,1,-1,1,-1,-1,-1,-1,1,1,1,-1,-1,1,-1,-1,1,-1,1,1,-1,1,1,-1,-1,-1,1,-1,-1,1,1,-1,1,1,-1,-1,1], length=71 energy=379}
Best result after 35042 ms running: LabsResult{bits=[-1,1,-1,1,-1,-1,-1,-1,-1,-1,-1,-1,-1,1,-1,1,-1,1,1,1,1,-1,1,-1,1,-1,-1,-1,1,1,1,-1,-1,-1,1,1,-1,1,-1,-1,-1,-1,1,1,1,-1,-1,1,-1,-1,1,-1,1,1,-1,1,1,-1,-1,-1,1,-1,-1,1,1,-1,1,1,-1,-1,1], length=71 energy=379}
Best result after 40044 ms running: LabsResult{bits=[-1,1,-1,1,-1,-1,-1,-1,-1,-1,-1,-1,-1,1,-1,1,-1,1,1,1,1,-1,1,-1,1,-1,-1,-1,1,1,1,-1,-1,-1,1,1,-1,1,-1,-1,-1,-1,1,1,1,-1,-1,1,-1,-1,1,-1,1,1,-1,1,1,-1,-1,-1,1,-1,-1,1,1,-1,1,1,-1,-1,1], length=71 energy=379}
Best result after 45046 ms running: LabsResult{bits=[1,1,-1,-1,-1,-1,1,1,1,1,1,-1,1,1,-1,-1,-1,-1,-1,-1,-1,1,1,-1,-1,1,-1,1,1,1,1,-1,1,1,1,-1,-1,1,1,1,1,-1,1,-1,1,1,-1,1,1,-1,-1,1,1,1,-1,1,1,-1,1,-1,-1,1,1,1,-1,1,-1,1,-1,1,-1], length=71 energy=359}
Best result after 50055 ms running: LabsResult{bits=[1,1,-1,-1,-1,-1,1,1,1,1,1,-1,1,1,-1,-1,-1,-1,-1,-1,-1,1,1,-1,-1,1,-1,1,1,1,1,-1,1,1,1,-1,-1,1,1,1,1,-1,1,-1,1,1,-1,1,1,-1,-1,1,1,1,-1,1,1,-1,1,-1,-1,1,1,1,-1,1,-1,1,-1,1,-1], length=71 energy=359}
Best result after 55058 ms running: LabsResult{bits=[1,1,-1,-1,-1,-1,1,1,1,1,1,-1,1,1,-1,-1,-1,-1,-1,-1,-1,1,1,-1,-1,1,-1,1,1,1,1,-1,1,1,1,-1,-1,1,1,1,1,-1,1,-1,1,1,-1,1,1,-1,-1,1,1,1,-1,1,1,-1,1,-1,-1,1,1,1,-1,1,-1,1,-1,1,-1], length=71 energy=359}
Best result after 60060 ms running: LabsResult{bits=[1,1,-1,-1,-1,-1,1,1,1,1,1,-1,1,1,-1,-1,-1,-1,-1,-1,-1,1,1,-1,-1,1,-1,1,1,1,1,-1,1,1,1,-1,-1,1,1,1,1,-1,1,-1,1,1,-1,1,1,-1,-1,1,1,1,-1,1,1,-1,1,-1,-1,1,1,1,-1,1,-1,1,-1,1,-1], length=71 energy=359}
Best result after 65067 ms running: LabsResult{bits=[1,1,-1,-1,-1,-1,1,1,1,1,1,-1,1,1,-1,-1,-1,-1,-1,-1,-1,1,1,-1,-1,1,-1,1,1,1,1,-1,1,1,1,-1,-1,1,1,1,1,-1,1,-1,1,1,-1,1,1,-1,-1,1,1,1,-1,1,1,-1,1,-1,-1,1,1,1,-1,1,-1,1,-1,1,-1], length=71 energy=359}
Best result after 70070 ms running: LabsResult{bits=[1,1,-1,-1,-1,-1,1,1,1,1,1,-1,1,1,-1,-1,-1,-1,-1,-1,-1,1,1,-1,-1,1,-1,1,1,1,1,-1,1,1,1,-1,-1,1,1,1,1,-1,1,-1,1,1,-1,1,1,-1,-1,1,1,1,-1,1,1,-1,1,-1,-1,1,1,1,-1,1,-1,1,-1,1,-1], length=71 energy=359}
Best result after 75071 ms running: LabsResult{bits=[1,1,-1,-1,-1,-1,1,1,1,1,1,-1,1,1,-1,-1,-1,-1,-1,-1,-1,1,1,-1,-1,1,-1,1,1,1,1,-1,1,1,1,-1,-1,1,1,1,1,-1,1,-1,1,1,-1,1,1,-1,-1,1,1,1,-1,1,1,-1,1,-1,-1,1,1,1,-1,1,-1,1,-1,1,-1], length=71 energy=359}
Best result after 80074 ms running: LabsResult{bits=[1,1,-1,-1,-1,-1,1,1,1,1,1,-1,1,1,-1,-1,-1,-1,-1,-1,-1,1,1,-1,-1,1,-1,1,1,1,1,-1,1,1,1,-1,-1,1,1,1,1,-1,1,-1,1,1,-1,1,1,-1,-1,1,1,1,-1,1,1,-1,1,-1,-1,1,1,1,-1,1,-1,1,-1,1,-1], length=71 energy=359}
Best result after 85076 ms running: LabsResult{bits=[1,1,-1,-1,-1,-1,1,1,1,1,1,-1,1,1,-1,-1,-1,-1,-1,-1,-1,1,1,-1,-1,1,-1,1,1,1,1,-1,1,1,1,-1,-1,1,1,1,1,-1,1,-1,1,1,-1,1,1,-1,-1,1,1,1,-1,1,1,-1,1,-1,-1,1,1,1,-1,1,-1,1,-1,1,-1], length=71 energy=359}
Best result after 90078 ms running: LabsResult{bits=[1,1,-1,-1,-1,-1,1,1,1,1,1,-1,1,1,-1,-1,-1,-1,-1,-1,-1,1,1,-1,-1,1,-1,1,1,1,1,-1,1,1,1,-1,-1,1,1,1,1,-1,1,-1,1,1,-1,1,1,-1,-1,1,1,1,-1,1,1,-1,1,-1,-1,1,1,1,-1,1,-1,1,-1,1,-1], length=71 energy=359}
Best result after 95080 ms running: LabsResult{bits=[1,1,-1,-1,-1,-1,1,1,1,1,1,-1,1,1,-1,-1,-1,-1,-1,-1,-1,1,1,-1,-1,1,-1,1,1,1,1,-1,1,1,1,-1,-1,1,1,1,1,-1,1,-1,1,1,-1,1,1,-1,-1,1,1,1,-1,1,1,-1,1,-1,-1,1,1,1,-1,1,-1,1,-1,1,-1], length=71 energy=359}
Best result after 100081 ms running: LabsResult{bits=[1,1,-1,-1,-1,-1,1,1,1,1,1,-1,1,1,-1,-1,-1,-1,-1,-1,-1,1,1,-1,-1,1,-1,1,1,1,1,-1,1,1,1,-1,-1,1,1,1,1,-1,1,-1,1,1,-1,1,1,-1,-1,1,1,1,-1,1,1,-1,1,-1,-1,1,1,1,-1,1,-1,1,-1,1,-1], length=71 energy=359}
Best result after 105084 ms running: LabsResult{bits=[1,1,-1,-1,-1,-1,1,1,1,1,1,-1,1,1,-1,-1,-1,-1,-1,-1,-1,1,1,-1,-1,1,-1,1,1,1,1,-1,1,1,1,-1,-1,1,1,1,1,-1,1,-1,1,1,-1,1,1,-1,-1,1,1,1,-1,1,1,-1,1,-1,-1,1,1,1,-1,1,-1,1,-1,1,-1], length=71 energy=359}
Best result after 110086 ms running: LabsResult{bits=[1,1,-1,-1,-1,-1,1,1,1,1,1,-1,1,1,-1,-1,-1,-1,-1,-1,-1,1,1,-1,-1,1,-1,1,1,1,1,-1,1,1,1,-1,-1,1,1,1,1,-1,1,-1,1,1,-1,1,1,-1,-1,1,1,1,-1,1,1,-1,1,-1,-1,1,1,1,-1,1,-1,1,-1,1,-1], length=71 energy=359}
Best result after 115089 ms running: LabsResult{bits=[1,1,-1,-1,-1,-1,1,1,1,1,1,-1,1,1,-1,-1,-1,-1,-1,-1,-1,1,1,-1,-1,1,-1,1,1,1,1,-1,1,1,1,-1,-1,1,1,1,1,-1,1,-1,1,1,-1,1,1,-1,-1,1,1,1,-1,1,1,-1,1,-1,-1,1,1,1,-1,1,-1,1,-1,1,-1], length=71 energy=359}
Best result after 120091 ms running: LabsResult{bits=[1,1,-1,-1,-1,-1,1,1,1,1,1,-1,1,1,-1,-1,-1,-1,-1,-1,-1,1,1,-1,-1,1,-1,1,1,1,1,-1,1,1,1,-1,-1,1,1,1,1,-1,1,-1,1,1,-1,1,1,-1,-1,1,1,1,-1,1,1,-1,1,-1,-1,1,1,1,-1,1,-1,1,-1,1,-1], length=71 energy=359}
Best result after 125094 ms running: LabsResult{bits=[1,1,-1,-1,-1,-1,1,1,1,1,1,-1,1,1,-1,-1,-1,-1,-1,-1,-1,1,1,-1,-1,1,-1,1,1,1,1,-1,1,1,1,-1,-1,1,1,1,1,-1,1,-1,1,1,-1,1,1,-1,-1,1,1,1,-1,1,1,-1,1,-1,-1,1,1,1,-1,1,-1,1,-1,1,-1], length=71 energy=359}
Best result after 130101 ms running: LabsResult{bits=[1,1,-1,-1,-1,-1,1,1,1,1,1,-1,1,1,-1,-1,-1,-1,-1,-1,-1,1,1,-1,-1,1,-1,1,1,1,1,-1,1,1,1,-1,-1,1,1,1,1,-1,1,-1,1,1,-1,1,1,-1,-1,1,1,1,-1,1,1,-1,1,-1,-1,1,1,1,-1,1,-1,1,-1,1,-1], length=71 energy=359}
Best result after 135103 ms running: LabsResult{bits=[1,1,-1,-1,-1,-1,1,1,1,1,1,-1,1,1,-1,-1,-1,-1,-1,-1,-1,1,1,-1,-1,1,-1,1,1,1,1,-1,1,1,1,-1,-1,1,1,1,1,-1,1,-1,1,1,-1,1,1,-1,-1,1,1,1,-1,1,1,-1,1,-1,-1,1,1,1,-1,1,-1,1,-1,1,-1], length=71 energy=359}
Best result after 140105 ms running: LabsResult{bits=[1,1,-1,-1,-1,-1,1,1,1,1,1,-1,1,1,-1,-1,-1,-1,-1,-1,-1,1,1,-1,-1,1,-1,1,1,1,1,-1,1,1,1,-1,-1,1,1,1,1,-1,1,-1,1,1,-1,1,1,-1,-1,1,1,1,-1,1,1,-1,1,-1,-1,1,1,1,-1,1,-1,1,-1,1,-1], length=71 energy=359}
Best result after 145107 ms running: LabsResult{bits=[1,1,-1,-1,-1,-1,1,1,1,1,1,-1,1,1,-1,-1,-1,-1,-1,-1,-1,1,1,-1,-1,1,-1,1,1,1,1,-1,1,1,1,-1,-1,1,1,1,1,-1,1,-1,1,1,-1,1,1,-1,-1,1,1,1,-1,1,1,-1,1,-1,-1,1,1,1,-1,1,-1,1,-1,1,-1], length=71 energy=359}
Best result after 150110 ms running: LabsResult{bits=[1,1,-1,-1,-1,-1,1,1,1,1,1,-1,1,1,-1,-1,-1,-1,-1,-1,-1,1,1,-1,-1,1,-1,1,1,1,1,-1,1,1,1,-1,-1,1,1,1,1,-1,1,-1,1,1,-1,1,1,-1,-1,1,1,1,-1,1,1,-1,1,-1,-1,1,1,1,-1,1,-1,1,-1,1,-1], length=71 energy=359}
Best result after 155112 ms running: LabsResult{bits=[1,1,-1,-1,-1,-1,1,1,1,1,1,-1,1,1,-1,-1,-1,-1,-1,-1,-1,1,1,-1,-1,1,-1,1,1,1,1,-1,1,1,1,-1,-1,1,1,1,1,-1,1,-1,1,1,-1,1,1,-1,-1,1,1,1,-1,1,1,-1,1,-1,-1,1,1,1,-1,1,-1,1,-1,1,-1], length=71 energy=359}
Best result after 160115 ms running: LabsResult{bits=[1,1,-1,-1,-1,-1,1,1,1,1,1,-1,1,1,-1,-1,-1,-1,-1,-1,-1,1,1,-1,-1,1,-1,1,1,1,1,-1,1,1,1,-1,-1,1,1,1,1,-1,1,-1,1,1,-1,1,1,-1,-1,1,1,1,-1,1,1,-1,1,-1,-1,1,1,1,-1,1,-1,1,-1,1,-1], length=71 energy=359}
Best result after 165118 ms running: LabsResult{bits=[1,1,-1,-1,-1,-1,1,1,1,1,1,-1,1,1,-1,-1,-1,-1,-1,-1,-1,1,1,-1,-1,1,-1,1,1,1,1,-1,1,1,1,-1,-1,1,1,1,1,-1,1,-1,1,1,-1,1,1,-1,-1,1,1,1,-1,1,1,-1,1,-1,-1,1,1,1,-1,1,-1,1,-1,1,-1], length=71 energy=359}
Best result after 170125 ms running: LabsResult{bits=[1,1,-1,-1,-1,-1,1,1,1,1,1,-1,1,1,-1,-1,-1,-1,-1,-1,-1,1,1,-1,-1,1,-1,1,1,1,1,-1,1,1,1,-1,-1,1,1,1,1,-1,1,-1,1,1,-1,1,1,-1,-1,1,1,1,-1,1,1,-1,1,-1,-1,1,1,1,-1,1,-1,1,-1,1,-1], length=71 energy=359}
Best result after 175128 ms running: LabsResult{bits=[1,1,-1,-1,-1,-1,1,1,1,1,1,-1,1,1,-1,-1,-1,-1,-1,-1,-1,1,1,-1,-1,1,-1,1,1,1,1,-1,1,1,1,-1,-1,1,1,1,1,-1,1,-1,1,1,-1,1,1,-1,-1,1,1,1,-1,1,1,-1,1,-1,-1,1,1,1,-1,1,-1,1,-1,1,-1], length=71 energy=359}
Best result after 180130 ms running: LabsResult{bits=[1,1,-1,-1,-1,-1,1,1,1,1,1,-1,1,1,-1,-1,-1,-1,-1,-1,-1,1,1,-1,-1,1,-1,1,1,1,1,-1,1,1,1,-1,-1,1,1,1,1,-1,1,-1,1,1,-1,1,1,-1,-1,1,1,1,-1,1,1,-1,1,-1,-1,1,1,1,-1,1,-1,1,-1,1,-1], length=71 energy=359}
Best result after 185132 ms running: LabsResult{bits=[1,1,-1,-1,-1,-1,1,1,1,1,1,-1,1,1,-1,-1,-1,-1,-1,-1,-1,1,1,-1,-1,1,-1,1,1,1,1,-1,1,1,1,-1,-1,1,1,1,1,-1,1,-1,1,1,-1,1,1,-1,-1,1,1,1,-1,1,1,-1,1,-1,-1,1,1,1,-1,1,-1,1,-1,1,-1], length=71 energy=359}
Best result after 190134 ms running: LabsResult{bits=[1,1,-1,-1,-1,-1,1,1,1,1,1,-1,1,1,-1,-1,-1,-1,-1,-1,-1,1,1,-1,-1,1,-1,1,1,1,1,-1,1,1,1,-1,-1,1,1,1,1,-1,1,-1,1,1,-1,1,1,-1,-1,1,1,1,-1,1,1,-1,1,-1,-1,1,1,1,-1,1,-1,1,-1,1,-1], length=71 energy=359}
Best result after 195137 ms running: LabsResult{bits=[1,1,-1,-1,-1,-1,1,1,1,1,1,-1,1,1,-1,-1,-1,-1,-1,-1,-1,1,1,-1,-1,1,-1,1,1,1,1,-1,1,1,1,-1,-1,1,1,1,1,-1,1,-1,1,1,-1,1,1,-1,-1,1,1,1,-1,1,1,-1,1,-1,-1,1,1,1,-1,1,-1,1,-1,1,-1], length=71 energy=359}
Best result after 200140 ms running: LabsResult{bits=[1,1,-1,-1,-1,-1,1,1,1,1,1,-1,1,1,-1,-1,-1,-1,-1,-1,-1,1,1,-1,-1,1,-1,1,1,1,1,-1,1,1,1,-1,-1,1,1,1,1,-1,1,-1,1,1,-1,1,1,-1,-1,1,1,1,-1,1,1,-1,1,-1,-1,1,1,1,-1,1,-1,1,-1,1,-1], length=71 energy=359}
Best result after 205142 ms running: LabsResult{bits=[1,1,-1,-1,-1,-1,1,1,1,1,1,-1,1,1,-1,-1,-1,-1,-1,-1,-1,1,1,-1,-1,1,-1,1,1,1,1,-1,1,1,1,-1,-1,1,1,1,1,-1,1,-1,1,1,-1,1,1,-1,-1,1,1,1,-1,1,1,-1,1,-1,-1,1,1,1,-1,1,-1,1,-1,1,-1], length=71 energy=359}
Best result after 210149 ms running: LabsResult{bits=[1,1,-1,-1,-1,-1,1,1,1,1,1,-1,1,1,-1,-1,-1,-1,-1,-1,-1,1,1,-1,-1,1,-1,1,1,1,1,-1,1,1,1,-1,-1,1,1,1,1,-1,1,-1,1,1,-1,1,1,-1,-1,1,1,1,-1,1,1,-1,1,-1,-1,1,1,1,-1,1,-1,1,-1,1,-1], length=71 energy=359}
Best result after 215152 ms running: LabsResult{bits=[1,1,-1,-1,-1,-1,1,1,1,1,1,-1,1,1,-1,-1,-1,-1,-1,-1,-1,1,1,-1,-1,1,-1,1,1,1,1,-1,1,1,1,-1,-1,1,1,1,1,-1,1,-1,1,1,-1,1,1,-1,-1,1,1,1,-1,1,1,-1,1,-1,-1,1,1,1,-1,1,-1,1,-1,1,-1], length=71 energy=359}
Best result after 220154 ms running: LabsResult{bits=[1,1,-1,-1,-1,-1,1,1,1,1,1,-1,1,1,-1,-1,-1,-1,-1,-1,-1,1,1,-1,-1,1,-1,1,1,1,1,-1,1,1,1,-1,-1,1,1,1,1,-1,1,-1,1,1,-1,1,1,-1,-1,1,1,1,-1,1,1,-1,1,-1,-1,1,1,1,-1,1,-1,1,-1,1,-1], length=71 energy=359}
Best result after 225162 ms running: LabsResult{bits=[1,1,-1,-1,-1,-1,1,1,1,1,1,-1,1,1,-1,-1,-1,-1,-1,-1,-1,1,1,-1,-1,1,-1,1,1,1,1,-1,1,1,1,-1,-1,1,1,1,1,-1,1,-1,1,1,-1,1,1,-1,-1,1,1,1,-1,1,1,-1,1,-1,-1,1,1,1,-1,1,-1,1,-1,1,-1], length=71 energy=359}
Best result after 230164 ms running: LabsResult{bits=[1,1,-1,-1,-1,-1,1,1,1,1,1,-1,1,1,-1,-1,-1,-1,-1,-1,-1,1,1,-1,-1,1,-1,1,1,1,1,-1,1,1,1,-1,-1,1,1,1,1,-1,1,-1,1,1,-1,1,1,-1,-1,1,1,1,-1,1,1,-1,1,-1,-1,1,1,1,-1,1,-1,1,-1,1,-1], length=71 energy=359}
Best result after 235166 ms running: LabsResult{bits=[1,1,-1,-1,-1,-1,1,1,1,1,1,-1,1,1,-1,-1,-1,-1,-1,-1,-1,1,1,-1,-1,1,-1,1,1,1,1,-1,1,1,1,-1,-1,1,1,1,1,-1,1,-1,1,1,-1,1,1,-1,-1,1,1,1,-1,1,1,-1,1,-1,-1,1,1,1,-1,1,-1,1,-1,1,-1], length=71 energy=359}
Best result after 240168 ms running: LabsResult{bits=[1,1,-1,-1,-1,-1,1,1,1,1,1,-1,1,1,-1,-1,-1,-1,-1,-1,-1,1,1,-1,-1,1,-1,1,1,1,1,-1,1,1,1,-1,-1,1,1,1,1,-1,1,-1,1,1,-1,1,1,-1,-1,1,1,1,-1,1,1,-1,1,-1,-1,1,1,1,-1,1,-1,1,-1,1,-1], length=71 energy=359}
Best result after 245170 ms running: LabsResult{bits=[1,1,-1,-1,-1,-1,1,1,1,1,1,-1,1,1,-1,-1,-1,-1,-1,-1,-1,1,1,-1,-1,1,-1,1,1,1,1,-1,1,1,1,-1,-1,1,1,1,1,-1,1,-1,1,1,-1,1,1,-1,-1,1,1,1,-1,1,1,-1,1,-1,-1,1,1,1,-1,1,-1,1,-1,1,-1], length=71 energy=359}
Best result after 250173 ms running: LabsResult{bits=[1,1,-1,-1,-1,-1,1,1,1,1,1,-1,1,1,-1,-1,-1,-1,-1,-1,-1,1,1,-1,-1,1,-1,1,1,1,1,-1,1,1,1,-1,-1,1,1,1,1,-1,1,-1,1,1,-1,1,1,-1,-1,1,1,1,-1,1,1,-1,1,-1,-1,1,1,1,-1,1,-1,1,-1,1,-1], length=71 energy=359}
Best result after 255175 ms running: LabsResult{bits=[1,1,-1,-1,-1,-1,1,1,1,1,1,-1,1,1,-1,-1,-1,-1,-1,-1,-1,1,1,-1,-1,1,-1,1,1,1,1,-1,1,1,1,-1,-1,1,1,1,1,-1,1,-1,1,1,-1,1,1,-1,-1,1,1,1,-1,1,1,-1,1,-1,-1,1,1,1,-1,1,-1,1,-1,1,-1], length=71 energy=359}
Best result after 260178 ms running: LabsResult{bits=[1,1,-1,-1,-1,-1,1,1,1,1,1,-1,1,1,-1,-1,-1,-1,-1,-1,-1,1,1,-1,-1,1,-1,1,1,1,1,-1,1,1,1,-1,-1,1,1,1,1,-1,1,-1,1,1,-1,1,1,-1,-1,1,1,1,-1,1,1,-1,1,-1,-1,1,1,1,-1,1,-1,1,-1,1,-1], length=71 energy=359}
Best result after 265185 ms running: LabsResult{bits=[1,1,-1,-1,-1,-1,1,1,1,1,1,-1,1,1,-1,-1,-1,-1,-1,-1,-1,1,1,-1,-1,1,-1,1,1,1,1,-1,1,1,1,-1,-1,1,1,1,1,-1,1,-1,1,1,-1,1,1,-1,-1,1,1,1,-1,1,1,-1,1,-1,-1,1,1,1,-1,1,-1,1,-1,1,-1], length=71 energy=359}
Best result after 270187 ms running: LabsResult{bits=[1,1,-1,-1,-1,-1,1,1,1,1,1,-1,1,1,-1,-1,-1,-1,-1,-1,-1,1,1,-1,-1,1,-1,1,1,1,1,-1,1,1,1,-1,-1,1,1,1,1,-1,1,-1,1,1,-1,1,1,-1,-1,1,1,1,-1,1,1,-1,1,-1,-1,1,1,1,-1,1,-1,1,-1,1,-1], length=71 energy=359}
Best result after 275190 ms running: LabsResult{bits=[1,1,-1,-1,-1,-1,1,1,1,1,1,-1,1,1,-1,-1,-1,-1,-1,-1,-1,1,1,-1,-1,1,-1,1,1,1,1,-1,1,1,1,-1,-1,1,1,1,1,-1,1,-1,1,1,-1,1,1,-1,-1,1,1,1,-1,1,1,-1,1,-1,-1,1,1,1,-1,1,-1,1,-1,1,-1], length=71 energy=359}
Best result after 280192 ms running: LabsResult{bits=[1,1,-1,-1,-1,-1,1,1,1,1,1,-1,1,1,-1,-1,-1,-1,-1,-1,-1,1,1,-1,-1,1,-1,1,1,1,1,-1,1,1,1,-1,-1,1,1,1,1,-1,1,-1,1,1,-1,1,1,-1,-1,1,1,1,-1,1,1,-1,1,-1,-1,1,1,1,-1,1,-1,1,-1,1,-1], length=71 energy=359}
Best result after 285194 ms running: LabsResult{bits=[1,1,-1,-1,-1,-1,1,1,1,1,1,-1,1,1,-1,-1,-1,-1,-1,-1,-1,1,1,-1,-1,1,-1,1,1,1,1,-1,1,1,1,-1,-1,1,1,1,1,-1,1,-1,1,1,-1,1,1,-1,-1,1,1,1,-1,1,1,-1,1,-1,-1,1,1,1,-1,1,-1,1,-1,1,-1], length=71 energy=359}
Best result after 290197 ms running: LabsResult{bits=[1,1,-1,-1,-1,-1,1,1,1,1,1,-1,1,1,-1,-1,-1,-1,-1,-1,-1,1,1,-1,-1,1,-1,1,1,1,1,-1,1,1,1,-1,-1,1,1,1,1,-1,1,-1,1,1,-1,1,1,-1,-1,1,1,1,-1,1,1,-1,1,-1,-1,1,1,1,-1,1,-1,1,-1,1,-1], length=71 energy=359}
Best result after 295200 ms running: LabsResult{bits=[1,1,-1,-1,-1,-1,1,1,1,1,1,-1,1,1,-1,-1,-1,-1,-1,-1,-1,1,1,-1,-1,1,-1,1,1,1,1,-1,1,1,1,-1,-1,1,1,1,1,-1,1,-1,1,1,-1,1,1,-1,-1,1,1,1,-1,1,1,-1,1,-1,-1,1,1,1,-1,1,-1,1,-1,1,-1], length=71 energy=359}
Best result after 300201 ms running: LabsResult{bits=[1,1,-1,-1,-1,-1,1,1,1,1,1,-1,1,1,-1,-1,-1,-1,-1,-1,-1,1,1,-1,-1,1,-1,1,1,1,1,-1,1,1,1,-1,-1,1,1,1,1,-1,1,-1,1,1,-1,1,1,-1,-1,1,1,1,-1,1,1,-1,1,-1,-1,1,1,1,-1,1,-1,1,-1,1,-1], length=71 energy=359}
Best result after 305209 ms running: LabsResult{bits=[1,1,-1,-1,-1,-1,1,1,1,1,1,-1,1,1,-1,-1,-1,-1,-1,-1,-1,1,1,-1,-1,1,-1,1,1,1,1,-1,1,1,1,-1,-1,1,1,1,1,-1,1,-1,1,1,-1,1,1,-1,-1,1,1,1,-1,1,1,-1,1,-1,-1,1,1,1,-1,1,-1,1,-1,1,-1], length=71 energy=359}
Best result after 310211 ms running: LabsResult{bits=[1,1,-1,-1,-1,-1,1,1,1,1,1,-1,1,1,-1,-1,-1,-1,-1,-1,-1,1,1,-1,-1,1,-1,1,1,1,1,-1,1,1,1,-1,-1,1,1,1,1,-1,1,-1,1,1,-1,1,1,-1,-1,1,1,1,-1,1,1,-1,1,-1,-1,1,1,1,-1,1,-1,1,-1,1,-1], length=71 energy=359}
Best result after 315214 ms running: LabsResult{bits=[1,1,-1,-1,-1,-1,1,1,1,1,1,-1,1,1,-1,-1,-1,-1,-1,-1,-1,1,1,-1,-1,1,-1,1,1,1,1,-1,1,1,1,-1,-1,1,1,1,1,-1,1,-1,1,1,-1,1,1,-1,-1,1,1,1,-1,1,1,-1,1,-1,-1,1,1,1,-1,1,-1,1,-1,1,-1], length=71 energy=359}
Best result after 320217 ms running: LabsResult{bits=[1,1,-1,-1,-1,-1,1,1,1,1,1,-1,1,1,-1,-1,-1,-1,-1,-1,-1,1,1,-1,-1,1,-1,1,1,1,1,-1,1,1,1,-1,-1,1,1,1,1,-1,1,-1,1,1,-1,1,1,-1,-1,1,1,1,-1,1,1,-1,1,-1,-1,1,1,1,-1,1,-1,1,-1,1,-1], length=71 energy=359}
Best result after 325220 ms running: LabsResult{bits=[1,1,-1,-1,-1,-1,1,1,1,1,1,-1,1,1,-1,-1,-1,-1,-1,-1,-1,1,1,-1,-1,1,-1,1,1,1,1,-1,1,1,1,-1,-1,1,1,1,1,-1,1,-1,1,1,-1,1,1,-1,-1,1,1,1,-1,1,1,-1,1,-1,-1,1,1,1,-1,1,-1,1,-1,1,-1], length=71 energy=359}
Best result after 330222 ms running: LabsResult{bits=[1,1,-1,-1,-1,-1,1,1,1,1,1,-1,1,1,-1,-1,-1,-1,-1,-1,-1,1,1,-1,-1,1,-1,1,1,1,1,-1,1,1,1,-1,-1,1,1,1,1,-1,1,-1,1,1,-1,1,1,-1,-1,1,1,1,-1,1,1,-1,1,-1,-1,1,1,1,-1,1,-1,1,-1,1,-1], length=71 energy=359}
Best result after 335225 ms running: LabsResult{bits=[1,1,-1,-1,-1,-1,1,1,1,1,1,-1,1,1,-1,-1,-1,-1,-1,-1,-1,1,1,-1,-1,1,-1,1,1,1,1,-1,1,1,1,-1,-1,1,1,1,1,-1,1,-1,1,1,-1,1,1,-1,-1,1,1,1,-1,1,1,-1,1,-1,-1,1,1,1,-1,1,-1,1,-1,1,-1], length=71 energy=359}
Best result after 340227 ms running: LabsResult{bits=[1,1,-1,-1,-1,-1,1,1,1,1,1,-1,1,1,-1,-1,-1,-1,-1,-1,-1,1,1,-1,-1,1,-1,1,1,1,1,-1,1,1,1,-1,-1,1,1,1,1,-1,1,-1,1,1,-1,1,1,-1,-1,1,1,1,-1,1,1,-1,1,-1,-1,1,1,1,-1,1,-1,1,-1,1,-1], length=71 energy=359}
Best result after 345229 ms running: LabsResult{bits=[1,1,-1,-1,-1,-1,1,1,1,1,1,-1,1,1,-1,-1,-1,-1,-1,-1,-1,1,1,-1,-1,1,-1,1,1,1,1,-1,1,1,1,-1,-1,1,1,1,1,-1,1,-1,1,1,-1,1,1,-1,-1,1,1,1,-1,1,1,-1,1,-1,-1,1,1,1,-1,1,-1,1,-1,1,-1], length=71 energy=359}
Best result after 350231 ms running: LabsResult{bits=[1,1,-1,-1,-1,-1,1,1,1,1,1,-1,1,1,-1,-1,-1,-1,-1,-1,-1,1,1,-1,-1,1,-1,1,1,1,1,-1,1,1,1,-1,-1,1,1,1,1,-1,1,-1,1,1,-1,1,1,-1,-1,1,1,1,-1,1,1,-1,1,-1,-1,1,1,1,-1,1,-1,1,-1,1,-1], length=71 energy=359}
Best result after 355234 ms running: LabsResult{bits=[1,1,-1,-1,-1,-1,1,1,1,1,1,-1,1,1,-1,-1,-1,-1,-1,-1,-1,1,1,-1,-1,1,-1,1,1,1,1,-1,1,1,1,-1,-1,1,1,1,1,-1,1,-1,1,1,-1,1,1,-1,-1,1,1,1,-1,1,1,-1,1,-1,-1,1,1,1,-1,1,-1,1,-1,1,-1], length=71 energy=359}
Best result after 360236 ms running: LabsResult{bits=[1,1,-1,-1,-1,-1,1,1,1,1,1,-1,1,1,-1,-1,-1,-1,-1,-1,-1,1,1,-1,-1,1,-1,1,1,1,1,-1,1,1,1,-1,-1,1,1,1,1,-1,1,-1,1,1,-1,1,1,-1,-1,1,1,1,-1,1,1,-1,1,-1,-1,1,1,1,-1,1,-1,1,-1,1,-1], length=71 energy=359}
Best result after 365244 ms running: LabsResult{bits=[1,1,-1,-1,-1,-1,1,1,1,1,1,-1,1,1,-1,-1,-1,-1,-1,-1,-1,1,1,-1,-1,1,-1,1,1,1,1,-1,1,1,1,-1,-1,1,1,1,1,-1,1,-1,1,1,-1,1,1,-1,-1,1,1,1,-1,1,1,-1,1,-1,-1,1,1,1,-1,1,-1,1,-1,1,-1], length=71 energy=359}
Best result after 370246 ms running: LabsResult{bits=[1,1,-1,-1,-1,-1,1,1,1,1,1,-1,1,1,-1,-1,-1,-1,-1,-1,-1,1,1,-1,-1,1,-1,1,1,1,1,-1,1,1,1,-1,-1,1,1,1,1,-1,1,-1,1,1,-1,1,1,-1,-1,1,1,1,-1,1,1,-1,1,-1,-1,1,1,1,-1,1,-1,1,-1,1,-1], length=71 energy=359}
Best result after 375247 ms running: LabsResult{bits=[1,1,-1,-1,-1,-1,1,1,1,1,1,-1,1,1,-1,-1,-1,-1,-1,-1,-1,1,1,-1,-1,1,-1,1,1,1,1,-1,1,1,1,-1,-1,1,1,1,1,-1,1,-1,1,1,-1,1,1,-1,-1,1,1,1,-1,1,1,-1,1,-1,-1,1,1,1,-1,1,-1,1,-1,1,-1], length=71 energy=359}
Best result after 380250 ms running: LabsResult{bits=[1,1,-1,-1,-1,-1,1,1,1,1,1,-1,1,1,-1,-1,-1,-1,-1,-1,-1,1,1,-1,-1,1,-1,1,1,1,1,-1,1,1,1,-1,-1,1,1,1,1,-1,1,-1,1,1,-1,1,1,-1,-1,1,1,1,-1,1,1,-1,1,-1,-1,1,1,1,-1,1,-1,1,-1,1,-1], length=71 energy=359}
Best result after 385253 ms running: LabsResult{bits=[1,1,-1,-1,-1,-1,1,1,1,1,1,-1,1,1,-1,-1,-1,-1,-1,-1,-1,1,1,-1,-1,1,-1,1,1,1,1,-1,1,1,1,-1,-1,1,1,1,1,-1,1,-1,1,1,-1,1,1,-1,-1,1,1,1,-1,1,1,-1,1,-1,-1,1,1,1,-1,1,-1,1,-1,1,-1], length=71 energy=359}
Best result after 390254 ms running: LabsResult{bits=[1,1,-1,-1,-1,-1,1,1,1,1,1,-1,1,1,-1,-1,-1,-1,-1,-1,-1,1,1,-1,-1,1,-1,1,1,1,1,-1,1,1,1,-1,-1,1,1,1,1,-1,1,-1,1,1,-1,1,1,-1,-1,1,1,1,-1,1,1,-1,1,-1,-1,1,1,1,-1,1,-1,1,-1,1,-1], length=71 energy=359}
Best result after 395257 ms running: LabsResult{bits=[1,1,-1,-1,-1,-1,1,1,1,1,1,-1,1,1,-1,-1,-1,-1,-1,-1,-1,1,1,-1,-1,1,-1,1,1,1,1,-1,1,1,1,-1,-1,1,1,1,1,-1,1,-1,1,1,-1,1,1,-1,-1,1,1,1,-1,1,1,-1,1,-1,-1,1,1,1,-1,1,-1,1,-1,1,-1], length=71 energy=359}
Best result after 400262 ms running: LabsResult{bits=[1,1,-1,-1,-1,-1,1,1,1,1,1,-1,1,1,-1,-1,-1,-1,-1,-1,-1,1,1,-1,-1,1,-1,1,1,1,1,-1,1,1,1,-1,-1,1,1,1,1,-1,1,-1,1,1,-1,1,1,-1,-1,1,1,1,-1,1,1,-1,1,-1,-1,1,1,1,-1,1,-1,1,-1,1,-1], length=71 energy=359}
Best result after 405264 ms running: LabsResult{bits=[1,1,-1,-1,-1,-1,1,1,1,1,1,-1,1,1,-1,-1,-1,-1,-1,-1,-1,1,1,-1,-1,1,-1,1,1,1,1,-1,1,1,1,-1,-1,1,1,1,1,-1,1,-1,1,1,-1,1,1,-1,-1,1,1,1,-1,1,1,-1,1,-1,-1,1,1,1,-1,1,-1,1,-1,1,-1], length=71 energy=359}
Best result after 410267 ms running: LabsResult{bits=[1,1,-1,-1,-1,-1,1,1,1,1,1,-1,1,1,-1,-1,-1,-1,-1,-1,-1,1,1,-1,-1,1,-1,1,1,1,1,-1,1,1,1,-1,-1,1,1,1,1,-1,1,-1,1,1,-1,1,1,-1,-1,1,1,1,-1,1,1,-1,1,-1,-1,1,1,1,-1,1,-1,1,-1,1,-1], length=71 energy=359}
Best result after 415268 ms running: LabsResult{bits=[1,1,-1,-1,-1,-1,1,1,1,1,1,-1,1,1,-1,-1,-1,-1,-1,-1,-1,1,1,-1,-1,1,-1,1,1,1,1,-1,1,1,1,-1,-1,1,1,1,1,-1,1,-1,1,1,-1,1,1,-1,-1,1,1,1,-1,1,1,-1,1,-1,-1,1,1,1,-1,1,-1,1,-1,1,-1], length=71 energy=359}
Best result after 420270 ms running: LabsResult{bits=[1,1,-1,-1,-1,-1,1,1,1,1,1,-1,1,1,-1,-1,-1,-1,-1,-1,-1,1,1,-1,-1,1,-1,1,1,1,1,-1,1,1,1,-1,-1,1,1,1,1,-1,1,-1,1,1,-1,1,1,-1,-1,1,1,1,-1,1,1,-1,1,-1,-1,1,1,1,-1,1,-1,1,-1,1,-1], length=71 energy=359}
Best result after 425272 ms running: LabsResult{bits=[1,1,-1,-1,-1,-1,1,1,1,1,1,-1,1,1,-1,-1,-1,-1,-1,-1,-1,1,1,-1,-1,1,-1,1,1,1,1,-1,1,1,1,-1,-1,1,1,1,1,-1,1,-1,1,1,-1,1,1,-1,-1,1,1,1,-1,1,1,-1,1,-1,-1,1,1,1,-1,1,-1,1,-1,1,-1], length=71 energy=359}
Best result after 430279 ms running: LabsResult{bits=[1,1,-1,-1,-1,-1,1,1,1,1,1,-1,1,1,-1,-1,-1,-1,-1,-1,-1,1,1,-1,-1,1,-1,1,1,1,1,-1,1,1,1,-1,-1,1,1,1,1,-1,1,-1,1,1,-1,1,1,-1,-1,1,1,1,-1,1,1,-1,1,-1,-1,1,1,1,-1,1,-1,1,-1,1,-1], length=71 energy=359}
Best result after 435282 ms running: LabsResult{bits=[1,1,-1,-1,-1,-1,1,1,1,1,1,-1,1,1,-1,-1,-1,-1,-1,-1,-1,1,1,-1,-1,1,-1,1,1,1,1,-1,1,1,1,-1,-1,1,1,1,1,-1,1,-1,1,1,-1,1,1,-1,-1,1,1,1,-1,1,1,-1,1,-1,-1,1,1,1,-1,1,-1,1,-1,1,-1], length=71 energy=359}
Best result after 440284 ms running: LabsResult{bits=[1,1,-1,-1,-1,-1,1,1,1,1,1,-1,1,1,-1,-1,-1,-1,-1,-1,-1,1,1,-1,-1,1,-1,1,1,1,1,-1,1,1,1,-1,-1,1,1,1,1,-1,1,-1,1,1,-1,1,1,-1,-1,1,1,1,-1,1,1,-1,1,-1,-1,1,1,1,-1,1,-1,1,-1,1,-1], length=71 energy=359}
Best result after 445286 ms running: LabsResult{bits=[1,1,-1,-1,-1,-1,1,1,1,1,1,-1,1,1,-1,-1,-1,-1,-1,-1,-1,1,1,-1,-1,1,-1,1,1,1,1,-1,1,1,1,-1,-1,1,1,1,1,-1,1,-1,1,1,-1,1,1,-1,-1,1,1,1,-1,1,1,-1,1,-1,-1,1,1,1,-1,1,-1,1,-1,1,-1], length=71 energy=359}
Best result after 450289 ms running: LabsResult{bits=[1,1,-1,-1,-1,-1,1,1,1,1,1,-1,1,1,-1,-1,-1,-1,-1,-1,-1,1,1,-1,-1,1,-1,1,1,1,1,-1,1,1,1,-1,-1,1,1,1,1,-1,1,-1,1,1,-1,1,1,-1,-1,1,1,1,-1,1,1,-1,1,-1,-1,1,1,1,-1,1,-1,1,-1,1,-1], length=71 energy=359}
Best result after 455291 ms running: LabsResult{bits=[1,1,-1,-1,-1,-1,1,1,1,1,1,-1,1,1,-1,-1,-1,-1,-1,-1,-1,1,1,-1,-1,1,-1,1,1,1,1,-1,1,1,1,-1,-1,1,1,1,1,-1,1,-1,1,1,-1,1,1,-1,-1,1,1,1,-1,1,1,-1,1,-1,-1,1,1,1,-1,1,-1,1,-1,1,-1], length=71 energy=359}
Best result after 460294 ms running: LabsResult{bits=[1,1,-1,-1,-1,-1,1,1,1,1,1,-1,1,1,-1,-1,-1,-1,-1,-1,-1,1,1,-1,-1,1,-1,1,1,1,1,-1,1,1,1,-1,-1,1,1,1,1,-1,1,-1,1,1,-1,1,1,-1,-1,1,1,1,-1,1,1,-1,1,-1,-1,1,1,1,-1,1,-1,1,-1,1,-1], length=71 energy=359}
Best result after 465297 ms running: LabsResult{bits=[1,1,-1,-1,-1,-1,1,1,1,1,1,-1,1,1,-1,-1,-1,-1,-1,-1,-1,1,1,-1,-1,1,-1,1,1,1,1,-1,1,1,1,-1,-1,1,1,1,1,-1,1,-1,1,1,-1,1,1,-1,-1,1,1,1,-1,1,1,-1,1,-1,-1,1,1,1,-1,1,-1,1,-1,1,-1], length=71 energy=359}
Best result after 470299 ms running: LabsResult{bits=[1,1,-1,-1,-1,-1,1,1,1,1,1,-1,1,1,-1,-1,-1,-1,-1,-1,-1,1,1,-1,-1,1,-1,1,1,1,1,-1,1,1,1,-1,-1,1,1,1,1,-1,1,-1,1,1,-1,1,1,-1,-1,1,1,1,-1,1,1,-1,1,-1,-1,1,1,1,-1,1,-1,1,-1,1,-1], length=71 energy=359}
Best result after 475302 ms running: LabsResult{bits=[1,1,-1,-1,-1,-1,1,1,1,1,1,-1,1,1,-1,-1,-1,-1,-1,-1,-1,1,1,-1,-1,1,-1,1,1,1,1,-1,1,1,1,-1,-1,1,1,1,1,-1,1,-1,1,1,-1,1,1,-1,-1,1,1,1,-1,1,1,-1,1,-1,-1,1,1,1,-1,1,-1,1,-1,1,-1], length=71 energy=359}
Best result after 480304 ms running: LabsResult{bits=[1,1,-1,-1,-1,-1,1,1,1,1,1,-1,1,1,-1,-1,-1,-1,-1,-1,-1,1,1,-1,-1,1,-1,1,1,1,1,-1,1,1,1,-1,-1,1,1,1,1,-1,1,-1,1,1,-1,1,1,-1,-1,1,1,1,-1,1,1,-1,1,-1,-1,1,1,1,-1,1,-1,1,-1,1,-1], length=71 energy=359}
Best result after 485305 ms running: LabsResult{bits=[1,1,-1,-1,-1,-1,1,1,1,1,1,-1,1,1,-1,-1,-1,-1,-1,-1,-1,1,1,-1,-1,1,-1,1,1,1,1,-1,1,1,1,-1,-1,1,1,1,1,-1,1,-1,1,1,-1,1,1,-1,-1,1,1,1,-1,1,1,-1,1,-1,-1,1,1,1,-1,1,-1,1,-1,1,-1], length=71 energy=359}
Best result after 490307 ms running: LabsResult{bits=[1,1,-1,-1,-1,-1,1,1,1,1,1,-1,1,1,-1,-1,-1,-1,-1,-1,-1,1,1,-1,-1,1,-1,1,1,1,1,-1,1,1,1,-1,-1,1,1,1,1,-1,1,-1,1,1,-1,1,1,-1,-1,1,1,1,-1,1,1,-1,1,-1,-1,1,1,1,-1,1,-1,1,-1,1,-1], length=71 energy=359}
Best result after 495309 ms running: LabsResult{bits=[1,1,-1,-1,-1,-1,1,1,1,1,1,-1,1,1,-1,-1,-1,-1,-1,-1,-1,1,1,-1,-1,1,-1,1,1,1,1,-1,1,1,1,-1,-1,1,1,1,1,-1,1,-1,1,1,-1,1,1,-1,-1,1,1,1,-1,1,1,-1,1,-1,-1,1,1,1,-1,1,-1,1,-1,1,-1], length=71 energy=359}
Best result after 500312 ms running: LabsResult{bits=[1,1,-1,-1,-1,-1,1,1,1,1,1,-1,1,1,-1,-1,-1,-1,-1,-1,-1,1,1,-1,-1,1,-1,1,1,1,1,-1,1,1,1,-1,-1,1,1,1,1,-1,1,-1,1,1,-1,1,1,-1,-1,1,1,1,-1,1,1,-1,1,-1,-1,1,1,1,-1,1,-1,1,-1,1,-1], length=71 energy=359}
Best result after 505315 ms running: LabsResult{bits=[1,1,-1,-1,-1,-1,1,1,1,1,1,-1,1,1,-1,-1,-1,-1,-1,-1,-1,1,1,-1,-1,1,-1,1,1,1,1,-1,1,1,1,-1,-1,1,1,1,1,-1,1,-1,1,1,-1,1,1,-1,-1,1,1,1,-1,1,1,-1,1,-1,-1,1,1,1,-1,1,-1,1,-1,1,-1], length=71 energy=359}
Best result after 510317 ms running: LabsResult{bits=[1,1,-1,-1,-1,-1,1,1,1,1,1,-1,1,1,-1,-1,-1,-1,-1,-1,-1,1,1,-1,-1,1,-1,1,1,1,1,-1,1,1,1,-1,-1,1,1,1,1,-1,1,-1,1,1,-1,1,1,-1,-1,1,1,1,-1,1,1,-1,1,-1,-1,1,1,1,-1,1,-1,1,-1,1,-1], length=71 energy=359}
Best result after 515324 ms running: LabsResult{bits=[1,1,-1,-1,-1,-1,1,1,1,1,1,-1,1,1,-1,-1,-1,-1,-1,-1,-1,1,1,-1,-1,1,-1,1,1,1,1,-1,1,1,1,-1,-1,1,1,1,1,-1,1,-1,1,1,-1,1,1,-1,-1,1,1,1,-1,1,1,-1,1,-1,-1,1,1,1,-1,1,-1,1,-1,1,-1], length=71 energy=359}
Best result after 520326 ms running: LabsResult{bits=[1,1,-1,-1,-1,-1,1,1,1,1,1,-1,1,1,-1,-1,-1,-1,-1,-1,-1,1,1,-1,-1,1,-1,1,1,1,1,-1,1,1,1,-1,-1,1,1,1,1,-1,1,-1,1,1,-1,1,1,-1,-1,1,1,1,-1,1,1,-1,1,-1,-1,1,1,1,-1,1,-1,1,-1,1,-1], length=71 energy=359}
Best result after 525329 ms running: LabsResult{bits=[1,1,-1,-1,-1,-1,1,1,1,1,1,-1,1,1,-1,-1,-1,-1,-1,-1,-1,1,1,-1,-1,1,-1,1,1,1,1,-1,1,1,1,-1,-1,1,1,1,1,-1,1,-1,1,1,-1,1,1,-1,-1,1,1,1,-1,1,1,-1,1,-1,-1,1,1,1,-1,1,-1,1,-1,1,-1], length=71 energy=359}
Best result after 530332 ms running: LabsResult{bits=[1,1,-1,-1,-1,-1,1,1,1,1,1,-1,1,1,-1,-1,-1,-1,-1,-1,-1,1,1,-1,-1,1,-1,1,1,1,1,-1,1,1,1,-1,-1,1,1,1,1,-1,1,-1,1,1,-1,1,1,-1,-1,1,1,1,-1,1,1,-1,1,-1,-1,1,1,1,-1,1,-1,1,-1,1,-1], length=71 energy=359}
Best result after 535333 ms running: LabsResult{bits=[1,1,-1,-1,-1,-1,1,1,1,1,1,-1,1,1,-1,-1,-1,-1,-1,-1,-1,1,1,-1,-1,1,-1,1,1,1,1,-1,1,1,1,-1,-1,1,1,1,1,-1,1,-1,1,1,-1,1,1,-1,-1,1,1,1,-1,1,1,-1,1,-1,-1,1,1,1,-1,1,-1,1,-1,1,-1], length=71 energy=359}
Best result after 540336 ms running: LabsResult{bits=[1,1,-1,-1,-1,-1,1,1,1,1,1,-1,1,1,-1,-1,-1,-1,-1,-1,-1,1,1,-1,-1,1,-1,1,1,1,1,-1,1,1,1,-1,-1,1,1,1,1,-1,1,-1,1,1,-1,1,1,-1,-1,1,1,1,-1,1,1,-1,1,-1,-1,1,1,1,-1,1,-1,1,-1,1,-1], length=71 energy=359}
Best result after 545338 ms running: LabsResult{bits=[1,1,-1,-1,-1,-1,1,1,1,1,1,-1,1,1,-1,-1,-1,-1,-1,-1,-1,1,1,-1,-1,1,-1,1,1,1,1,-1,1,1,1,-1,-1,1,1,1,1,-1,1,-1,1,1,-1,1,1,-1,-1,1,1,1,-1,1,1,-1,1,-1,-1,1,1,1,-1,1,-1,1,-1,1,-1], length=71 energy=359}
Best result after 550341 ms running: LabsResult{bits=[1,1,-1,-1,-1,-1,1,1,1,1,1,-1,1,1,-1,-1,-1,-1,-1,-1,-1,1,1,-1,-1,1,-1,1,1,1,1,-1,1,1,1,-1,-1,1,1,1,1,-1,1,-1,1,1,-1,1,1,-1,-1,1,1,1,-1,1,1,-1,1,-1,-1,1,1,1,-1,1,-1,1,-1,1,-1], length=71 energy=359}
Best result after 555349 ms running: LabsResult{bits=[1,1,-1,-1,-1,-1,1,1,1,1,1,-1,1,1,-1,-1,-1,-1,-1,-1,-1,1,1,-1,-1,1,-1,1,1,1,1,-1,1,1,1,-1,-1,1,1,1,1,-1,1,-1,1,1,-1,1,1,-1,-1,1,1,1,-1,1,1,-1,1,-1,-1,1,1,1,-1,1,-1,1,-1,1,-1], length=71 energy=359}
Best result after 560350 ms running: LabsResult{bits=[1,1,-1,-1,-1,-1,1,1,1,1,1,-1,1,1,-1,-1,-1,-1,-1,-1,-1,1,1,-1,-1,1,-1,1,1,1,1,-1,1,1,1,-1,-1,1,1,1,1,-1,1,-1,1,1,-1,1,1,-1,-1,1,1,1,-1,1,1,-1,1,-1,-1,1,1,1,-1,1,-1,1,-1,1,-1], length=71 energy=359}
Best result after 565353 ms running: LabsResult{bits=[1,1,-1,-1,-1,-1,1,1,1,1,1,-1,1,1,-1,-1,-1,-1,-1,-1,-1,1,1,-1,-1,1,-1,1,1,1,1,-1,1,1,1,-1,-1,1,1,1,1,-1,1,-1,1,1,-1,1,1,-1,-1,1,1,1,-1,1,1,-1,1,-1,-1,1,1,1,-1,1,-1,1,-1,1,-1], length=71 energy=359}
Best result after 570356 ms running: LabsResult{bits=[1,1,-1,-1,-1,-1,1,1,1,1,1,-1,1,1,-1,-1,-1,-1,-1,-1,-1,1,1,-1,-1,1,-1,1,1,1,1,-1,1,1,1,-1,-1,1,1,1,1,-1,1,-1,1,1,-1,1,1,-1,-1,1,1,1,-1,1,1,-1,1,-1,-1,1,1,1,-1,1,-1,1,-1,1,-1], length=71 energy=359}
Best result after 575358 ms running: LabsResult{bits=[1,1,-1,-1,-1,-1,1,1,1,1,1,-1,1,1,-1,-1,-1,-1,-1,-1,-1,1,1,-1,-1,1,-1,1,1,1,1,-1,1,1,1,-1,-1,1,1,1,1,-1,1,-1,1,1,-1,1,1,-1,-1,1,1,1,-1,1,1,-1,1,-1,-1,1,1,1,-1,1,-1,1,-1,1,-1], length=71 energy=359}
Best result after 580361 ms running: LabsResult{bits=[1,1,-1,-1,-1,-1,1,1,1,1,1,-1,1,1,-1,-1,-1,-1,-1,-1,-1,1,1,-1,-1,1,-1,1,1,1,1,-1,1,1,1,-1,-1,1,1,1,1,-1,1,-1,1,1,-1,1,1,-1,-1,1,1,1,-1,1,1,-1,1,-1,-1,1,1,1,-1,1,-1,1,-1,1,-1], length=71 energy=359}
Best result after 585363 ms running: LabsResult{bits=[1,1,-1,-1,-1,-1,1,1,1,1,1,-1,1,1,-1,-1,-1,-1,-1,-1,-1,1,1,-1,-1,1,-1,1,1,1,1,-1,1,1,1,-1,-1,1,1,1,1,-1,1,-1,1,1,-1,1,1,-1,-1,1,1,1,-1,1,1,-1,1,-1,-1,1,1,1,-1,1,-1,1,-1,1,-1], length=71 energy=359}
Best result after 590366 ms running: LabsResult{bits=[1,1,-1,-1,-1,-1,1,1,1,1,1,-1,1,1,-1,-1,-1,-1,-1,-1,-1,1,1,-1,-1,1,-1,1,1,1,1,-1,1,1,1,-1,-1,1,1,1,1,-1,1,-1,1,1,-1,1,1,-1,-1,1,1,1,-1,1,1,-1,1,-1,-1,1,1,1,-1,1,-1,1,-1,1,-1], length=71 energy=359}
Best result after 595369 ms running: LabsResult{bits=[1,1,-1,-1,-1,-1,1,1,1,1,1,-1,1,1,-1,-1,-1,-1,-1,-1,-1,1,1,-1,-1,1,-1,1,1,1,1,-1,1,1,1,-1,-1,1,1,1,1,-1,1,-1,1,1,-1,1,1,-1,-1,1,1,1,-1,1,1,-1,1,-1,-1,1,1,1,-1,1,-1,1,-1,1,-1], length=71 energy=359}
Best result after 600371 ms running: LabsResult{bits=[1,1,-1,-1,-1,-1,1,1,1,1,1,-1,1,1,-1,-1,-1,-1,-1,-1,-1,1,1,-1,-1,1,-1,1,1,1,1,-1,1,1,1,-1,-1,1,1,1,1,-1,1,-1,1,1,-1,1,1,-1,-1,1,1,1,-1,1,1,-1,1,-1,-1,1,1,1,-1,1,-1,1,-1,1,-1], length=71 energy=359}
Best result after 605374 ms running: LabsResult{bits=[1,1,-1,-1,-1,-1,1,1,1,1,1,-1,1,1,-1,-1,-1,-1,-1,-1,-1,1,1,-1,-1,1,-1,1,1,1,1,-1,1,1,1,-1,-1,1,1,1,1,-1,1,-1,1,1,-1,1,1,-1,-1,1,1,1,-1,1,1,-1,1,-1,-1,1,1,1,-1,1,-1,1,-1,1,-1], length=71 energy=359}
Best result after 610377 ms running: LabsResult{bits=[1,1,-1,-1,-1,-1,1,1,1,1,1,-1,1,1,-1,-1,-1,-1,-1,-1,-1,1,1,-1,-1,1,-1,1,1,1,1,-1,1,1,1,-1,-1,1,1,1,1,-1,1,-1,1,1,-1,1,1,-1,-1,1,1,1,-1,1,1,-1,1,-1,-1,1,1,1,-1,1,-1,1,-1,1,-1], length=71 energy=359}
Best result after 615384 ms running: LabsResult{bits=[1,1,-1,-1,-1,-1,1,1,1,1,1,-1,1,1,-1,-1,-1,-1,-1,-1,-1,1,1,-1,-1,1,-1,1,1,1,1,-1,1,1,1,-1,-1,1,1,1,1,-1,1,-1,1,1,-1,1,1,-1,-1,1,1,1,-1,1,1,-1,1,-1,-1,1,1,1,-1,1,-1,1,-1,1,-1], length=71 energy=359}
Best result after 620387 ms running: LabsResult{bits=[1,1,-1,-1,-1,-1,1,1,1,1,1,-1,1,1,-1,-1,-1,-1,-1,-1,-1,1,1,-1,-1,1,-1,1,1,1,1,-1,1,1,1,-1,-1,1,1,1,1,-1,1,-1,1,1,-1,1,1,-1,-1,1,1,1,-1,1,1,-1,1,-1,-1,1,1,1,-1,1,-1,1,-1,1,-1], length=71 energy=359}
Best result after 625389 ms running: LabsResult{bits=[1,1,-1,-1,-1,-1,1,1,1,1,1,-1,1,1,-1,-1,-1,-1,-1,-1,-1,1,1,-1,-1,1,-1,1,1,1,1,-1,1,1,1,-1,-1,1,1,1,1,-1,1,-1,1,1,-1,1,1,-1,-1,1,1,1,-1,1,1,-1,1,-1,-1,1,1,1,-1,1,-1,1,-1,1,-1], length=71 energy=359}
Best result after 630397 ms running: LabsResult{bits=[1,1,-1,-1,-1,-1,1,1,1,1,1,-1,1,1,-1,-1,-1,-1,-1,-1,-1,1,1,-1,-1,1,-1,1,1,1,1,-1,1,1,1,-1,-1,1,1,1,1,-1,1,-1,1,1,-1,1,1,-1,-1,1,1,1,-1,1,1,-1,1,-1,-1,1,1,1,-1,1,-1,1,-1,1,-1], length=71 energy=359}
Best result after 635400 ms running: LabsResult{bits=[1,1,-1,-1,-1,-1,1,1,1,1,1,-1,1,1,-1,-1,-1,-1,-1,-1,-1,1,1,-1,-1,1,-1,1,1,1,1,-1,1,1,1,-1,-1,1,1,1,1,-1,1,-1,1,1,-1,1,1,-1,-1,1,1,1,-1,1,1,-1,1,-1,-1,1,1,1,-1,1,-1,1,-1,1,-1], length=71 energy=359}
Best result after 640402 ms running: LabsResult{bits=[1,1,-1,-1,-1,-1,1,1,1,1,1,-1,1,1,-1,-1,-1,-1,-1,-1,-1,1,1,-1,-1,1,-1,1,1,1,1,-1,1,1,1,-1,-1,1,1,1,1,-1,1,-1,1,1,-1,1,1,-1,-1,1,1,1,-1,1,1,-1,1,-1,-1,1,1,1,-1,1,-1,1,-1,1,-1], length=71 energy=359}
Best result after 645410 ms running: LabsResult{bits=[1,1,-1,-1,-1,-1,1,1,1,1,1,-1,1,1,-1,-1,-1,-1,-1,-1,-1,1,1,-1,-1,1,-1,1,1,1,1,-1,1,1,1,-1,-1,1,1,1,1,-1,1,-1,1,1,-1,1,1,-1,-1,1,1,1,-1,1,1,-1,1,-1,-1,1,1,1,-1,1,-1,1,-1,1,-1], length=71 energy=359}
Best result after 650413 ms running: LabsResult{bits=[1,1,-1,-1,-1,-1,1,1,1,1,1,-1,1,1,-1,-1,-1,-1,-1,-1,-1,1,1,-1,-1,1,-1,1,1,1,1,-1,1,1,1,-1,-1,1,1,1,1,-1,1,-1,1,1,-1,1,1,-1,-1,1,1,1,-1,1,1,-1,1,-1,-1,1,1,1,-1,1,-1,1,-1,1,-1], length=71 energy=359}
Best result after 655414 ms running: LabsResult{bits=[1,1,-1,-1,-1,-1,1,1,1,1,1,-1,1,1,-1,-1,-1,-1,-1,-1,-1,1,1,-1,-1,1,-1,1,1,1,1,-1,1,1,1,-1,-1,1,1,1,1,-1,1,-1,1,1,-1,1,1,-1,-1,1,1,1,-1,1,1,-1,1,-1,-1,1,1,1,-1,1,-1,1,-1,1,-1], length=71 energy=359}
Best result after 660416 ms running: LabsResult{bits=[1,1,-1,-1,-1,-1,1,1,1,1,1,-1,1,1,-1,-1,-1,-1,-1,-1,-1,1,1,-1,-1,1,-1,1,1,1,1,-1,1,1,1,-1,-1,1,1,1,1,-1,1,-1,1,1,-1,1,1,-1,-1,1,1,1,-1,1,1,-1,1,-1,-1,1,1,1,-1,1,-1,1,-1,1,-1], length=71 energy=359}
Best result after 665418 ms running: LabsResult{bits=[1,1,-1,-1,-1,-1,1,1,1,1,1,-1,1,1,-1,-1,-1,-1,-1,-1,-1,1,1,-1,-1,1,-1,1,1,1,1,-1,1,1,1,-1,-1,1,1,1,1,-1,1,-1,1,1,-1,1,1,-1,-1,1,1,1,-1,1,1,-1,1,-1,-1,1,1,1,-1,1,-1,1,-1,1,-1], length=71 energy=359}
Best result after 670421 ms running: LabsResult{bits=[1,1,-1,-1,-1,-1,1,1,1,1,1,-1,1,1,-1,-1,-1,-1,-1,-1,-1,1,1,-1,-1,1,-1,1,1,1,1,-1,1,1,1,-1,-1,1,1,1,1,-1,1,-1,1,1,-1,1,1,-1,-1,1,1,1,-1,1,1,-1,1,-1,-1,1,1,1,-1,1,-1,1,-1,1,-1], length=71 energy=359}
Best result after 675424 ms running: LabsResult{bits=[1,1,-1,-1,-1,-1,1,1,1,1,1,-1,1,1,-1,-1,-1,-1,-1,-1,-1,1,1,-1,-1,1,-1,1,1,1,1,-1,1,1,1,-1,-1,1,1,1,1,-1,1,-1,1,1,-1,1,1,-1,-1,1,1,1,-1,1,1,-1,1,-1,-1,1,1,1,-1,1,-1,1,-1,1,-1], length=71 energy=359}
Best result after 680426 ms running: LabsResult{bits=[1,1,-1,-1,-1,-1,1,1,1,1,1,-1,1,1,-1,-1,-1,-1,-1,-1,-1,1,1,-1,-1,1,-1,1,1,1,1,-1,1,1,1,-1,-1,1,1,1,1,-1,1,-1,1,1,-1,1,1,-1,-1,1,1,1,-1,1,1,-1,1,-1,-1,1,1,1,-1,1,-1,1,-1,1,-1], length=71 energy=359}
Best result after 685434 ms running: LabsResult{bits=[1,1,-1,-1,-1,-1,1,1,1,1,1,-1,1,1,-1,-1,-1,-1,-1,-1,-1,1,1,-1,-1,1,-1,1,1,1,1,-1,1,1,1,-1,-1,1,1,1,1,-1,1,-1,1,1,-1,1,1,-1,-1,1,1,1,-1,1,1,-1,1,-1,-1,1,1,1,-1,1,-1,1,-1,1,-1], length=71 energy=359}
Best result after 690436 ms running: LabsResult{bits=[1,1,-1,-1,-1,-1,1,1,1,1,1,-1,1,1,-1,-1,-1,-1,-1,-1,-1,1,1,-1,-1,1,-1,1,1,1,1,-1,1,1,1,-1,-1,1,1,1,1,-1,1,-1,1,1,-1,1,1,-1,-1,1,1,1,-1,1,1,-1,1,-1,-1,1,1,1,-1,1,-1,1,-1,1,-1], length=71 energy=359}
Best result after 695438 ms running: LabsResult{bits=[1,1,-1,-1,-1,-1,1,1,1,1,1,-1,1,1,-1,-1,-1,-1,-1,-1,-1,1,1,-1,-1,1,-1,1,1,1,1,-1,1,1,1,-1,-1,1,1,1,1,-1,1,-1,1,1,-1,1,1,-1,-1,1,1,1,-1,1,1,-1,1,-1,-1,1,1,1,-1,1,-1,1,-1,1,-1], length=71 energy=359}
Best result after 700446 ms running: LabsResult{bits=[1,1,-1,-1,-1,-1,1,1,1,1,1,-1,1,1,-1,-1,-1,-1,-1,-1,-1,1,1,-1,-1,1,-1,1,1,1,1,-1,1,1,1,-1,-1,1,1,1,1,-1,1,-1,1,1,-1,1,1,-1,-1,1,1,1,-1,1,1,-1,1,-1,-1,1,1,1,-1,1,-1,1,-1,1,-1], length=71 energy=359}
Best result after 705448 ms running: LabsResult{bits=[1,1,-1,-1,-1,-1,1,1,1,1,1,-1,1,1,-1,-1,-1,-1,-1,-1,-1,1,1,-1,-1,1,-1,1,1,1,1,-1,1,1,1,-1,-1,1,1,1,1,-1,1,-1,1,1,-1,1,1,-1,-1,1,1,1,-1,1,1,-1,1,-1,-1,1,1,1,-1,1,-1,1,-1,1,-1], length=71 energy=359}
Best result after 710451 ms running: LabsResult{bits=[1,1,-1,-1,-1,-1,1,1,1,1,1,-1,1,1,-1,-1,-1,-1,-1,-1,-1,1,1,-1,-1,1,-1,1,1,1,1,-1,1,1,1,-1,-1,1,1,1,1,-1,1,-1,1,1,-1,1,1,-1,-1,1,1,1,-1,1,1,-1,1,-1,-1,1,1,1,-1,1,-1,1,-1,1,-1], length=71 energy=359}
Best result after 715453 ms running: LabsResult{bits=[1,1,-1,-1,-1,-1,1,1,1,1,1,-1,1,1,-1,-1,-1,-1,-1,-1,-1,1,1,-1,-1,1,-1,1,1,1,1,-1,1,1,1,-1,-1,1,1,1,1,-1,1,-1,1,1,-1,1,1,-1,-1,1,1,1,-1,1,1,-1,1,-1,-1,1,1,1,-1,1,-1,1,-1,1,-1], length=71 energy=359}
Best result after 720455 ms running: LabsResult{bits=[1,1,-1,-1,-1,-1,1,1,1,1,1,-1,1,1,-1,-1,-1,-1,-1,-1,-1,1,1,-1,-1,1,-1,1,1,1,1,-1,1,1,1,-1,-1,1,1,1,1,-1,1,-1,1,1,-1,1,1,-1,-1,1,1,1,-1,1,1,-1,1,-1,-1,1,1,1,-1,1,-1,1,-1,1,-1], length=71 energy=359}
Best result after 725457 ms running: LabsResult{bits=[1,1,-1,-1,-1,-1,1,1,1,1,1,-1,1,1,-1,-1,-1,-1,-1,-1,-1,1,1,-1,-1,1,-1,1,1,1,1,-1,1,1,1,-1,-1,1,1,1,1,-1,1,-1,1,1,-1,1,1,-1,-1,1,1,1,-1,1,1,-1,1,-1,-1,1,1,1,-1,1,-1,1,-1,1,-1], length=71 energy=359}
Best result after 730459 ms running: LabsResult{bits=[1,1,-1,-1,-1,-1,1,1,1,1,1,-1,1,1,-1,-1,-1,-1,-1,-1,-1,1,1,-1,-1,1,-1,1,1,1,1,-1,1,1,1,-1,-1,1,1,1,1,-1,1,-1,1,1,-1,1,1,-1,-1,1,1,1,-1,1,1,-1,1,-1,-1,1,1,1,-1,1,-1,1,-1,1,-1], length=71 energy=359}
Best result after 735461 ms running: LabsResult{bits=[1,1,-1,-1,-1,-1,1,1,1,1,1,-1,1,1,-1,-1,-1,-1,-1,-1,-1,1,1,-1,-1,1,-1,1,1,1,1,-1,1,1,1,-1,-1,1,1,1,1,-1,1,-1,1,1,-1,1,1,-1,-1,1,1,1,-1,1,1,-1,1,-1,-1,1,1,1,-1,1,-1,1,-1,1,-1], length=71 energy=359}
Best result after 740464 ms running: LabsResult{bits=[1,1,-1,-1,-1,-1,1,1,1,1,1,-1,1,1,-1,-1,-1,-1,-1,-1,-1,1,1,-1,-1,1,-1,1,1,1,1,-1,1,1,1,-1,-1,1,1,1,1,-1,1,-1,1,1,-1,1,1,-1,-1,1,1,1,-1,1,1,-1,1,-1,-1,1,1,1,-1,1,-1,1,-1,1,-1], length=71 energy=359}
Best result after 745465 ms running: LabsResult{bits=[1,1,-1,-1,-1,-1,1,1,1,1,1,-1,1,1,-1,-1,-1,-1,-1,-1,-1,1,1,-1,-1,1,-1,1,1,1,1,-1,1,1,1,-1,-1,1,1,1,1,-1,1,-1,1,1,-1,1,1,-1,-1,1,1,1,-1,1,1,-1,1,-1,-1,1,1,1,-1,1,-1,1,-1,1,-1], length=71 energy=359}
Best result after 750468 ms running: LabsResult{bits=[1,1,-1,-1,-1,-1,1,1,1,1,1,-1,1,1,-1,-1,-1,-1,-1,-1,-1,1,1,-1,-1,1,-1,1,1,1,1,-1,1,1,1,-1,-1,1,1,1,1,-1,1,-1,1,1,-1,1,1,-1,-1,1,1,1,-1,1,1,-1,1,-1,-1,1,1,1,-1,1,-1,1,-1,1,-1], length=71 energy=359}
Best result after 755471 ms running: LabsResult{bits=[1,1,-1,-1,-1,-1,1,1,1,1,1,-1,1,1,-1,-1,-1,-1,-1,-1,-1,1,1,-1,-1,1,-1,1,1,1,1,-1,1,1,1,-1,-1,1,1,1,1,-1,1,-1,1,1,-1,1,1,-1,-1,1,1,1,-1,1,1,-1,1,-1,-1,1,1,1,-1,1,-1,1,-1,1,-1], length=71 energy=359}
Best result after 760472 ms running: LabsResult{bits=[1,1,-1,-1,-1,-1,1,1,1,1,1,-1,1,1,-1,-1,-1,-1,-1,-1,-1,1,1,-1,-1,1,-1,1,1,1,1,-1,1,1,1,-1,-1,1,1,1,1,-1,1,-1,1,1,-1,1,1,-1,-1,1,1,1,-1,1,1,-1,1,-1,-1,1,1,1,-1,1,-1,1,-1,1,-1], length=71 energy=359}
Best result after 765474 ms running: LabsResult{bits=[1,1,-1,-1,-1,-1,1,1,1,1,1,-1,1,1,-1,-1,-1,-1,-1,-1,-1,1,1,-1,-1,1,-1,1,1,1,1,-1,1,1,1,-1,-1,1,1,1,1,-1,1,-1,1,1,-1,1,1,-1,-1,1,1,1,-1,1,1,-1,1,-1,-1,1,1,1,-1,1,-1,1,-1,1,-1], length=71 energy=359}
Best result after 770477 ms running: LabsResult{bits=[1,1,-1,-1,-1,-1,1,1,1,1,1,-1,1,1,-1,-1,-1,-1,-1,-1,-1,1,1,-1,-1,1,-1,1,1,1,1,-1,1,1,1,-1,-1,1,1,1,1,-1,1,-1,1,1,-1,1,1,-1,-1,1,1,1,-1,1,1,-1,1,-1,-1,1,1,1,-1,1,-1,1,-1,1,-1], length=71 energy=359}
Best result after 775479 ms running: LabsResult{bits=[1,1,-1,-1,-1,-1,1,1,1,1,1,-1,1,1,-1,-1,-1,-1,-1,-1,-1,1,1,-1,-1,1,-1,1,1,1,1,-1,1,1,1,-1,-1,1,1,1,1,-1,1,-1,1,1,-1,1,1,-1,-1,1,1,1,-1,1,1,-1,1,-1,-1,1,1,1,-1,1,-1,1,-1,1,-1], length=71 energy=359}
Best result after 780482 ms running: LabsResult{bits=[1,1,-1,-1,-1,-1,1,1,1,1,1,-1,1,1,-1,-1,-1,-1,-1,-1,-1,1,1,-1,-1,1,-1,1,1,1,1,-1,1,1,1,-1,-1,1,1,1,1,-1,1,-1,1,1,-1,1,1,-1,-1,1,1,1,-1,1,1,-1,1,-1,-1,1,1,1,-1,1,-1,1,-1,1,-1], length=71 energy=359}
Best result after 785485 ms running: LabsResult{bits=[1,1,-1,-1,-1,-1,1,1,1,1,1,-1,1,1,-1,-1,-1,-1,-1,-1,-1,1,1,-1,-1,1,-1,1,1,1,1,-1,1,1,1,-1,-1,1,1,1,1,-1,1,-1,1,1,-1,1,1,-1,-1,1,1,1,-1,1,1,-1,1,-1,-1,1,1,1,-1,1,-1,1,-1,1,-1], length=71 energy=359}
Best result after 790488 ms running: LabsResult{bits=[1,1,-1,-1,-1,-1,1,1,1,1,1,-1,1,1,-1,-1,-1,-1,-1,-1,-1,1,1,-1,-1,1,-1,1,1,1,1,-1,1,1,1,-1,-1,1,1,1,1,-1,1,-1,1,1,-1,1,1,-1,-1,1,1,1,-1,1,1,-1,1,-1,-1,1,1,1,-1,1,-1,1,-1,1,-1], length=71 energy=359}
Best result after 795491 ms running: LabsResult{bits=[1,1,-1,-1,-1,-1,1,1,1,1,1,-1,1,1,-1,-1,-1,-1,-1,-1,-1,1,1,-1,-1,1,-1,1,1,1,1,-1,1,1,1,-1,-1,1,1,1,1,-1,1,-1,1,1,-1,1,1,-1,-1,1,1,1,-1,1,1,-1,1,-1,-1,1,1,1,-1,1,-1,1,-1,1,-1], length=71 energy=359}
Best result after 800492 ms running: LabsResult{bits=[1,1,-1,-1,-1,-1,1,1,1,1,1,-1,1,1,-1,-1,-1,-1,-1,-1,-1,1,1,-1,-1,1,-1,1,1,1,1,-1,1,1,1,-1,-1,1,1,1,1,-1,1,-1,1,1,-1,1,1,-1,-1,1,1,1,-1,1,1,-1,1,-1,-1,1,1,1,-1,1,-1,1,-1,1,-1], length=71 energy=359}
Best result after 1164924 ms running: LabsResult{bits=[1,1,-1,-1,-1,-1,1,1,1,1,1,-1,1,1,-1,-1,-1,-1,-1,-1,-1,1,1,-1,-1,1,-1,1,1,1,1,-1,1,1,1,-1,-1,1,1,1,1,-1,1,-1,1,1,-1,1,1,-1,-1,1,1,1,-1,1,1,-1,1,-1,-1,1,1,1,-1,1,-1,1,-1,1,-1], length=71 energy=359}
Best result after 1169926 ms running: LabsResult{bits=[1,1,-1,-1,-1,-1,1,1,1,1,1,-1,1,1,-1,-1,-1,-1,-1,-1,-1,1,1,-1,-1,1,-1,1,1,1,1,-1,1,1,1,-1,-1,1,1,1,1,-1,1,-1,1,1,-1,1,1,-1,-1,1,1,1,-1,1,1,-1,1,-1,-1,1,1,1,-1,1,-1,1,-1,1,-1], length=71 energy=359}
Best result after 1174928 ms running: LabsResult{bits=[1,1,-1,-1,-1,-1,1,1,1,1,1,-1,1,1,-1,-1,-1,-1,-1,-1,-1,1,1,-1,-1,1,-1,1,1,1,1,-1,1,1,1,-1,-1,1,1,1,1,-1,1,-1,1,1,-1,1,1,-1,-1,1,1,1,-1,1,1,-1,1,-1,-1,1,1,1,-1,1,-1,1,-1,1,-1], length=71 energy=359}
Best result after 1179931 ms running: LabsResult{bits=[1,1,-1,-1,-1,-1,1,1,1,1,1,-1,1,1,-1,-1,-1,-1,-1,-1,-1,1,1,-1,-1,1,-1,1,1,1,1,-1,1,1,1,-1,-1,1,1,1,1,-1,1,-1,1,1,-1,1,1,-1,-1,1,1,1,-1,1,1,-1,1,-1,-1,1,1,1,-1,1,-1,1,-1,1,-1], length=71 energy=359}
Best result after 1184933 ms running: LabsResult{bits=[1,1,-1,-1,-1,-1,1,1,1,1,1,-1,1,1,-1,-1,-1,-1,-1,-1,-1,1,1,-1,-1,1,-1,1,1,1,1,-1,1,1,1,-1,-1,1,1,1,1,-1,1,-1,1,1,-1,1,1,-1,-1,1,1,1,-1,1,1,-1,1,-1,-1,1,1,1,-1,1,-1,1,-1,1,-1], length=71 energy=359}
Best result after 1189935 ms running: LabsResult{bits=[1,1,-1,-1,-1,-1,1,1,1,1,1,-1,1,1,-1,-1,-1,-1,-1,-1,-1,1,1,-1,-1,1,-1,1,1,1,1,-1,1,1,1,-1,-1,1,1,1,1,-1,1,-1,1,1,-1,1,1,-1,-1,1,1,1,-1,1,1,-1,1,-1,-1,1,1,1,-1,1,-1,1,-1,1,-1], length=71 energy=359}
Best result after 1194943 ms running: LabsResult{bits=[1,1,-1,-1,-1,-1,1,1,1,1,1,-1,1,1,-1,-1,-1,-1,-1,-1,-1,1,1,-1,-1,1,-1,1,1,1,1,-1,1,1,1,-1,-1,1,1,1,1,-1,1,-1,1,1,-1,1,1,-1,-1,1,1,1,-1,1,1,-1,1,-1,-1,1,1,1,-1,1,-1,1,-1,1,-1], length=71 energy=359}
Best result after 1199946 ms running: LabsResult{bits=[1,1,-1,-1,-1,-1,1,1,1,1,1,-1,1,1,-1,-1,-1,-1,-1,-1,-1,1,1,-1,-1,1,-1,1,1,1,1,-1,1,1,1,-1,-1,1,1,1,1,-1,1,-1,1,1,-1,1,1,-1,-1,1,1,1,-1,1,1,-1,1,-1,-1,1,1,1,-1,1,-1,1,-1,1,-1], length=71 energy=359}
Best result after 1200001 ms running: LabsResult{bits=[1,1,-1,-1,-1,-1,1,1,1,1,1,-1,1,1,-1,-1,-1,-1,-1,-1,-1,1,1,-1,-1,1,-1,1,1,1,1,-1,1,1,1,-1,-1,1,1,1,1,-1,1,-1,1,1,-1,1,1,-1,-1,1,1,1,-1,1,1,-1,1,-1,-1,1,1,1,-1,1,-1,1,-1,1,-1], length=71 energy=359}
Best result: LabsResult{bits=[1,1,-1,-1,-1,-1,1,1,1,1,1,-1,1,1,-1,-1,-1,-1,-1,-1,-1,1,1,-1,-1,1,-1,1,1,1,1,-1,1,1,1,-1,-1,1,1,1,1,-1,1,-1,1,1,-1,1,1,-1,-1,1,1,1,-1,1,1,-1,1,-1,-1,1,1,1,-1,1,-1,1,-1,1,-1], length=71 energy=359}