Best result after 5000 ms running: LabsResult{bits=[1,1,1,1,-1,1,1,-1,1,1,-1,-1,1,1,1,1,-1,1,1,-1,-1,-1,1,-1,-1,-1,-1,1,1,1,-1,-1,1,-1,1,1,1,1,-1,1,-1,-1,-1,1,-1,1,-1,1,-1,-1], length=50 energy=193}
Best result after 10026 ms running: LabsResult{bits=[1,1,1,1,-1,1,1,-1,1,1,-1,-1,1,1,1,1,-1,1,1,-1,-1,-1,1,-1,-1,-1,-1,1,1,1,-1,-1,1,-1,1,1,1,1,-1,1,-1,-1,-1,1,-1,1,-1,1,-1,-1], length=50 energy=193}
Best result after 15027 ms running: LabsResult{bits=[1,1,1,1,-1,1,1,-1,1,1,-1,-1,1,1,1,1,-1,1,1,-1,-1,-1,1,-1,-1,-1,-1,1,1,1,-1,-1,1,-1,1,1,1,1,-1,1,-1,-1,-1,1,-1,1,-1,1,-1,-1], length=50 energy=193}
Best result after 20027 ms running: LabsResult{bits=[1,1,1,1,-1,1,1,-1,1,1,-1,-1,1,1,1,1,-1,1,1,-1,-1,-1,1,-1,-1,-1,-1,1,1,1,-1,-1,1,-1,1,1,1,1,-1,1,-1,-1,-1,1,-1,1,-1,1,-1,-1], length=50 energy=193}
Best result after 25028 ms running: LabsResult{bits=[1,1,1,1,1,1,1,1,1,-1,-1,-1,1,-1,-1,1,1,-1,1,1,-1,-1,1,1,-1,1,-1,1,1,-1,-1,1,-1,1,-1,1,1,-1,-1,-1,1,1,1,-1,-1,-1,-1,1,-1,1], length=50 energy=185}
Best result after 30029 ms running: LabsResult{bits=[1,1,1,1,1,1,1,1,1,-1,-1,-1,1,-1,-1,1,1,-1,1,1,-1,-1,1,1,-1,1,-1,1,1,-1,-1,1,-1,1,-1,1,1,-1,-1,-1,1,1,1,-1,-1,-1,-1,1,-1,1], length=50 energy=185}
Best result after 35029 ms running: LabsResult{bits=[1,1,1,1,1,1,1,1,1,-1,-1,-1,1,-1,-1,1,1,-1,1,1,-1,-1,1,1,-1,1,-1,1,1,-1,-1,1,-1,1,-1,1,1,-1,-1,-1,1,1,1,-1,-1,-1,-1,1,-1,1], length=50 energy=185}
Best result after 40030 ms running: LabsResult{bits=[1,1,1,1,1,1,1,1,1,-1,-1,-1,1,-1,-1,1,1,-1,1,1,-1,-1,1,1,-1,1,-1,1,1,-1,-1,1,-1,1,-1,1,1,-1,-1,-1,1,1,1,-1,-1,-1,-1,1,-1,1], length=50 energy=185}
Best result after 45030 ms running: LabsResult{bits=[1,1,1,1,1,1,1,1,1,-1,-1,-1,1,-1,-1,1,1,-1,1,1,-1,-1,1,1,-1,1,-1,1,1,-1,-1,1,-1,1,-1,1,1,-1,-1,-1,1,1,1,-1,-1,-1,-1,1,-1,1], length=50 energy=185}
Best result after 50031 ms running: LabsResult{bits=[1,1,1,1,1,1,1,1,1,-1,-1,-1,1,-1,-1,1,1,-1,1,1,-1,-1,1,1,-1,1,-1,1,1,-1,-1,1,-1,1,-1,1,1,-1,-1,-1,1,1,1,-1,-1,-1,-1,1,-1,1], length=50 energy=185}
Best result after 55032 ms running: LabsResult{bits=[1,1,1,1,1,1,1,1,1,-1,-1,-1,1,-1,-1,1,1,-1,1,1,-1,-1,1,1,-1,1,-1,1,1,-1,-1,1,-1,1,-1,1,1,-1,-1,-1,1,1,1,-1,-1,-1,-1,1,-1,1], length=50 energy=185}
Best result after 60032 ms running: LabsResult{bits=[1,1,1,1,1,1,1,1,1,-1,-1,-1,1,-1,-1,1,1,-1,1,1,-1,-1,1,1,-1,1,-1,1,1,-1,-1,1,-1,1,-1,1,1,-1,-1,-1,1,1,1,-1,-1,-1,-1,1,-1,1], length=50 energy=185}
Best result after 65033 ms running: LabsResult{bits=[1,1,-1,-1,-1,-1,1,-1,1,1,1,1,-1,1,-1,-1,-1,-1,1,1,-1,-1,1,-1,1,1,1,1,-1,-1,1,1,-1,1,-1,-1,-1,1,-1,-1,-1,1,-1,-1,-1,-1,-1,1,-1,-1], length=50 energy=153}
Best result after 70036 ms running: LabsResult{bits=[1,1,-1,-1,-1,-1,1,-1,1,1,1,1,-1,1,-1,-1,-1,-1,1,1,-1,-1,1,-1,1,1,1,1,-1,-1,1,1,-1,1,-1,-1,-1,1,-1,-1,-1,1,-1,-1,-1,-1,-1,1,-1,-1], length=50 energy=153}
Best result after 75037 ms running: LabsResult{bits=[1,1,-1,-1,-1,-1,1,-1,1,1,1,1,-1,1,-1,-1,-1,-1,1,1,-1,-1,1,-1,1,1,1,1,-1,-1,1,1,-1,1,-1,-1,-1,1,-1,-1,-1,1,-1,-1,-1,-1,-1,1,-1,-1], length=50 energy=153}
Best result after 80044 ms running: LabsResult{bits=[1,1,-1,-1,-1,-1,1,-1,1,1,1,1,-1,1,-1,-1,-1,-1,1,1,-1,-1,1,-1,1,1,1,1,-1,-1,1,1,-1,1,-1,-1,-1,1,-1,-1,-1,1,-1,-1,-1,-1,-1,1,-1,-1], length=50 energy=153}
Best result after 85045 ms running: LabsResult{bits=[1,1,-1,-1,-1,-1,1,-1,1,1,1,1,-1,1,-1,-1,-1,-1,1,1,-1,-1,1,-1,1,1,1,1,-1,-1,1,1,-1,1,-1,-1,-1,1,-1,-1,-1,1,-1,-1,-1,-1,-1,1,-1,-1], length=50 energy=153}
Best result after 90047 ms running: LabsResult{bits=[1,1,-1,-1,-1,-1,1,-1,1,1,1,1,-1,1,-1,-1,-1,-1,1,1,-1,-1,1,-1,1,1,1,1,-1,-1,1,1,-1,1,-1,-1,-1,1,-1,-1,-1,1,-1,-1,-1,-1,-1,1,-1,-1], length=50 energy=153}
Best result after 95049 ms running: LabsResult{bits=[1,1,-1,-1,-1,-1,1,-1,1,1,1,1,-1,1,-1,-1,-1,-1,1,1,-1,-1,1,-1,1,1,1,1,-1,-1,1,1,-1,1,-1,-1,-1,1,-1,-1,-1,1,-1,-1,-1,-1,-1,1,-1,-1], length=50 energy=153}
Best result after 100050 ms running: LabsResult{bits=[1,1,-1,-1,-1,-1,1,-1,1,1,1,1,-1,1,-1,-1,-1,-1,1,1,-1,-1,1,-1,1,1,1,1,-1,-1,1,1,-1,1,-1,-1,-1,1,-1,-1,-1,1,-1,-1,-1,-1,-1,1,-1,-1], length=50 energy=153}
Best result after 105052 ms running: LabsResult{bits=[1,1,-1,-1,-1,-1,1,-1,1,1,1,1,-1,1,-1,-1,-1,-1,1,1,-1,-1,1,-1,1,1,1,1,-1,-1,1,1,-1,1,-1,-1,-1,1,-1,-1,-1,1,-1,-1,-1,-1,-1,1,-1,-1], length=50 energy=153}
Best result after 110054 ms running: LabsResult{bits=[1,1,-1,-1,-1,-1,1,-1,1,1,1,1,-1,1,-1,-1,-1,-1,1,1,-1,-1,1,-1,1,1,1,1,-1,-1,1,1,-1,1,-1,-1,-1,1,-1,-1,-1,1,-1,-1,-1,-1,-1,1,-1,-1], length=50 energy=153}
Best result after 115056 ms running: LabsResult{bits=[1,1,-1,-1,-1,-1,1,-1,1,1,1,1,-1,1,-1,-1,-1,-1,1,1,-1,-1,1,-1,1,1,1,1,-1,-1,1,1,-1,1,-1,-1,-1,1,-1,-1,-1,1,-1,-1,-1,-1,-1,1,-1,-1], length=50 energy=153}
Best result after 120058 ms running: LabsResult{bits=[1,1,-1,-1,-1,-1,1,-1,1,1,1,1,-1,1,-1,-1,-1,-1,1,1,-1,-1,1,-1,1,1,1,1,-1,-1,1,1,-1,1,-1,-1,-1,1,-1,-1,-1,1,-1,-1,-1,-1,-1,1,-1,-1], length=50 energy=153}
Best result after 125060 ms running: LabsResult{bits=[1,1,-1,-1,-1,-1,1,-1,1,1,1,1,-1,1,-1,-1,-1,-1,1,1,-1,-1,1,-1,1,1,1,1,-1,-1,1,1,-1,1,-1,-1,-1,1,-1,-1,-1,1,-1,-1,-1,-1,-1,1,-1,-1], length=50 energy=153}
Best result after 130061 ms running: LabsResult{bits=[1,1,-1,-1,-1,-1,1,-1,1,1,1,1,-1,1,-1,-1,-1,-1,1,1,-1,-1,1,-1,1,1,1,1,-1,-1,1,1,-1,1,-1,-1,-1,1,-1,-1,-1,1,-1,-1,-1,-1,-1,1,-1,-1], length=50 energy=153}
Best result after 135063 ms running: LabsResult{bits=[1,1,-1,-1,-1,-1,1,-1,1,1,1,1,-1,1,-1,-1,-1,-1,1,1,-1,-1,1,-1,1,1,1,1,-1,-1,1,1,-1,1,-1,-1,-1,1,-1,-1,-1,1,-1,-1,-1,-1,-1,1,-1,-1], length=50 energy=153}
Best result after 140064 ms running: LabsResult{bits=[1,1,-1,-1,-1,-1,1,-1,1,1,1,1,-1,1,-1,-1,-1,-1,1,1,-1,-1,1,-1,1,1,1,1,-1,-1,1,1,-1,1,-1,-1,-1,1,-1,-1,-1,1,-1,-1,-1,-1,-1,1,-1,-1], length=50 energy=153}
Best result after 145066 ms running: LabsResult{bits=[1,1,-1,-1,-1,-1,1,-1,1,1,1,1,-1,1,-1,-1,-1,-1,1,1,-1,-1,1,-1,1,1,1,1,-1,-1,1,1,-1,1,-1,-1,-1,1,-1,-1,-1,1,-1,-1,-1,-1,-1,1,-1,-1], length=50 energy=153}
Best result after 150067 ms running: LabsResult{bits=[1,1,-1,-1,-1,-1,1,-1,1,1,1,1,-1,1,-1,-1,-1,-1,1,1,-1,-1,1,-1,1,1,1,1,-1,-1,1,1,-1,1,-1,-1,-1,1,-1,-1,-1,1,-1,-1,-1,-1,-1,1,-1,-1], length=50 energy=153}
Best result after 155068 ms running: LabsResult{bits=[1,1,-1,-1,-1,-1,1,-1,1,1,1,1,-1,1,-1,-1,-1,-1,1,1,-1,-1,1,-1,1,1,1,1,-1,-1,1,1,-1,1,-1,-1,-1,1,-1,-1,-1,1,-1,-1,-1,-1,-1,1,-1,-1], length=50 energy=153}
Best result after 160074 ms running: LabsResult{bits=[1,1,-1,-1,-1,-1,1,-1,1,1,1,1,-1,1,-1,-1,-1,-1,1,1,-1,-1,1,-1,1,1,1,1,-1,-1,1,1,-1,1,-1,-1,-1,1,-1,-1,-1,1,-1,-1,-1,-1,-1,1,-1,-1], length=50 energy=153}
Best result after 165076 ms running: LabsResult{bits=[1,1,-1,-1,-1,-1,1,-1,1,1,1,1,-1,1,-1,-1,-1,-1,1,1,-1,-1,1,-1,1,1,1,1,-1,-1,1,1,-1,1,-1,-1,-1,1,-1,-1,-1,1,-1,-1,-1,-1,-1,1,-1,-1], length=50 energy=153}
Best result after 170078 ms running: LabsResult{bits=[1,1,-1,-1,-1,-1,1,-1,1,1,1,1,-1,1,-1,-1,-1,-1,1,1,-1,-1,1,-1,1,1,1,1,-1,-1,1,1,-1,1,-1,-1,-1,1,-1,-1,-1,1,-1,-1,-1,-1,-1,1,-1,-1], length=50 energy=153}
Best result after 175080 ms running: LabsResult{bits=[1,1,-1,-1,-1,-1,1,-1,1,1,1,1,-1,1,-1,-1,-1,-1,1,1,-1,-1,1,-1,1,1,1,1,-1,-1,1,1,-1,1,-1,-1,-1,1,-1,-1,-1,1,-1,-1,-1,-1,-1,1,-1,-1], length=50 energy=153}
Best result after 180085 ms running: LabsResult{bits=[1,1,-1,-1,-1,-1,1,-1,1,1,1,1,-1,1,-1,-1,-1,-1,1,1,-1,-1,1,-1,1,1,1,1,-1,-1,1,1,-1,1,-1,-1,-1,1,-1,-1,-1,1,-1,-1,-1,-1,-1,1,-1,-1], length=50 energy=153}
Best result after 185087 ms running: LabsResult{bits=[1,1,-1,-1,-1,-1,1,-1,1,1,1,1,-1,1,-1,-1,-1,-1,1,1,-1,-1,1,-1,1,1,1,1,-1,-1,1,1,-1,1,-1,-1,-1,1,-1,-1,-1,1,-1,-1,-1,-1,-1,1,-1,-1], length=50 energy=153}
Best result after 190089 ms running: LabsResult{bits=[1,1,-1,-1,-1,-1,1,-1,1,1,1,1,-1,1,-1,-1,-1,-1,1,1,-1,-1,1,-1,1,1,1,1,-1,-1,1,1,-1,1,-1,-1,-1,1,-1,-1,-1,1,-1,-1,-1,-1,-1,1,-1,-1], length=50 energy=153}
Best result after 195090 ms running: LabsResult{bits=[1,1,-1,-1,-1,-1,1,-1,1,1,1,1,-1,1,-1,-1,-1,-1,1,1,-1,-1,1,-1,1,1,1,1,-1,-1,1,1,-1,1,-1,-1,-1,1,-1,-1,-1,1,-1,-1,-1,-1,-1,1,-1,-1], length=50 energy=153}
Best result after 200092 ms running: LabsResult{bits=[1,1,-1,-1,-1,-1,1,-1,1,1,1,1,-1,1,-1,-1,-1,-1,1,1,-1,-1,1,-1,1,1,1,1,-1,-1,1,1,-1,1,-1,-1,-1,1,-1,-1,-1,1,-1,-1,-1,-1,-1,1,-1,-1], length=50 energy=153}
Best result after 205094 ms running: LabsResult{bits=[1,1,-1,-1,-1,-1,1,-1,1,1,1,1,-1,1,-1,-1,-1,-1,1,1,-1,-1,1,-1,1,1,1,1,-1,-1,1,1,-1,1,-1,-1,-1,1,-1,-1,-1,1,-1,-1,-1,-1,-1,1,-1,-1], length=50 energy=153}
Best result after 210095 ms running: LabsResult{bits=[1,1,-1,-1,-1,-1,1,-1,1,1,1,1,-1,1,-1,-1,-1,-1,1,1,-1,-1,1,-1,1,1,1,1,-1,-1,1,1,-1,1,-1,-1,-1,1,-1,-1,-1,1,-1,-1,-1,-1,-1,1,-1,-1], length=50 energy=153}
Best result after 215097 ms running: LabsResult{bits=[1,1,-1,-1,-1,-1,1,-1,1,1,1,1,-1,1,-1,-1,-1,-1,1,1,-1,-1,1,-1,1,1,1,1,-1,-1,1,1,-1,1,-1,-1,-1,1,-1,-1,-1,1,-1,-1,-1,-1,-1,1,-1,-1], length=50 energy=153}
Best result after 220099 ms running: LabsResult{bits=[1,1,-1,-1,-1,-1,1,-1,1,1,1,1,-1,1,-1,-1,-1,-1,1,1,-1,-1,1,-1,1,1,1,1,-1,-1,1,1,-1,1,-1,-1,-1,1,-1,-1,-1,1,-1,-1,-1,-1,-1,1,-1,-1], length=50 energy=153}
Best result after 225100 ms running: LabsResult{bits=[1,1,-1,-1,-1,-1,1,-1,1,1,1,1,-1,1,-1,-1,-1,-1,1,1,-1,-1,1,-1,1,1,1,1,-1,-1,1,1,-1,1,-1,-1,-1,1,-1,-1,-1,1,-1,-1,-1,-1,-1,1,-1,-1], length=50 energy=153}
Best result after 230102 ms running: LabsResult{bits=[1,1,-1,-1,-1,-1,1,-1,1,1,1,1,-1,1,-1,-1,-1,-1,1,1,-1,-1,1,-1,1,1,1,1,-1,-1,1,1,-1,1,-1,-1,-1,1,-1,-1,-1,1,-1,-1,-1,-1,-1,1,-1,-1], length=50 energy=153}
Best result after 235103 ms running: LabsResult{bits=[1,1,-1,-1,-1,-1,1,-1,1,1,1,1,-1,1,-1,-1,-1,-1,1,1,-1,-1,1,-1,1,1,1,1,-1,-1,1,1,-1,1,-1,-1,-1,1,-1,-1,-1,1,-1,-1,-1,-1,-1,1,-1,-1], length=50 energy=153}
Best result after 240105 ms running: LabsResult{bits=[1,1,-1,-1,-1,-1,1,-1,1,1,1,1,-1,1,-1,-1,-1,-1,1,1,-1,-1,1,-1,1,1,1,1,-1,-1,1,1,-1,1,-1,-1,-1,1,-1,-1,-1,1,-1,-1,-1,-1,-1,1,-1,-1], length=50 energy=153}
Best result after 245108 ms running: LabsResult{bits=[1,1,-1,-1,-1,-1,1,-1,1,1,1,1,-1,1,-1,-1,-1,-1,1,1,-1,-1,1,-1,1,1,1,1,-1,-1,1,1,-1,1,-1,-1,-1,1,-1,-1,-1,1,-1,-1,-1,-1,-1,1,-1,-1], length=50 energy=153}
Best result after 250109 ms running: LabsResult{bits=[1,1,-1,-1,-1,-1,1,-1,1,1,1,1,-1,1,-1,-1,-1,-1,1,1,-1,-1,1,-1,1,1,1,1,-1,-1,1,1,-1,1,-1,-1,-1,1,-1,-1,-1,1,-1,-1,-1,-1,-1,1,-1,-1], length=50 energy=153}
Best result after 255112 ms running: LabsResult{bits=[1,1,-1,-1,-1,-1,1,-1,1,1,1,1,-1,1,-1,-1,-1,-1,1,1,-1,-1,1,-1,1,1,1,1,-1,-1,1,1,-1,1,-1,-1,-1,1,-1,-1,-1,1,-1,-1,-1,-1,-1,1,-1,-1], length=50 energy=153}
Best result after 260115 ms running: LabsResult{bits=[1,1,-1,-1,-1,-1,1,-1,1,1,1,1,-1,1,-1,-1,-1,-1,1,1,-1,-1,1,-1,1,1,1,1,-1,-1,1,1,-1,1,-1,-1,-1,1,-1,-1,-1,1,-1,-1,-1,-1,-1,1,-1,-1], length=50 energy=153}
Best result after 265123 ms running: LabsResult{bits=[1,1,-1,-1,-1,-1,1,-1,1,1,1,1,-1,1,-1,-1,-1,-1,1,1,-1,-1,1,-1,1,1,1,1,-1,-1,1,1,-1,1,-1,-1,-1,1,-1,-1,-1,1,-1,-1,-1,-1,-1,1,-1,-1], length=50 energy=153}
Best result after 270125 ms running: LabsResult{bits=[1,1,-1,-1,-1,-1,1,-1,1,1,1,1,-1,1,-1,-1,-1,-1,1,1,-1,-1,1,-1,1,1,1,1,-1,-1,1,1,-1,1,-1,-1,-1,1,-1,-1,-1,1,-1,-1,-1,-1,-1,1,-1,-1], length=50 energy=153}
Best result after 275128 ms running: LabsResult{bits=[1,1,-1,-1,-1,-1,1,-1,1,1,1,1,-1,1,-1,-1,-1,-1,1,1,-1,-1,1,-1,1,1,1,1,-1,-1,1,1,-1,1,-1,-1,-1,1,-1,-1,-1,1,-1,-1,-1,-1,-1,1,-1,-1], length=50 energy=153}
Best result after 280130 ms running: LabsResult{bits=[1,1,-1,-1,-1,-1,1,-1,1,1,1,1,-1,1,-1,-1,-1,-1,1,1,-1,-1,1,-1,1,1,1,1,-1,-1,1,1,-1,1,-1,-1,-1,1,-1,-1,-1,1,-1,-1,-1,-1,-1,1,-1,-1], length=50 energy=153}
Best result after 285132 ms running: LabsResult{bits=[1,1,-1,-1,-1,-1,1,-1,1,1,1,1,-1,1,-1,-1,-1,-1,1,1,-1,-1,1,-1,1,1,1,1,-1,-1,1,1,-1,1,-1,-1,-1,1,-1,-1,-1,1,-1,-1,-1,-1,-1,1,-1,-1], length=50 energy=153}
Best result after 290134 ms running: LabsResult{bits=[1,1,-1,-1,-1,-1,1,-1,1,1,1,1,-1,1,-1,-1,-1,-1,1,1,-1,-1,1,-1,1,1,1,1,-1,-1,1,1,-1,1,-1,-1,-1,1,-1,-1,-1,1,-1,-1,-1,-1,-1,1,-1,-1], length=50 energy=153}
Best result after 295136 ms running: LabsResult{bits=[1,1,-1,-1,-1,-1,1,-1,1,1,1,1,-1,1,-1,-1,-1,-1,1,1,-1,-1,1,-1,1,1,1,1,-1,-1,1,1,-1,1,-1,-1,-1,1,-1,-1,-1,1,-1,-1,-1,-1,-1,1,-1,-1], length=50 energy=153}
Best result after 300138 ms running: LabsResult{bits=[1,1,-1,-1,-1,-1,1,-1,1,1,1,1,-1,1,-1,-1,-1,-1,1,1,-1,-1,1,-1,1,1,1,1,-1,-1,1,1,-1,1,-1,-1,-1,1,-1,-1,-1,1,-1,-1,-1,-1,-1,1,-1,-1], length=50 energy=153}
Best result after 305140 ms running: LabsResult{bits=[1,1,-1,-1,-1,-1,1,-1,1,1,1,1,-1,1,-1,-1,-1,-1,1,1,-1,-1,1,-1,1,1,1,1,-1,-1,1,1,-1,1,-1,-1,-1,1,-1,-1,-1,1,-1,-1,-1,-1,-1,1,-1,-1], length=50 energy=153}
Best result after 310142 ms running: LabsResult{bits=[1,1,-1,-1,-1,-1,1,-1,1,1,1,1,-1,1,-1,-1,-1,-1,1,1,-1,-1,1,-1,1,1,1,1,-1,-1,1,1,-1,1,-1,-1,-1,1,-1,-1,-1,1,-1,-1,-1,-1,-1,1,-1,-1], length=50 energy=153}
Best result after 315143 ms running: LabsResult{bits=[1,1,-1,-1,-1,-1,1,-1,1,1,1,1,-1,1,-1,-1,-1,-1,1,1,-1,-1,1,-1,1,1,1,1,-1,-1,1,1,-1,1,-1,-1,-1,1,-1,-1,-1,1,-1,-1,-1,-1,-1,1,-1,-1], length=50 energy=153}
Best result after 320147 ms running: LabsResult{bits=[1,1,-1,-1,-1,-1,1,-1,1,1,1,1,-1,1,-1,-1,-1,-1,1,1,-1,-1,1,-1,1,1,1,1,-1,-1,1,1,-1,1,-1,-1,-1,1,-1,-1,-1,1,-1,-1,-1,-1,-1,1,-1,-1], length=50 energy=153}
Best result after 325149 ms running: LabsResult{bits=[1,1,-1,-1,-1,-1,1,-1,1,1,1,1,-1,1,-1,-1,-1,-1,1,1,-1,-1,1,-1,1,1,1,1,-1,-1,1,1,-1,1,-1,-1,-1,1,-1,-1,-1,1,-1,-1,-1,-1,-1,1,-1,-1], length=50 energy=153}
Best result after 330150 ms running: LabsResult{bits=[1,1,-1,-1,-1,-1,1,-1,1,1,1,1,-1,1,-1,-1,-1,-1,1,1,-1,-1,1,-1,1,1,1,1,-1,-1,1,1,-1,1,-1,-1,-1,1,-1,-1,-1,1,-1,-1,-1,-1,-1,1,-1,-1], length=50 energy=153}
Best result after 335153 ms running: LabsResult{bits=[1,1,-1,-1,-1,-1,1,-1,1,1,1,1,-1,1,-1,-1,-1,-1,1,1,-1,-1,1,-1,1,1,1,1,-1,-1,1,1,-1,1,-1,-1,-1,1,-1,-1,-1,1,-1,-1,-1,-1,-1,1,-1,-1], length=50 energy=153}
Best result after 340156 ms running: LabsResult{bits=[1,1,-1,-1,-1,-1,1,-1,1,1,1,1,-1,1,-1,-1,-1,-1,1,1,-1,-1,1,-1,1,1,1,1,-1,-1,1,1,-1,1,-1,-1,-1,1,-1,-1,-1,1,-1,-1,-1,-1,-1,1,-1,-1], length=50 energy=153}
Best result after 345157 ms running: LabsResult{bits=[1,1,-1,-1,-1,-1,1,-1,1,1,1,1,-1,1,-1,-1,-1,-1,1,1,-1,-1,1,-1,1,1,1,1,-1,-1,1,1,-1,1,-1,-1,-1,1,-1,-1,-1,1,-1,-1,-1,-1,-1,1,-1,-1], length=50 energy=153}
Best result after 350159 ms running: LabsResult{bits=[1,1,-1,-1,-1,-1,1,-1,1,1,1,1,-1,1,-1,-1,-1,-1,1,1,-1,-1,1,-1,1,1,1,1,-1,-1,1,1,-1,1,-1,-1,-1,1,-1,-1,-1,1,-1,-1,-1,-1,-1,1,-1,-1], length=50 energy=153}
Best result after 355161 ms running: LabsResult{bits=[1,1,-1,-1,-1,-1,1,-1,1,1,1,1,-1,1,-1,-1,-1,-1,1,1,-1,-1,1,-1,1,1,1,1,-1,-1,1,1,-1,1,-1,-1,-1,1,-1,-1,-1,1,-1,-1,-1,-1,-1,1,-1,-1], length=50 energy=153}
Best result after 360162 ms running: LabsResult{bits=[1,1,-1,-1,-1,-1,1,-1,1,1,1,1,-1,1,-1,-1,-1,-1,1,1,-1,-1,1,-1,1,1,1,1,-1,-1,1,1,-1,1,-1,-1,-1,1,-1,-1,-1,1,-1,-1,-1,-1,-1,1,-1,-1], length=50 energy=153}
Best result after 365164 ms running: LabsResult{bits=[1,1,-1,-1,-1,-1,1,-1,1,1,1,1,-1,1,-1,-1,-1,-1,1,1,-1,-1,1,-1,1,1,1,1,-1,-1,1,1,-1,1,-1,-1,-1,1,-1,-1,-1,1,-1,-1,-1,-1,-1,1,-1,-1], length=50 energy=153}
Best result after 370165 ms running: LabsResult{bits=[1,1,-1,-1,-1,-1,1,-1,1,1,1,1,-1,1,-1,-1,-1,-1,1,1,-1,-1,1,-1,1,1,1,1,-1,-1,1,1,-1,1,-1,-1,-1,1,-1,-1,-1,1,-1,-1,-1,-1,-1,1,-1,-1], length=50 energy=153}
Best result after 375172 ms running: LabsResult{bits=[1,1,-1,-1,-1,-1,1,-1,1,1,1,1,-1,1,-1,-1,-1,-1,1,1,-1,-1,1,-1,1,1,1,1,-1,-1,1,1,-1,1,-1,-1,-1,1,-1,-1,-1,1,-1,-1,-1,-1,-1,1,-1,-1], length=50 energy=153}
Best result after 380175 ms running: LabsResult{bits=[1,1,-1,-1,-1,-1,1,-1,1,1,1,1,-1,1,-1,-1,-1,-1,1,1,-1,-1,1,-1,1,1,1,1,-1,-1,1,1,-1,1,-1,-1,-1,1,-1,-1,-1,1,-1,-1,-1,-1,-1,1,-1,-1], length=50 energy=153}
Best result after 385176 ms running: LabsResult{bits=[1,1,-1,-1,-1,-1,1,-1,1,1,1,1,-1,1,-1,-1,-1,-1,1,1,-1,-1,1,-1,1,1,1,1,-1,-1,1,1,-1,1,-1,-1,-1,1,-1,-1,-1,1,-1,-1,-1,-1,-1,1,-1,-1], length=50 energy=153}
Best result after 390177 ms running: LabsResult{bits=[1,1,-1,-1,-1,-1,1,-1,1,1,1,1,-1,1,-1,-1,-1,-1,1,1,-1,-1,1,-1,1,1,1,1,-1,-1,1,1,-1,1,-1,-1,-1,1,-1,-1,-1,1,-1,-1,-1,-1,-1,1,-1,-1], length=50 energy=153}
Best result after 395184 ms running: LabsResult{bits=[1,1,-1,-1,-1,-1,1,-1,1,1,1,1,-1,1,-1,-1,-1,-1,1,1,-1,-1,1,-1,1,1,1,1,-1,-1,1,1,-1,1,-1,-1,-1,1,-1,-1,-1,1,-1,-1,-1,-1,-1,1,-1,-1], length=50 energy=153}
Best result after 400189 ms running: LabsResult{bits=[1,1,-1,-1,-1,-1,1,-1,1,1,1,1,-1,1,-1,-1,-1,-1,1,1,-1,-1,1,-1,1,1,1,1,-1,-1,1,1,-1,1,-1,-1,-1,1,-1,-1,-1,1,-1,-1,-1,-1,-1,1,-1,-1], length=50 energy=153}
Best result after 405191 ms running: LabsResult{bits=[1,1,-1,-1,-1,-1,1,-1,1,1,1,1,-1,1,-1,-1,-1,-1,1,1,-1,-1,1,-1,1,1,1,1,-1,-1,1,1,-1,1,-1,-1,-1,1,-1,-1,-1,1,-1,-1,-1,-1,-1,1,-1,-1], length=50 energy=153}
Best result after 410193 ms running: LabsResult{bits=[1,1,-1,-1,-1,-1,1,-1,1,1,1,1,-1,1,-1,-1,-1,-1,1,1,-1,-1,1,-1,1,1,1,1,-1,-1,1,1,-1,1,-1,-1,-1,1,-1,-1,-1,1,-1,-1,-1,-1,-1,1,-1,-1], length=50 energy=153}
Best result after 415196 ms running: LabsResult{bits=[1,1,-1,-1,-1,-1,1,-1,1,1,1,1,-1,1,-1,-1,-1,-1,1,1,-1,-1,1,-1,1,1,1,1,-1,-1,1,1,-1,1,-1,-1,-1,1,-1,-1,-1,1,-1,-1,-1,-1,-1,1,-1,-1], length=50 energy=153}
Best result after 420197 ms running: LabsResult{bits=[1,1,-1,-1,-1,-1,1,-1,1,1,1,1,-1,1,-1,-1,-1,-1,1,1,-1,-1,1,-1,1,1,1,1,-1,-1,1,1,-1,1,-1,-1,-1,1,-1,-1,-1,1,-1,-1,-1,-1,-1,1,-1,-1], length=50 energy=153}
Best result after 425199 ms running: LabsResult{bits=[1,1,-1,-1,-1,-1,1,-1,1,1,1,1,-1,1,-1,-1,-1,-1,1,1,-1,-1,1,-1,1,1,1,1,-1,-1,1,1,-1,1,-1,-1,-1,1,-1,-1,-1,1,-1,-1,-1,-1,-1,1,-1,-1], length=50 energy=153}
Best result after 430200 ms running: LabsResult{bits=[1,1,-1,-1,-1,-1,1,-1,1,1,1,1,-1,1,-1,-1,-1,-1,1,1,-1,-1,1,-1,1,1,1,1,-1,-1,1,1,-1,1,-1,-1,-1,1,-1,-1,-1,1,-1,-1,-1,-1,-1,1,-1,-1], length=50 energy=153}
Best result after 435207 ms running: LabsResult{bits=[1,1,-1,-1,-1,-1,1,-1,1,1,1,1,-1,1,-1,-1,-1,-1,1,1,-1,-1,1,-1,1,1,1,1,-1,-1,1,1,-1,1,-1,-1,-1,1,-1,-1,-1,1,-1,-1,-1,-1,-1,1,-1,-1], length=50 energy=153}
Best result after 440210 ms running: LabsResult{bits=[1,1,-1,-1,-1,-1,1,-1,1,1,1,1,-1,1,-1,-1,-1,-1,1,1,-1,-1,1,-1,1,1,1,1,-1,-1,1,1,-1,1,-1,-1,-1,1,-1,-1,-1,1,-1,-1,-1,-1,-1,1,-1,-1], length=50 energy=153}
Best result after 445211 ms running: LabsResult{bits=[1,1,-1,-1,-1,-1,1,-1,1,1,1,1,-1,1,-1,-1,-1,-1,1,1,-1,-1,1,-1,1,1,1,1,-1,-1,1,1,-1,1,-1,-1,-1,1,-1,-1,-1,1,-1,-1,-1,-1,-1,1,-1,-1], length=50 energy=153}
Best result after 450214 ms running: LabsResult{bits=[1,1,-1,-1,-1,-1,1,-1,1,1,1,1,-1,1,-1,-1,-1,-1,1,1,-1,-1,1,-1,1,1,1,1,-1,-1,1,1,-1,1,-1,-1,-1,1,-1,-1,-1,1,-1,-1,-1,-1,-1,1,-1,-1], length=50 energy=153}
Best result after 455216 ms running: LabsResult{bits=[1,1,-1,-1,-1,-1,1,-1,1,1,1,1,-1,1,-1,-1,-1,-1,1,1,-1,-1,1,-1,1,1,1,1,-1,-1,1,1,-1,1,-1,-1,-1,1,-1,-1,-1,1,-1,-1,-1,-1,-1,1,-1,-1], length=50 energy=153}
Best result after 460217 ms running: LabsResult{bits=[1,1,-1,-1,-1,-1,1,-1,1,1,1,1,-1,1,-1,-1,-1,-1,1,1,-1,-1,1,-1,1,1,1,1,-1,-1,1,1,-1,1,-1,-1,-1,1,-1,-1,-1,1,-1,-1,-1,-1,-1,1,-1,-1], length=50 energy=153}
Best result after 465220 ms running: LabsResult{bits=[1,1,-1,-1,-1,-1,1,-1,1,1,1,1,-1,1,-1,-1,-1,-1,1,1,-1,-1,1,-1,1,1,1,1,-1,-1,1,1,-1,1,-1,-1,-1,1,-1,-1,-1,1,-1,-1,-1,-1,-1,1,-1,-1], length=50 energy=153}
Best result after 470221 ms running: LabsResult{bits=[1,1,-1,-1,-1,-1,1,-1,1,1,1,1,-1,1,-1,-1,-1,-1,1,1,-1,-1,1,-1,1,1,1,1,-1,-1,1,1,-1,1,-1,-1,-1,1,-1,-1,-1,1,-1,-1,-1,-1,-1,1,-1,-1], length=50 energy=153}
Best result after 475225 ms running: LabsResult{bits=[1,1,-1,-1,-1,-1,1,-1,1,1,1,1,-1,1,-1,-1,-1,-1,1,1,-1,-1,1,-1,1,1,1,1,-1,-1,1,1,-1,1,-1,-1,-1,1,-1,-1,-1,1,-1,-1,-1,-1,-1,1,-1,-1], length=50 energy=153}
Best result after 480227 ms running: LabsResult{bits=[1,1,-1,-1,-1,-1,1,-1,1,1,1,1,-1,1,-1,-1,-1,-1,1,1,-1,-1,1,-1,1,1,1,1,-1,-1,1,1,-1,1,-1,-1,-1,1,-1,-1,-1,1,-1,-1,-1,-1,-1,1,-1,-1], length=50 energy=153}
Best result after 485229 ms running: LabsResult{bits=[1,1,-1,-1,-1,-1,1,-1,1,1,1,1,-1,1,-1,-1,-1,-1,1,1,-1,-1,1,-1,1,1,1,1,-1,-1,1,1,-1,1,-1,-1,-1,1,-1,-1,-1,1,-1,-1,-1,-1,-1,1,-1,-1], length=50 energy=153}
Best result after 490231 ms running: LabsResult{bits=[1,1,-1,-1,-1,-1,1,-1,1,1,1,1,-1,1,-1,-1,-1,-1,1,1,-1,-1,1,-1,1,1,1,1,-1,-1,1,1,-1,1,-1,-1,-1,1,-1,-1,-1,1,-1,-1,-1,-1,-1,1,-1,-1], length=50 energy=153}
Best result after 495234 ms running: LabsResult{bits=[1,1,-1,-1,-1,-1,1,-1,1,1,1,1,-1,1,-1,-1,-1,-1,1,1,-1,-1,1,-1,1,1,1,1,-1,-1,1,1,-1,1,-1,-1,-1,1,-1,-1,-1,1,-1,-1,-1,-1,-1,1,-1,-1], length=50 energy=153}
Best result after 500235 ms running: LabsResult{bits=[1,1,-1,-1,-1,-1,1,-1,1,1,1,1,-1,1,-1,-1,-1,-1,1,1,-1,-1,1,-1,1,1,1,1,-1,-1,1,1,-1,1,-1,-1,-1,1,-1,-1,-1,1,-1,-1,-1,-1,-1,1,-1,-1], length=50 energy=153}
Best result after 505236 ms running: LabsResult{bits=[1,1,-1,-1,-1,-1,1,-1,1,1,1,1,-1,1,-1,-1,-1,-1,1,1,-1,-1,1,-1,1,1,1,1,-1,-1,1,1,-1,1,-1,-1,-1,1,-1,-1,-1,1,-1,-1,-1,-1,-1,1,-1,-1], length=50 energy=153}
Best result after 510237 ms running: LabsResult{bits=[1,1,-1,-1,-1,-1,1,-1,1,1,1,1,-1,1,-1,-1,-1,-1,1,1,-1,-1,1,-1,1,1,1,1,-1,-1,1,1,-1,1,-1,-1,-1,1,-1,-1,-1,1,-1,-1,-1,-1,-1,1,-1,-1], length=50 energy=153}
Best result after 515238 ms running: LabsResult{bits=[1,1,-1,-1,-1,-1,1,-1,1,1,1,1,-1,1,-1,-1,-1,-1,1,1,-1,-1,1,-1,1,1,1,1,-1,-1,1,1,-1,1,-1,-1,-1,1,-1,-1,-1,1,-1,-1,-1,-1,-1,1,-1,-1], length=50 energy=153}
Best result after 520240 ms running: LabsResult{bits=[1,1,-1,-1,-1,-1,1,-1,1,1,1,1,-1,1,-1,-1,-1,-1,1,1,-1,-1,1,-1,1,1,1,1,-1,-1,1,1,-1,1,-1,-1,-1,1,-1,-1,-1,1,-1,-1,-1,-1,-1,1,-1,-1], length=50 energy=153}
Best result after 525242 ms running: LabsResult{bits=[1,1,-1,-1,-1,-1,1,-1,1,1,1,1,-1,1,-1,-1,-1,-1,1,1,-1,-1,1,-1,1,1,1,1,-1,-1,1,1,-1,1,-1,-1,-1,1,-1,-1,-1,1,-1,-1,-1,-1,-1,1,-1,-1], length=50 energy=153}
Best result after 530245 ms running: LabsResult{bits=[1,1,-1,-1,-1,-1,1,-1,1,1,1,1,-1,1,-1,-1,-1,-1,1,1,-1,-1,1,-1,1,1,1,1,-1,-1,1,1,-1,1,-1,-1,-1,1,-1,-1,-1,1,-1,-1,-1,-1,-1,1,-1,-1], length=50 energy=153}
Best result after 535246 ms running: LabsResult{bits=[1,1,-1,-1,-1,-1,1,-1,1,1,1,1,-1,1,-1,-1,-1,-1,1,1,-1,-1,1,-1,1,1,1,1,-1,-1,1,1,-1,1,-1,-1,-1,1,-1,-1,-1,1,-1,-1,-1,-1,-1,1,-1,-1], length=50 energy=153}
Best result after 540249 ms running: LabsResult{bits=[1,1,-1,-1,-1,-1,1,-1,1,1,1,1,-1,1,-1,-1,-1,-1,1,1,-1,-1,1,-1,1,1,1,1,-1,-1,1,1,-1,1,-1,-1,-1,1,-1,-1,-1,1,-1,-1,-1,-1,-1,1,-1,-1], length=50 energy=153}
Best result after 545251 ms running: LabsResult{bits=[1,1,-1,-1,-1,-1,1,-1,1,1,1,1,-1,1,-1,-1,-1,-1,1,1,-1,-1,1,-1,1,1,1,1,-1,-1,1,1,-1,1,-1,-1,-1,1,-1,-1,-1,1,-1,-1,-1,-1,-1,1,-1,-1], length=50 energy=153}
Best result after 550252 ms running: LabsResult{bits=[1,1,-1,-1,-1,-1,1,-1,1,1,1,1,-1,1,-1,-1,-1,-1,1,1,-1,-1,1,-1,1,1,1,1,-1,-1,1,1,-1,1,-1,-1,-1,1,-1,-1,-1,1,-1,-1,-1,-1,-1,1,-1,-1], length=50 energy=153}
Best result after 555255 ms running: LabsResult{bits=[1,1,-1,-1,-1,-1,1,-1,1,1,1,1,-1,1,-1,-1,-1,-1,1,1,-1,-1,1,-1,1,1,1,1,-1,-1,1,1,-1,1,-1,-1,-1,1,-1,-1,-1,1,-1,-1,-1,-1,-1,1,-1,-1], length=50 energy=153}
Best result after 560258 ms running: LabsResult{bits=[1,1,-1,-1,-1,-1,1,-1,1,1,1,1,-1,1,-1,-1,-1,-1,1,1,-1,-1,1,-1,1,1,1,1,-1,-1,1,1,-1,1,-1,-1,-1,1,-1,-1,-1,1,-1,-1,-1,-1,-1,1,-1,-1], length=50 energy=153}
Best result after 565259 ms running: LabsResult{bits=[1,1,-1,-1,-1,-1,1,-1,1,1,1,1,-1,1,-1,-1,-1,-1,1,1,-1,-1,1,-1,1,1,1,1,-1,-1,1,1,-1,1,-1,-1,-1,1,-1,-1,-1,1,-1,-1,-1,-1,-1,1,-1,-1], length=50 energy=153}
Best result after 570261 ms running: LabsResult{bits=[1,1,-1,-1,-1,-1,1,-1,1,1,1,1,-1,1,-1,-1,-1,-1,1,1,-1,-1,1,-1,1,1,1,1,-1,-1,1,1,-1,1,-1,-1,-1,1,-1,-1,-1,1,-1,-1,-1,-1,-1,1,-1,-1], length=50 energy=153}
Best result after 575262 ms running: LabsResult{bits=[1,1,-1,-1,-1,-1,1,-1,1,1,1,1,-1,1,-1,-1,-1,-1,1,1,-1,-1,1,-1,1,1,1,1,-1,-1,1,1,-1,1,-1,-1,-1,1,-1,-1,-1,1,-1,-1,-1,-1,-1,1,-1,-1], length=50 energy=153}
Best result after 580264 ms running: LabsResult{bits=[1,1,-1,-1,-1,-1,1,-1,1,1,1,1,-1,1,-1,-1,-1,-1,1,1,-1,-1,1,-1,1,1,1,1,-1,-1,1,1,-1,1,-1,-1,-1,1,-1,-1,-1,1,-1,-1,-1,-1,-1,1,-1,-1], length=50 energy=153}
Best result after 585271 ms running: LabsResult{bits=[1,1,-1,-1,-1,-1,1,-1,1,1,1,1,-1,1,-1,-1,-1,-1,1,1,-1,-1,1,-1,1,1,1,1,-1,-1,1,1,-1,1,-1,-1,-1,1,-1,-1,-1,1,-1,-1,-1,-1,-1,1,-1,-1], length=50 energy=153}
Best result after 590272 ms running: LabsResult{bits=[1,1,-1,-1,-1,-1,1,-1,1,1,1,1,-1,1,-1,-1,-1,-1,1,1,-1,-1,1,-1,1,1,1,1,-1,-1,1,1,-1,1,-1,-1,-1,1,-1,-1,-1,1,-1,-1,-1,-1,-1,1,-1,-1], length=50 energy=153}
Best result after 595275 ms running: LabsResult{bits=[1,1,-1,-1,-1,-1,1,-1,1,1,1,1,-1,1,-1,-1,-1,-1,1,1,-1,-1,1,-1,1,1,1,1,-1,-1,1,1,-1,1,-1,-1,-1,1,-1,-1,-1,1,-1,-1,-1,-1,-1,1,-1,-1], length=50 energy=153}
Best result after 600000 ms running: LabsResult{bits=[1,1,-1,-1,-1,-1,1,-1,1,1,1,1,-1,1,-1,-1,-1,-1,1,1,-1,-1,1,-1,1,1,1,1,-1,-1,1,1,-1,1,-1,-1,-1,1,-1,-1,-1,1,-1,-1,-1,-1,-1,1,-1,-1], length=50 energy=153}
Best result: LabsResult{bits=[1,1,-1,-1,-1,-1,1,-1,1,1,1,1,-1,1,-1,-1,-1,-1,1,1,-1,-1,1,-1,1,1,1,1,-1,-1,1,1,-1,1,-1,-1,-1,1,-1,-1,-1,1,-1,-1,-1,-1,-1,1,-1,-1], length=50 energy=153}