Best result after 5000 ms running: LabsResult{bits=[1,1,1,1,-1,-1,-1,1,1,1,-1,-1,-1,-1,-1,-1,-1,1,1,1,-1,1,1,1,-1,-1,1,1,-1,1,1,1,-1,1,1,-1,1,-1,1,-1,1,1,-1,1,1,-1,1,1,-1,1], length=50 energy=153}
Best result after 10031 ms running: LabsResult{bits=[1,1,1,1,-1,-1,-1,1,1,1,-1,-1,-1,-1,-1,-1,-1,1,1,1,-1,1,1,1,-1,-1,1,1,-1,1,1,1,-1,1,1,-1,1,-1,1,-1,1,1,-1,1,1,-1,1,1,-1,1], length=50 energy=153}
Best result after 15031 ms running: LabsResult{bits=[1,1,1,1,-1,-1,-1,1,1,1,-1,-1,-1,-1,-1,-1,-1,1,1,1,-1,1,1,1,-1,-1,1,1,-1,1,1,1,-1,1,1,-1,1,-1,1,-1,1,1,-1,1,1,-1,1,1,-1,1], length=50 energy=153}
Best result after 20032 ms running: LabsResult{bits=[1,1,1,1,-1,-1,-1,1,1,1,-1,-1,-1,-1,-1,-1,-1,1,1,1,-1,1,1,1,-1,-1,1,1,-1,1,1,1,-1,1,1,-1,1,-1,1,-1,1,1,-1,1,1,-1,1,1,-1,1], length=50 energy=153}
Best result after 25033 ms running: LabsResult{bits=[1,1,1,1,-1,-1,-1,1,1,1,-1,-1,-1,-1,-1,-1,-1,1,1,1,-1,1,1,1,-1,-1,1,1,-1,1,1,1,-1,1,1,-1,1,-1,1,-1,1,1,-1,1,1,-1,1,1,-1,1], length=50 energy=153}
Best result after 30033 ms running: LabsResult{bits=[1,1,1,1,-1,-1,-1,1,1,1,-1,-1,-1,-1,-1,-1,-1,1,1,1,-1,1,1,1,-1,-1,1,1,-1,1,1,1,-1,1,1,-1,1,-1,1,-1,1,1,-1,1,1,-1,1,1,-1,1], length=50 energy=153}
Best result after 35034 ms running: LabsResult{bits=[1,1,1,1,-1,-1,-1,1,1,1,-1,-1,-1,-1,-1,-1,-1,1,1,1,-1,1,1,1,-1,-1,1,1,-1,1,1,1,-1,1,1,-1,1,-1,1,-1,1,1,-1,1,1,-1,1,1,-1,1], length=50 energy=153}
Best result after 40035 ms running: LabsResult{bits=[1,1,1,1,-1,-1,-1,1,1,1,-1,-1,-1,-1,-1,-1,-1,1,1,1,-1,1,1,1,-1,-1,1,1,-1,1,1,1,-1,1,1,-1,1,-1,1,-1,1,1,-1,1,1,-1,1,1,-1,1], length=50 energy=153}
Best result after 45035 ms running: LabsResult{bits=[1,1,1,1,-1,-1,-1,1,1,1,-1,-1,-1,-1,-1,-1,-1,1,1,1,-1,1,1,1,-1,-1,1,1,-1,1,1,1,-1,1,1,-1,1,-1,1,-1,1,1,-1,1,1,-1,1,1,-1,1], length=50 energy=153}
Best result after 50036 ms running: LabsResult{bits=[1,1,1,1,-1,-1,-1,1,1,1,-1,-1,-1,-1,-1,-1,-1,1,1,1,-1,1,1,1,-1,-1,1,1,-1,1,1,1,-1,1,1,-1,1,-1,1,-1,1,1,-1,1,1,-1,1,1,-1,1], length=50 energy=153}
Best result after 55037 ms running: LabsResult{bits=[1,1,1,1,-1,-1,-1,1,1,1,-1,-1,-1,-1,-1,-1,-1,1,1,1,-1,1,1,1,-1,-1,1,1,-1,1,1,1,-1,1,1,-1,1,-1,1,-1,1,1,-1,1,1,-1,1,1,-1,1], length=50 energy=153}
Best result after 60037 ms running: LabsResult{bits=[1,1,1,1,-1,-1,-1,1,1,1,-1,-1,-1,-1,-1,-1,-1,1,1,1,-1,1,1,1,-1,-1,1,1,-1,1,1,1,-1,1,1,-1,1,-1,1,-1,1,1,-1,1,1,-1,1,1,-1,1], length=50 energy=153}
Best result after 65037 ms running: LabsResult{bits=[1,1,1,1,-1,-1,-1,1,1,1,-1,-1,-1,-1,-1,-1,-1,1,1,1,-1,1,1,1,-1,-1,1,1,-1,1,1,1,-1,1,1,-1,1,-1,1,-1,1,1,-1,1,1,-1,1,1,-1,1], length=50 energy=153}
Best result after 70038 ms running: LabsResult{bits=[1,1,1,1,-1,-1,-1,1,1,1,-1,-1,-1,-1,-1,-1,-1,1,1,1,-1,1,1,1,-1,-1,1,1,-1,1,1,1,-1,1,1,-1,1,-1,1,-1,1,1,-1,1,1,-1,1,1,-1,1], length=50 energy=153}
Best result after 75038 ms running: LabsResult{bits=[1,1,1,1,-1,-1,-1,1,1,1,-1,-1,-1,-1,-1,-1,-1,1,1,1,-1,1,1,1,-1,-1,1,1,-1,1,1,1,-1,1,1,-1,1,-1,1,-1,1,1,-1,1,1,-1,1,1,-1,1], length=50 energy=153}
Best result after 80039 ms running: LabsResult{bits=[1,1,1,1,-1,-1,-1,1,1,1,-1,-1,-1,-1,-1,-1,-1,1,1,1,-1,1,1,1,-1,-1,1,1,-1,1,1,1,-1,1,1,-1,1,-1,1,-1,1,1,-1,1,1,-1,1,1,-1,1], length=50 energy=153}
Best result after 85039 ms running: LabsResult{bits=[1,1,1,1,-1,-1,-1,1,1,1,-1,-1,-1,-1,-1,-1,-1,1,1,1,-1,1,1,1,-1,-1,1,1,-1,1,1,1,-1,1,1,-1,1,-1,1,-1,1,1,-1,1,1,-1,1,1,-1,1], length=50 energy=153}
Best result after 90039 ms running: LabsResult{bits=[1,1,1,1,-1,-1,-1,1,1,1,-1,-1,-1,-1,-1,-1,-1,1,1,1,-1,1,1,1,-1,-1,1,1,-1,1,1,1,-1,1,1,-1,1,-1,1,-1,1,1,-1,1,1,-1,1,1,-1,1], length=50 energy=153}
Best result after 95040 ms running: LabsResult{bits=[1,1,1,1,-1,-1,-1,1,1,1,-1,-1,-1,-1,-1,-1,-1,1,1,1,-1,1,1,1,-1,-1,1,1,-1,1,1,1,-1,1,1,-1,1,-1,1,-1,1,1,-1,1,1,-1,1,1,-1,1], length=50 energy=153}
Best result after 100040 ms running: LabsResult{bits=[1,1,1,1,-1,-1,-1,1,1,1,-1,-1,-1,-1,-1,-1,-1,1,1,1,-1,1,1,1,-1,-1,1,1,-1,1,1,1,-1,1,1,-1,1,-1,1,-1,1,1,-1,1,1,-1,1,1,-1,1], length=50 energy=153}
Best result after 105041 ms running: LabsResult{bits=[1,1,1,1,-1,-1,-1,1,1,1,-1,-1,-1,-1,-1,-1,-1,1,1,1,-1,1,1,1,-1,-1,1,1,-1,1,1,1,-1,1,1,-1,1,-1,1,-1,1,1,-1,1,1,-1,1,1,-1,1], length=50 energy=153}
Best result after 110042 ms running: LabsResult{bits=[1,1,1,1,-1,-1,-1,1,1,1,-1,-1,-1,-1,-1,-1,-1,1,1,1,-1,1,1,1,-1,-1,1,1,-1,1,1,1,-1,1,1,-1,1,-1,1,-1,1,1,-1,1,1,-1,1,1,-1,1], length=50 energy=153}
Best result after 115042 ms running: LabsResult{bits=[1,1,1,1,-1,-1,-1,1,1,1,-1,-1,-1,-1,-1,-1,-1,1,1,1,-1,1,1,1,-1,-1,1,1,-1,1,1,1,-1,1,1,-1,1,-1,1,-1,1,1,-1,1,1,-1,1,1,-1,1], length=50 energy=153}
Best result after 120043 ms running: LabsResult{bits=[1,1,1,1,-1,-1,-1,1,1,1,-1,-1,-1,-1,-1,-1,-1,1,1,1,-1,1,1,1,-1,-1,1,1,-1,1,1,1,-1,1,1,-1,1,-1,1,-1,1,1,-1,1,1,-1,1,1,-1,1], length=50 energy=153}
Best result after 125044 ms running: LabsResult{bits=[1,1,1,1,-1,-1,-1,1,1,1,-1,-1,-1,-1,-1,-1,-1,1,1,1,-1,1,1,1,-1,-1,1,1,-1,1,1,1,-1,1,1,-1,1,-1,1,-1,1,1,-1,1,1,-1,1,1,-1,1], length=50 energy=153}
Best result after 130044 ms running: LabsResult{bits=[1,1,1,1,-1,-1,-1,1,1,1,-1,-1,-1,-1,-1,-1,-1,1,1,1,-1,1,1,1,-1,-1,1,1,-1,1,1,1,-1,1,1,-1,1,-1,1,-1,1,1,-1,1,1,-1,1,1,-1,1], length=50 energy=153}
Best result after 135045 ms running: LabsResult{bits=[1,1,1,1,-1,-1,-1,1,1,1,-1,-1,-1,-1,-1,-1,-1,1,1,1,-1,1,1,1,-1,-1,1,1,-1,1,1,1,-1,1,1,-1,1,-1,1,-1,1,1,-1,1,1,-1,1,1,-1,1], length=50 energy=153}
Best result after 140046 ms running: LabsResult{bits=[1,1,1,1,-1,-1,-1,1,1,1,-1,-1,-1,-1,-1,-1,-1,1,1,1,-1,1,1,1,-1,-1,1,1,-1,1,1,1,-1,1,1,-1,1,-1,1,-1,1,1,-1,1,1,-1,1,1,-1,1], length=50 energy=153}
Best result after 145046 ms running: LabsResult{bits=[1,1,1,1,-1,-1,-1,1,1,1,-1,-1,-1,-1,-1,-1,-1,1,1,1,-1,1,1,1,-1,-1,1,1,-1,1,1,1,-1,1,1,-1,1,-1,1,-1,1,1,-1,1,1,-1,1,1,-1,1], length=50 energy=153}
Best result after 150047 ms running: LabsResult{bits=[1,1,1,1,-1,-1,-1,1,1,1,-1,-1,-1,-1,-1,-1,-1,1,1,1,-1,1,1,1,-1,-1,1,1,-1,1,1,1,-1,1,1,-1,1,-1,1,-1,1,1,-1,1,1,-1,1,1,-1,1], length=50 energy=153}
Best result after 155047 ms running: LabsResult{bits=[1,1,1,1,-1,-1,-1,1,1,1,-1,-1,-1,-1,-1,-1,-1,1,1,1,-1,1,1,1,-1,-1,1,1,-1,1,1,1,-1,1,1,-1,1,-1,1,-1,1,1,-1,1,1,-1,1,1,-1,1], length=50 energy=153}
Best result after 160049 ms running: LabsResult{bits=[1,1,1,1,-1,-1,-1,1,1,1,-1,-1,-1,-1,-1,-1,-1,1,1,1,-1,1,1,1,-1,-1,1,1,-1,1,1,1,-1,1,1,-1,1,-1,1,-1,1,1,-1,1,1,-1,1,1,-1,1], length=50 energy=153}
Best result after 165049 ms running: LabsResult{bits=[1,1,1,1,-1,-1,-1,1,1,1,-1,-1,-1,-1,-1,-1,-1,1,1,1,-1,1,1,1,-1,-1,1,1,-1,1,1,1,-1,1,1,-1,1,-1,1,-1,1,1,-1,1,1,-1,1,1,-1,1], length=50 energy=153}
Best result after 170050 ms running: LabsResult{bits=[1,1,1,1,-1,-1,-1,1,1,1,-1,-1,-1,-1,-1,-1,-1,1,1,1,-1,1,1,1,-1,-1,1,1,-1,1,1,1,-1,1,1,-1,1,-1,1,-1,1,1,-1,1,1,-1,1,1,-1,1], length=50 energy=153}
Best result after 175050 ms running: LabsResult{bits=[1,1,1,1,-1,-1,-1,1,1,1,-1,-1,-1,-1,-1,-1,-1,1,1,1,-1,1,1,1,-1,-1,1,1,-1,1,1,1,-1,1,1,-1,1,-1,1,-1,1,1,-1,1,1,-1,1,1,-1,1], length=50 energy=153}
Best result after 180051 ms running: LabsResult{bits=[1,1,1,1,-1,-1,-1,1,1,1,-1,-1,-1,-1,-1,-1,-1,1,1,1,-1,1,1,1,-1,-1,1,1,-1,1,1,1,-1,1,1,-1,1,-1,1,-1,1,1,-1,1,1,-1,1,1,-1,1], length=50 energy=153}
Best result after 185052 ms running: LabsResult{bits=[1,1,1,1,-1,-1,-1,1,1,1,-1,-1,-1,-1,-1,-1,-1,1,1,1,-1,1,1,1,-1,-1,1,1,-1,1,1,1,-1,1,1,-1,1,-1,1,-1,1,1,-1,1,1,-1,1,1,-1,1], length=50 energy=153}
Best result after 190052 ms running: LabsResult{bits=[1,1,1,1,-1,-1,-1,1,1,1,-1,-1,-1,-1,-1,-1,-1,1,1,1,-1,1,1,1,-1,-1,1,1,-1,1,1,1,-1,1,1,-1,1,-1,1,-1,1,1,-1,1,1,-1,1,1,-1,1], length=50 energy=153}
Best result after 195053 ms running: LabsResult{bits=[1,1,1,1,-1,-1,-1,1,1,1,-1,-1,-1,-1,-1,-1,-1,1,1,1,-1,1,1,1,-1,-1,1,1,-1,1,1,1,-1,1,1,-1,1,-1,1,-1,1,1,-1,1,1,-1,1,1,-1,1], length=50 energy=153}
Best result after 200054 ms running: LabsResult{bits=[1,1,1,1,-1,-1,-1,1,1,1,-1,-1,-1,-1,-1,-1,-1,1,1,1,-1,1,1,1,-1,-1,1,1,-1,1,1,1,-1,1,1,-1,1,-1,1,-1,1,1,-1,1,1,-1,1,1,-1,1], length=50 energy=153}
Best result after 205055 ms running: LabsResult{bits=[1,1,1,1,-1,-1,-1,1,1,1,-1,-1,-1,-1,-1,-1,-1,1,1,1,-1,1,1,1,-1,-1,1,1,-1,1,1,1,-1,1,1,-1,1,-1,1,-1,1,1,-1,1,1,-1,1,1,-1,1], length=50 energy=153}
Best result after 210055 ms running: LabsResult{bits=[1,1,1,1,-1,-1,-1,1,1,1,-1,-1,-1,-1,-1,-1,-1,1,1,1,-1,1,1,1,-1,-1,1,1,-1,1,1,1,-1,1,1,-1,1,-1,1,-1,1,1,-1,1,1,-1,1,1,-1,1], length=50 energy=153}
Best result after 215056 ms running: LabsResult{bits=[1,1,1,1,-1,-1,-1,1,1,1,-1,-1,-1,-1,-1,-1,-1,1,1,1,-1,1,1,1,-1,-1,1,1,-1,1,1,1,-1,1,1,-1,1,-1,1,-1,1,1,-1,1,1,-1,1,1,-1,1], length=50 energy=153}
Best result after 220056 ms running: LabsResult{bits=[1,1,1,1,-1,-1,-1,1,1,1,-1,-1,-1,-1,-1,-1,-1,1,1,1,-1,1,1,1,-1,-1,1,1,-1,1,1,1,-1,1,1,-1,1,-1,1,-1,1,1,-1,1,1,-1,1,1,-1,1], length=50 energy=153}
Best result after 225057 ms running: LabsResult{bits=[1,1,1,1,-1,-1,-1,1,1,1,-1,-1,-1,-1,-1,-1,-1,1,1,1,-1,1,1,1,-1,-1,1,1,-1,1,1,1,-1,1,1,-1,1,-1,1,-1,1,1,-1,1,1,-1,1,1,-1,1], length=50 energy=153}
Best result after 230057 ms running: LabsResult{bits=[1,1,1,1,-1,-1,-1,1,1,1,-1,-1,-1,-1,-1,-1,-1,1,1,1,-1,1,1,1,-1,-1,1,1,-1,1,1,1,-1,1,1,-1,1,-1,1,-1,1,1,-1,1,1,-1,1,1,-1,1], length=50 energy=153}
Best result after 235058 ms running: LabsResult{bits=[1,1,1,1,-1,-1,-1,1,1,1,-1,-1,-1,-1,-1,-1,-1,1,1,1,-1,1,1,1,-1,-1,1,1,-1,1,1,1,-1,1,1,-1,1,-1,1,-1,1,1,-1,1,1,-1,1,1,-1,1], length=50 energy=153}
Best result after 240059 ms running: LabsResult{bits=[1,1,1,1,-1,-1,-1,1,1,1,-1,-1,-1,-1,-1,-1,-1,1,1,1,-1,1,1,1,-1,-1,1,1,-1,1,1,1,-1,1,1,-1,1,-1,1,-1,1,1,-1,1,1,-1,1,1,-1,1], length=50 energy=153}
Best result after 245059 ms running: LabsResult{bits=[1,1,1,1,-1,-1,-1,1,1,1,-1,-1,-1,-1,-1,-1,-1,1,1,1,-1,1,1,1,-1,-1,1,1,-1,1,1,1,-1,1,1,-1,1,-1,1,-1,1,1,-1,1,1,-1,1,1,-1,1], length=50 energy=153}
Best result after 250059 ms running: LabsResult{bits=[1,1,1,1,-1,-1,-1,1,1,1,-1,-1,-1,-1,-1,-1,-1,1,1,1,-1,1,1,1,-1,-1,1,1,-1,1,1,1,-1,1,1,-1,1,-1,1,-1,1,1,-1,1,1,-1,1,1,-1,1], length=50 energy=153}
Best result after 255060 ms running: LabsResult{bits=[1,1,1,1,-1,-1,-1,1,1,1,-1,-1,-1,-1,-1,-1,-1,1,1,1,-1,1,1,1,-1,-1,1,1,-1,1,1,1,-1,1,1,-1,1,-1,1,-1,1,1,-1,1,1,-1,1,1,-1,1], length=50 energy=153}
Best result after 260061 ms running: LabsResult{bits=[1,1,1,1,-1,-1,-1,1,1,1,-1,-1,-1,-1,-1,-1,-1,1,1,1,-1,1,1,1,-1,-1,1,1,-1,1,1,1,-1,1,1,-1,1,-1,1,-1,1,1,-1,1,1,-1,1,1,-1,1], length=50 energy=153}
Best result after 265061 ms running: LabsResult{bits=[1,1,1,1,-1,-1,-1,1,1,1,-1,-1,-1,-1,-1,-1,-1,1,1,1,-1,1,1,1,-1,-1,1,1,-1,1,1,1,-1,1,1,-1,1,-1,1,-1,1,1,-1,1,1,-1,1,1,-1,1], length=50 energy=153}
Best result after 270062 ms running: LabsResult{bits=[1,1,1,1,-1,-1,-1,1,1,1,-1,-1,-1,-1,-1,-1,-1,1,1,1,-1,1,1,1,-1,-1,1,1,-1,1,1,1,-1,1,1,-1,1,-1,1,-1,1,1,-1,1,1,-1,1,1,-1,1], length=50 energy=153}
Best result after 275062 ms running: LabsResult{bits=[1,1,1,1,-1,-1,-1,1,1,1,-1,-1,-1,-1,-1,-1,-1,1,1,1,-1,1,1,1,-1,-1,1,1,-1,1,1,1,-1,1,1,-1,1,-1,1,-1,1,1,-1,1,1,-1,1,1,-1,1], length=50 energy=153}
Best result after 280063 ms running: LabsResult{bits=[1,1,1,1,-1,-1,-1,1,1,1,-1,-1,-1,-1,-1,-1,-1,1,1,1,-1,1,1,1,-1,-1,1,1,-1,1,1,1,-1,1,1,-1,1,-1,1,-1,1,1,-1,1,1,-1,1,1,-1,1], length=50 energy=153}
Best result after 285064 ms running: LabsResult{bits=[1,1,1,1,-1,-1,-1,1,1,1,-1,-1,-1,-1,-1,-1,-1,1,1,1,-1,1,1,1,-1,-1,1,1,-1,1,1,1,-1,1,1,-1,1,-1,1,-1,1,1,-1,1,1,-1,1,1,-1,1], length=50 energy=153}
Best result after 290064 ms running: LabsResult{bits=[1,1,1,1,-1,-1,-1,1,1,1,-1,-1,-1,-1,-1,-1,-1,1,1,1,-1,1,1,1,-1,-1,1,1,-1,1,1,1,-1,1,1,-1,1,-1,1,-1,1,1,-1,1,1,-1,1,1,-1,1], length=50 energy=153}
Best result after 295065 ms running: LabsResult{bits=[1,1,1,1,-1,-1,-1,1,1,1,-1,-1,-1,-1,-1,-1,-1,1,1,1,-1,1,1,1,-1,-1,1,1,-1,1,1,1,-1,1,1,-1,1,-1,1,-1,1,1,-1,1,1,-1,1,1,-1,1], length=50 energy=153}
Best result after 300066 ms running: LabsResult{bits=[1,1,1,1,-1,-1,-1,1,1,1,-1,-1,-1,-1,-1,-1,-1,1,1,1,-1,1,1,1,-1,-1,1,1,-1,1,1,1,-1,1,1,-1,1,-1,1,-1,1,1,-1,1,1,-1,1,1,-1,1], length=50 energy=153}
Best result after 305066 ms running: LabsResult{bits=[1,1,1,1,-1,-1,-1,1,1,1,-1,-1,-1,-1,-1,-1,-1,1,1,1,-1,1,1,1,-1,-1,1,1,-1,1,1,1,-1,1,1,-1,1,-1,1,-1,1,1,-1,1,1,-1,1,1,-1,1], length=50 energy=153}
Best result after 310067 ms running: LabsResult{bits=[1,1,1,1,-1,-1,-1,1,1,1,-1,-1,-1,-1,-1,-1,-1,1,1,1,-1,1,1,1,-1,-1,1,1,-1,1,1,1,-1,1,1,-1,1,-1,1,-1,1,1,-1,1,1,-1,1,1,-1,1], length=50 energy=153}
Best result after 315067 ms running: LabsResult{bits=[1,1,1,1,-1,-1,-1,1,1,1,-1,-1,-1,-1,-1,-1,-1,1,1,1,-1,1,1,1,-1,-1,1,1,-1,1,1,1,-1,1,1,-1,1,-1,1,-1,1,1,-1,1,1,-1,1,1,-1,1], length=50 energy=153}
Best result after 320068 ms running: LabsResult{bits=[1,1,1,1,-1,-1,-1,1,1,1,-1,-1,-1,-1,-1,-1,-1,1,1,1,-1,1,1,1,-1,-1,1,1,-1,1,1,1,-1,1,1,-1,1,-1,1,-1,1,1,-1,1,1,-1,1,1,-1,1], length=50 energy=153}
Best result after 325069 ms running: LabsResult{bits=[1,1,1,1,-1,-1,-1,1,1,1,-1,-1,-1,-1,-1,-1,-1,1,1,1,-1,1,1,1,-1,-1,1,1,-1,1,1,1,-1,1,1,-1,1,-1,1,-1,1,1,-1,1,1,-1,1,1,-1,1], length=50 energy=153}
Best result after 330070 ms running: LabsResult{bits=[1,1,1,1,-1,-1,-1,1,1,1,-1,-1,-1,-1,-1,-1,-1,1,1,1,-1,1,1,1,-1,-1,1,1,-1,1,1,1,-1,1,1,-1,1,-1,1,-1,1,1,-1,1,1,-1,1,1,-1,1], length=50 energy=153}
Best result after 335070 ms running: LabsResult{bits=[1,1,1,1,-1,-1,-1,1,1,1,-1,-1,-1,-1,-1,-1,-1,1,1,1,-1,1,1,1,-1,-1,1,1,-1,1,1,1,-1,1,1,-1,1,-1,1,-1,1,1,-1,1,1,-1,1,1,-1,1], length=50 energy=153}
Best result after 340070 ms running: LabsResult{bits=[1,1,1,1,-1,-1,-1,1,1,1,-1,-1,-1,-1,-1,-1,-1,1,1,1,-1,1,1,1,-1,-1,1,1,-1,1,1,1,-1,1,1,-1,1,-1,1,-1,1,1,-1,1,1,-1,1,1,-1,1], length=50 energy=153}
Best result after 345070 ms running: LabsResult{bits=[1,1,1,1,-1,-1,-1,1,1,1,-1,-1,-1,-1,-1,-1,-1,1,1,1,-1,1,1,1,-1,-1,1,1,-1,1,1,1,-1,1,1,-1,1,-1,1,-1,1,1,-1,1,1,-1,1,1,-1,1], length=50 energy=153}
Best result after 350071 ms running: LabsResult{bits=[1,1,1,1,-1,-1,-1,1,1,1,-1,-1,-1,-1,-1,-1,-1,1,1,1,-1,1,1,1,-1,-1,1,1,-1,1,1,1,-1,1,1,-1,1,-1,1,-1,1,1,-1,1,1,-1,1,1,-1,1], length=50 energy=153}
Best result after 355071 ms running: LabsResult{bits=[1,1,1,1,-1,-1,-1,1,1,1,-1,-1,-1,-1,-1,-1,-1,1,1,1,-1,1,1,1,-1,-1,1,1,-1,1,1,1,-1,1,1,-1,1,-1,1,-1,1,1,-1,1,1,-1,1,1,-1,1], length=50 energy=153}
Best result after 360071 ms running: LabsResult{bits=[1,1,1,1,-1,-1,-1,1,1,1,-1,-1,-1,-1,-1,-1,-1,1,1,1,-1,1,1,1,-1,-1,1,1,-1,1,1,1,-1,1,1,-1,1,-1,1,-1,1,1,-1,1,1,-1,1,1,-1,1], length=50 energy=153}
Best result after 365072 ms running: LabsResult{bits=[1,1,1,1,-1,-1,-1,1,1,1,-1,-1,-1,-1,-1,-1,-1,1,1,1,-1,1,1,1,-1,-1,1,1,-1,1,1,1,-1,1,1,-1,1,-1,1,-1,1,1,-1,1,1,-1,1,1,-1,1], length=50 energy=153}
Best result after 370072 ms running: LabsResult{bits=[1,1,1,1,-1,-1,-1,1,1,1,-1,-1,-1,-1,-1,-1,-1,1,1,1,-1,1,1,1,-1,-1,1,1,-1,1,1,1,-1,1,1,-1,1,-1,1,-1,1,1,-1,1,1,-1,1,1,-1,1], length=50 energy=153}
Best result after 375072 ms running: LabsResult{bits=[1,1,1,1,-1,-1,-1,1,1,1,-1,-1,-1,-1,-1,-1,-1,1,1,1,-1,1,1,1,-1,-1,1,1,-1,1,1,1,-1,1,1,-1,1,-1,1,-1,1,1,-1,1,1,-1,1,1,-1,1], length=50 energy=153}
Best result after 380072 ms running: LabsResult{bits=[1,1,1,1,-1,-1,-1,1,1,1,-1,-1,-1,-1,-1,-1,-1,1,1,1,-1,1,1,1,-1,-1,1,1,-1,1,1,1,-1,1,1,-1,1,-1,1,-1,1,1,-1,1,1,-1,1,1,-1,1], length=50 energy=153}
Best result after 385076 ms running: LabsResult{bits=[1,1,1,1,-1,-1,-1,1,1,1,-1,-1,-1,-1,-1,-1,-1,1,1,1,-1,1,1,1,-1,-1,1,1,-1,1,1,1,-1,1,1,-1,1,-1,1,-1,1,1,-1,1,1,-1,1,1,-1,1], length=50 energy=153}
Best result after 390076 ms running: LabsResult{bits=[1,1,1,1,-1,-1,-1,1,1,1,-1,-1,-1,-1,-1,-1,-1,1,1,1,-1,1,1,1,-1,-1,1,1,-1,1,1,1,-1,1,1,-1,1,-1,1,-1,1,1,-1,1,1,-1,1,1,-1,1], length=50 energy=153}
Best result after 395076 ms running: LabsResult{bits=[1,1,1,1,-1,-1,-1,1,1,1,-1,-1,-1,-1,-1,-1,-1,1,1,1,-1,1,1,1,-1,-1,1,1,-1,1,1,1,-1,1,1,-1,1,-1,1,-1,1,1,-1,1,1,-1,1,1,-1,1], length=50 energy=153}
Best result after 400077 ms running: LabsResult{bits=[1,1,1,1,-1,-1,-1,1,1,1,-1,-1,-1,-1,-1,-1,-1,1,1,1,-1,1,1,1,-1,-1,1,1,-1,1,1,1,-1,1,1,-1,1,-1,1,-1,1,1,-1,1,1,-1,1,1,-1,1], length=50 energy=153}
Best result after 405077 ms running: LabsResult{bits=[1,1,1,1,-1,-1,-1,1,1,1,-1,-1,-1,-1,-1,-1,-1,1,1,1,-1,1,1,1,-1,-1,1,1,-1,1,1,1,-1,1,1,-1,1,-1,1,-1,1,1,-1,1,1,-1,1,1,-1,1], length=50 energy=153}
Best result after 410078 ms running: LabsResult{bits=[1,1,1,1,-1,-1,-1,1,1,1,-1,-1,-1,-1,-1,-1,-1,1,1,1,-1,1,1,1,-1,-1,1,1,-1,1,1,1,-1,1,1,-1,1,-1,1,-1,1,1,-1,1,1,-1,1,1,-1,1], length=50 energy=153}
Best result after 415079 ms running: LabsResult{bits=[1,1,1,1,-1,-1,-1,1,1,1,-1,-1,-1,-1,-1,-1,-1,1,1,1,-1,1,1,1,-1,-1,1,1,-1,1,1,1,-1,1,1,-1,1,-1,1,-1,1,1,-1,1,1,-1,1,1,-1,1], length=50 energy=153}
Best result after 420079 ms running: LabsResult{bits=[1,1,1,1,-1,-1,-1,1,1,1,-1,-1,-1,-1,-1,-1,-1,1,1,1,-1,1,1,1,-1,-1,1,1,-1,1,1,1,-1,1,1,-1,1,-1,1,-1,1,1,-1,1,1,-1,1,1,-1,1], length=50 energy=153}
Best result after 425080 ms running: LabsResult{bits=[1,1,1,1,-1,-1,-1,1,1,1,-1,-1,-1,-1,-1,-1,-1,1,1,1,-1,1,1,1,-1,-1,1,1,-1,1,1,1,-1,1,1,-1,1,-1,1,-1,1,1,-1,1,1,-1,1,1,-1,1], length=50 energy=153}
Best result after 430081 ms running: LabsResult{bits=[1,1,1,1,-1,-1,-1,1,1,1,-1,-1,-1,-1,-1,-1,-1,1,1,1,-1,1,1,1,-1,-1,1,1,-1,1,1,1,-1,1,1,-1,1,-1,1,-1,1,1,-1,1,1,-1,1,1,-1,1], length=50 energy=153}
Best result after 435081 ms running: LabsResult{bits=[1,1,1,1,-1,-1,-1,1,1,1,-1,-1,-1,-1,-1,-1,-1,1,1,1,-1,1,1,1,-1,-1,1,1,-1,1,1,1,-1,1,1,-1,1,-1,1,-1,1,1,-1,1,1,-1,1,1,-1,1], length=50 energy=153}
Best result after 440082 ms running: LabsResult{bits=[1,1,1,1,-1,-1,-1,1,1,1,-1,-1,-1,-1,-1,-1,-1,1,1,1,-1,1,1,1,-1,-1,1,1,-1,1,1,1,-1,1,1,-1,1,-1,1,-1,1,1,-1,1,1,-1,1,1,-1,1], length=50 energy=153}
Best result after 445082 ms running: LabsResult{bits=[1,1,1,1,-1,-1,-1,1,1,1,-1,-1,-1,-1,-1,-1,-1,1,1,1,-1,1,1,1,-1,-1,1,1,-1,1,1,1,-1,1,1,-1,1,-1,1,-1,1,1,-1,1,1,-1,1,1,-1,1], length=50 energy=153}
Best result after 450082 ms running: LabsResult{bits=[1,1,1,1,-1,-1,-1,1,1,1,-1,-1,-1,-1,-1,-1,-1,1,1,1,-1,1,1,1,-1,-1,1,1,-1,1,1,1,-1,1,1,-1,1,-1,1,-1,1,1,-1,1,1,-1,1,1,-1,1], length=50 energy=153}
Best result after 455083 ms running: LabsResult{bits=[1,1,1,1,-1,-1,-1,1,1,1,-1,-1,-1,-1,-1,-1,-1,1,1,1,-1,1,1,1,-1,-1,1,1,-1,1,1,1,-1,1,1,-1,1,-1,1,-1,1,1,-1,1,1,-1,1,1,-1,1], length=50 energy=153}
Best result after 460084 ms running: LabsResult{bits=[1,1,1,1,-1,-1,-1,1,1,1,-1,-1,-1,-1,-1,-1,-1,1,1,1,-1,1,1,1,-1,-1,1,1,-1,1,1,1,-1,1,1,-1,1,-1,1,-1,1,1,-1,1,1,-1,1,1,-1,1], length=50 energy=153}
Best result after 465084 ms running: LabsResult{bits=[1,1,1,1,-1,-1,-1,1,1,1,-1,-1,-1,-1,-1,-1,-1,1,1,1,-1,1,1,1,-1,-1,1,1,-1,1,1,1,-1,1,1,-1,1,-1,1,-1,1,1,-1,1,1,-1,1,1,-1,1], length=50 energy=153}
Best result after 470085 ms running: LabsResult{bits=[1,1,1,1,-1,-1,-1,1,1,1,-1,-1,-1,-1,-1,-1,-1,1,1,1,-1,1,1,1,-1,-1,1,1,-1,1,1,1,-1,1,1,-1,1,-1,1,-1,1,1,-1,1,1,-1,1,1,-1,1], length=50 energy=153}
Best result after 475085 ms running: LabsResult{bits=[1,1,1,1,-1,-1,-1,1,1,1,-1,-1,-1,-1,-1,-1,-1,1,1,1,-1,1,1,1,-1,-1,1,1,-1,1,1,1,-1,1,1,-1,1,-1,1,-1,1,1,-1,1,1,-1,1,1,-1,1], length=50 energy=153}
Best result after 480086 ms running: LabsResult{bits=[1,1,1,1,-1,-1,-1,1,1,1,-1,-1,-1,-1,-1,-1,-1,1,1,1,-1,1,1,1,-1,-1,1,1,-1,1,1,1,-1,1,1,-1,1,-1,1,-1,1,1,-1,1,1,-1,1,1,-1,1], length=50 energy=153}
Best result after 485086 ms running: LabsResult{bits=[1,1,1,1,-1,-1,-1,1,1,1,-1,-1,-1,-1,-1,-1,-1,1,1,1,-1,1,1,1,-1,-1,1,1,-1,1,1,1,-1,1,1,-1,1,-1,1,-1,1,1,-1,1,1,-1,1,1,-1,1], length=50 energy=153}
Best result after 490086 ms running: LabsResult{bits=[1,1,1,1,-1,-1,-1,1,1,1,-1,-1,-1,-1,-1,-1,-1,1,1,1,-1,1,1,1,-1,-1,1,1,-1,1,1,1,-1,1,1,-1,1,-1,1,-1,1,1,-1,1,1,-1,1,1,-1,1], length=50 energy=153}
Best result after 495086 ms running: LabsResult{bits=[1,1,1,1,-1,-1,-1,1,1,1,-1,-1,-1,-1,-1,-1,-1,1,1,1,-1,1,1,1,-1,-1,1,1,-1,1,1,1,-1,1,1,-1,1,-1,1,-1,1,1,-1,1,1,-1,1,1,-1,1], length=50 energy=153}
Best result after 500087 ms running: LabsResult{bits=[1,1,1,1,-1,-1,-1,1,1,1,-1,-1,-1,-1,-1,-1,-1,1,1,1,-1,1,1,1,-1,-1,1,1,-1,1,1,1,-1,1,1,-1,1,-1,1,-1,1,1,-1,1,1,-1,1,1,-1,1], length=50 energy=153}
Best result after 505088 ms running: LabsResult{bits=[1,1,1,1,-1,-1,-1,1,1,1,-1,-1,-1,-1,-1,-1,-1,1,1,1,-1,1,1,1,-1,-1,1,1,-1,1,1,1,-1,1,1,-1,1,-1,1,-1,1,1,-1,1,1,-1,1,1,-1,1], length=50 energy=153}
Best result after 510089 ms running: LabsResult{bits=[1,1,1,1,-1,-1,-1,1,1,1,-1,-1,-1,-1,-1,-1,-1,1,1,1,-1,1,1,1,-1,-1,1,1,-1,1,1,1,-1,1,1,-1,1,-1,1,-1,1,1,-1,1,1,-1,1,1,-1,1], length=50 energy=153}
Best result after 515089 ms running: LabsResult{bits=[1,1,1,1,-1,-1,-1,1,1,1,-1,-1,-1,-1,-1,-1,-1,1,1,1,-1,1,1,1,-1,-1,1,1,-1,1,1,1,-1,1,1,-1,1,-1,1,-1,1,1,-1,1,1,-1,1,1,-1,1], length=50 energy=153}
Best result after 520091 ms running: LabsResult{bits=[1,1,1,1,-1,-1,-1,1,1,1,-1,-1,-1,-1,-1,-1,-1,1,1,1,-1,1,1,1,-1,-1,1,1,-1,1,1,1,-1,1,1,-1,1,-1,1,-1,1,1,-1,1,1,-1,1,1,-1,1], length=50 energy=153}
Best result after 525092 ms running: LabsResult{bits=[1,1,1,1,-1,-1,-1,1,1,1,-1,-1,-1,-1,-1,-1,-1,1,1,1,-1,1,1,1,-1,-1,1,1,-1,1,1,1,-1,1,1,-1,1,-1,1,-1,1,1,-1,1,1,-1,1,1,-1,1], length=50 energy=153}
Best result after 530092 ms running: LabsResult{bits=[1,1,1,1,-1,-1,-1,1,1,1,-1,-1,-1,-1,-1,-1,-1,1,1,1,-1,1,1,1,-1,-1,1,1,-1,1,1,1,-1,1,1,-1,1,-1,1,-1,1,1,-1,1,1,-1,1,1,-1,1], length=50 energy=153}
Best result after 535093 ms running: LabsResult{bits=[1,1,1,1,-1,-1,-1,1,1,1,-1,-1,-1,-1,-1,-1,-1,1,1,1,-1,1,1,1,-1,-1,1,1,-1,1,1,1,-1,1,1,-1,1,-1,1,-1,1,1,-1,1,1,-1,1,1,-1,1], length=50 energy=153}
Best result after 540094 ms running: LabsResult{bits=[1,1,1,1,-1,-1,-1,1,1,1,-1,-1,-1,-1,-1,-1,-1,1,1,1,-1,1,1,1,-1,-1,1,1,-1,1,1,1,-1,1,1,-1,1,-1,1,-1,1,1,-1,1,1,-1,1,1,-1,1], length=50 energy=153}
Best result after 545094 ms running: LabsResult{bits=[1,1,1,1,-1,-1,-1,1,1,1,-1,-1,-1,-1,-1,-1,-1,1,1,1,-1,1,1,1,-1,-1,1,1,-1,1,1,1,-1,1,1,-1,1,-1,1,-1,1,1,-1,1,1,-1,1,1,-1,1], length=50 energy=153}
Best result after 550094 ms running: LabsResult{bits=[1,1,1,1,-1,-1,-1,1,1,1,-1,-1,-1,-1,-1,-1,-1,1,1,1,-1,1,1,1,-1,-1,1,1,-1,1,1,1,-1,1,1,-1,1,-1,1,-1,1,1,-1,1,1,-1,1,1,-1,1], length=50 energy=153}
Best result after 555095 ms running: LabsResult{bits=[1,1,1,1,-1,-1,-1,1,1,1,-1,-1,-1,-1,-1,-1,-1,1,1,1,-1,1,1,1,-1,-1,1,1,-1,1,1,1,-1,1,1,-1,1,-1,1,-1,1,1,-1,1,1,-1,1,1,-1,1], length=50 energy=153}
Best result after 560095 ms running: LabsResult{bits=[1,1,1,1,-1,-1,-1,1,1,1,-1,-1,-1,-1,-1,-1,-1,1,1,1,-1,1,1,1,-1,-1,1,1,-1,1,1,1,-1,1,1,-1,1,-1,1,-1,1,1,-1,1,1,-1,1,1,-1,1], length=50 energy=153}
Best result after 565095 ms running: LabsResult{bits=[1,1,1,1,-1,-1,-1,1,1,1,-1,-1,-1,-1,-1,-1,-1,1,1,1,-1,1,1,1,-1,-1,1,1,-1,1,1,1,-1,1,1,-1,1,-1,1,-1,1,1,-1,1,1,-1,1,1,-1,1], length=50 energy=153}
Best result after 570096 ms running: LabsResult{bits=[1,1,1,1,-1,-1,-1,1,1,1,-1,-1,-1,-1,-1,-1,-1,1,1,1,-1,1,1,1,-1,-1,1,1,-1,1,1,1,-1,1,1,-1,1,-1,1,-1,1,1,-1,1,1,-1,1,1,-1,1], length=50 energy=153}
Best result after 575096 ms running: LabsResult{bits=[1,1,1,1,-1,-1,-1,1,1,1,-1,-1,-1,-1,-1,-1,-1,1,1,1,-1,1,1,1,-1,-1,1,1,-1,1,1,1,-1,1,1,-1,1,-1,1,-1,1,1,-1,1,1,-1,1,1,-1,1], length=50 energy=153}
Best result after 580097 ms running: LabsResult{bits=[1,1,1,1,-1,-1,-1,1,1,1,-1,-1,-1,-1,-1,-1,-1,1,1,1,-1,1,1,1,-1,-1,1,1,-1,1,1,1,-1,1,1,-1,1,-1,1,-1,1,1,-1,1,1,-1,1,1,-1,1], length=50 energy=153}
Best result after 585098 ms running: LabsResult{bits=[1,1,1,1,-1,-1,-1,1,1,1,-1,-1,-1,-1,-1,-1,-1,1,1,1,-1,1,1,1,-1,-1,1,1,-1,1,1,1,-1,1,1,-1,1,-1,1,-1,1,1,-1,1,1,-1,1,1,-1,1], length=50 energy=153}
Best result after 590098 ms running: LabsResult{bits=[1,1,1,1,-1,-1,-1,1,1,1,-1,-1,-1,-1,-1,-1,-1,1,1,1,-1,1,1,1,-1,-1,1,1,-1,1,1,1,-1,1,1,-1,1,-1,1,-1,1,1,-1,1,1,-1,1,1,-1,1], length=50 energy=153}
Best result after 595099 ms running: LabsResult{bits=[1,1,1,1,-1,-1,-1,1,1,1,-1,-1,-1,-1,-1,-1,-1,1,1,1,-1,1,1,1,-1,-1,1,1,-1,1,1,1,-1,1,1,-1,1,-1,1,-1,1,1,-1,1,1,-1,1,1,-1,1], length=50 energy=153}
Best result after 600000 ms running: LabsResult{bits=[1,1,1,1,-1,-1,-1,1,1,1,-1,-1,-1,-1,-1,-1,-1,1,1,1,-1,1,1,1,-1,-1,1,1,-1,1,1,1,-1,1,1,-1,1,-1,1,-1,1,1,-1,1,1,-1,1,1,-1,1], length=50 energy=153}
Best result: LabsResult{bits=[1,1,1,1,-1,-1,-1,1,1,1,-1,-1,-1,-1,-1,-1,-1,1,1,1,-1,1,1,1,-1,-1,1,1,-1,1,1,1,-1,1,1,-1,1,-1,1,-1,1,1,-1,1,1,-1,1,1,-1,1], length=50 energy=153}