Best result after 5001 ms running: LabsResult{bits=[-1,1,1,1,1,-1,1,-1,-1,-1,-1,1,-1,-1,1,1,1,1,1,-1,1,-1,-1,1,1,-1,-1,1,-1,-1,1,1,-1,1,-1,1,1,-1,1,-1,-1,1,-1,1,1,1,-1,-1,-1,-1,-1,-1,1,-1,1,-1,1,-1,1,-1,1,1,1,1,1,-1,1,1,1,1,1,1,-1,-1,1,1,1,-1,1,1,1,-1,-1,-1,1,1,1,-1,-1,1,1], length=91 energy=733}
Best result after 10045 ms running: LabsResult{bits=[-1,1,-1,-1,-1,-1,-1,1,1,-1,1,-1,-1,1,1,-1,-1,1,-1,1,-1,-1,-1,1,-1,-1,-1,-1,-1,1,1,1,-1,-1,-1,1,1,1,-1,-1,-1,-1,-1,1,-1,1,1,1,-1,-1,1,-1,-1,-1,1,1,1,1,1,-1,1,1,1,-1,1,1,-1,1,-1,1,-1,-1,1,-1,-1,1,-1,1,-1,-1,1,1,-1,-1,-1,1,1,-1,1,1,1], length=91 energy=697}
Best result after 15049 ms running: LabsResult{bits=[-1,1,-1,-1,-1,-1,-1,1,1,-1,1,-1,-1,1,1,-1,-1,1,-1,1,-1,-1,-1,1,-1,-1,-1,-1,-1,1,1,1,-1,-1,-1,1,1,1,-1,-1,-1,-1,-1,1,-1,1,1,1,-1,-1,1,-1,-1,-1,1,1,1,1,1,-1,1,1,1,-1,1,1,-1,1,-1,1,-1,-1,1,-1,-1,1,-1,1,-1,-1,1,1,-1,-1,-1,1,1,-1,1,1,1], length=91 energy=697}
Best result after 20052 ms running: LabsResult{bits=[-1,1,-1,-1,-1,-1,-1,1,1,-1,1,-1,-1,1,1,-1,-1,1,-1,1,-1,-1,-1,1,-1,-1,-1,-1,-1,1,1,1,-1,-1,-1,1,1,1,-1,-1,-1,-1,-1,1,-1,1,1,1,-1,-1,1,-1,-1,-1,1,1,1,1,1,-1,1,1,1,-1,1,1,-1,1,-1,1,-1,-1,1,-1,-1,1,-1,1,-1,-1,1,1,-1,-1,-1,1,1,-1,1,1,1], length=91 energy=697}
Best result after 25056 ms running: LabsResult{bits=[1,-1,1,-1,1,1,1,1,-1,1,-1,1,-1,1,1,1,1,-1,-1,1,1,1,1,1,1,-1,-1,-1,1,-1,1,-1,-1,1,1,-1,-1,-1,1,1,-1,-1,-1,-1,1,-1,-1,-1,-1,-1,1,1,1,-1,-1,1,1,-1,1,1,1,-1,-1,1,-1,-1,-1,-1,-1,-1,1,1,-1,1,-1,-1,1,-1,-1,1,-1,1,1,1,-1,1,1,-1,-1,1,-1], length=91 energy=685}
Best result after 30058 ms running: LabsResult{bits=[1,-1,1,-1,1,1,1,1,-1,1,-1,1,-1,1,1,1,1,-1,-1,1,1,1,1,1,1,-1,-1,-1,1,-1,1,-1,-1,1,1,-1,-1,-1,1,1,-1,-1,-1,-1,1,-1,-1,-1,-1,-1,1,1,1,-1,-1,1,1,-1,1,1,1,-1,-1,1,-1,-1,-1,-1,-1,-1,1,1,-1,1,-1,-1,1,-1,-1,1,-1,1,1,1,-1,1,1,-1,-1,1,-1], length=91 energy=685}
Best result after 35061 ms running: LabsResult{bits=[1,-1,1,-1,1,1,1,1,-1,1,-1,1,-1,1,1,1,1,-1,-1,1,1,1,1,1,1,-1,-1,-1,1,-1,1,-1,-1,1,1,-1,-1,-1,1,1,-1,-1,-1,-1,1,-1,-1,-1,-1,-1,1,1,1,-1,-1,1,1,-1,1,1,1,-1,-1,1,-1,-1,-1,-1,-1,-1,1,1,-1,1,-1,-1,1,-1,-1,1,-1,1,1,1,-1,1,1,-1,-1,1,-1], length=91 energy=685}
Best result after 40064 ms running: LabsResult{bits=[1,-1,1,-1,1,1,1,1,-1,1,-1,1,-1,1,1,1,1,-1,-1,1,1,1,1,1,1,-1,-1,-1,1,-1,1,-1,-1,1,1,-1,-1,-1,1,1,-1,-1,-1,-1,1,-1,-1,-1,-1,-1,1,1,1,-1,-1,1,1,-1,1,1,1,-1,-1,1,-1,-1,-1,-1,-1,-1,1,1,-1,1,-1,-1,1,-1,-1,1,-1,1,1,1,-1,1,1,-1,-1,1,-1], length=91 energy=685}
Best result after 45068 ms running: LabsResult{bits=[1,-1,1,-1,1,1,1,1,-1,1,-1,1,-1,1,1,1,1,-1,-1,1,1,1,1,1,1,-1,-1,-1,1,-1,1,-1,-1,1,1,-1,-1,-1,1,1,-1,-1,-1,-1,1,-1,-1,-1,-1,-1,1,1,1,-1,-1,1,1,-1,1,1,1,-1,-1,1,-1,-1,-1,-1,-1,-1,1,1,-1,1,-1,-1,1,-1,-1,1,-1,1,1,1,-1,1,1,-1,-1,1,-1], length=91 energy=685}
Best result after 50071 ms running: LabsResult{bits=[1,-1,1,-1,1,1,1,1,-1,1,-1,1,-1,1,1,1,1,-1,-1,1,1,1,1,1,1,-1,-1,-1,1,-1,1,-1,-1,1,1,-1,-1,-1,1,1,-1,-1,-1,-1,1,-1,-1,-1,-1,-1,1,1,1,-1,-1,1,1,-1,1,1,1,-1,-1,1,-1,-1,-1,-1,-1,-1,1,1,-1,1,-1,-1,1,-1,-1,1,-1,1,1,1,-1,1,1,-1,-1,1,-1], length=91 energy=685}
Best result after 55073 ms running: LabsResult{bits=[1,-1,1,-1,1,1,1,1,-1,1,-1,1,-1,1,1,1,1,-1,-1,1,1,1,1,1,1,-1,-1,-1,1,-1,1,-1,-1,1,1,-1,-1,-1,1,1,-1,-1,-1,-1,1,-1,-1,-1,-1,-1,1,1,1,-1,-1,1,1,-1,1,1,1,-1,-1,1,-1,-1,-1,-1,-1,-1,1,1,-1,1,-1,-1,1,-1,-1,1,-1,1,1,1,-1,1,1,-1,-1,1,-1], length=91 energy=685}
Best result after 60076 ms running: LabsResult{bits=[1,-1,1,-1,1,1,1,1,-1,1,-1,1,-1,1,1,1,1,-1,-1,1,1,1,1,1,1,-1,-1,-1,1,-1,1,-1,-1,1,1,-1,-1,-1,1,1,-1,-1,-1,-1,1,-1,-1,-1,-1,-1,1,1,1,-1,-1,1,1,-1,1,1,1,-1,-1,1,-1,-1,-1,-1,-1,-1,1,1,-1,1,-1,-1,1,-1,-1,1,-1,1,1,1,-1,1,1,-1,-1,1,-1], length=91 energy=685}
Best result after 65084 ms running: LabsResult{bits=[1,-1,1,-1,1,1,1,1,-1,1,-1,1,-1,1,1,1,1,-1,-1,1,1,1,1,1,1,-1,-1,-1,1,-1,1,-1,-1,1,1,-1,-1,-1,1,1,-1,-1,-1,-1,1,-1,-1,-1,-1,-1,1,1,1,-1,-1,1,1,-1,1,1,1,-1,-1,1,-1,-1,-1,-1,-1,-1,1,1,-1,1,-1,-1,1,-1,-1,1,-1,1,1,1,-1,1,1,-1,-1,1,-1], length=91 energy=685}
Best result after 70087 ms running: LabsResult{bits=[1,1,1,1,1,-1,1,1,-1,1,-1,-1,1,-1,1,-1,-1,1,1,1,1,1,-1,-1,-1,-1,1,-1,1,1,-1,1,1,1,1,1,1,-1,1,1,1,1,-1,-1,1,1,1,1,-1,-1,-1,-1,-1,-1,1,-1,1,1,-1,-1,-1,-1,1,1,-1,-1,1,1,-1,-1,1,-1,-1,-1,-1,1,-1,1,-1,1,-1,1,-1,1,-1,1,1,1,-1,-1,1], length=91 energy=665}
Best result after 75094 ms running: LabsResult{bits=[1,1,1,1,1,-1,1,1,-1,1,-1,-1,1,-1,1,-1,-1,1,1,1,1,1,-1,-1,-1,-1,1,-1,1,1,-1,1,1,1,1,1,1,-1,1,1,1,1,-1,-1,1,1,1,1,-1,-1,-1,-1,-1,-1,1,-1,1,1,-1,-1,-1,-1,1,1,-1,-1,1,1,-1,-1,1,-1,-1,-1,-1,1,-1,1,-1,1,-1,1,-1,1,-1,1,1,1,-1,-1,1], length=91 energy=665}
Best result after 80098 ms running: LabsResult{bits=[1,1,1,1,1,-1,1,1,-1,1,-1,-1,1,-1,1,-1,-1,1,1,1,1,1,-1,-1,-1,-1,1,-1,1,1,-1,1,1,1,1,1,1,-1,1,1,1,1,-1,-1,1,1,1,1,-1,-1,-1,-1,-1,-1,1,-1,1,1,-1,-1,-1,-1,1,1,-1,-1,1,1,-1,-1,1,-1,-1,-1,-1,1,-1,1,-1,1,-1,1,-1,1,-1,1,1,1,-1,-1,1], length=91 energy=665}
Best result after 85100 ms running: LabsResult{bits=[1,1,1,1,1,-1,1,1,-1,1,-1,-1,1,-1,1,-1,-1,1,1,1,1,1,-1,-1,-1,-1,1,-1,1,1,-1,1,1,1,1,1,1,-1,1,1,1,1,-1,-1,1,1,1,1,-1,-1,-1,-1,-1,-1,1,-1,1,1,-1,-1,-1,-1,1,1,-1,-1,1,1,-1,-1,1,-1,-1,-1,-1,1,-1,1,-1,1,-1,1,-1,1,-1,1,1,1,-1,-1,1], length=91 energy=665}
Best result after 90108 ms running: LabsResult{bits=[1,1,1,1,1,-1,1,1,-1,1,-1,-1,1,-1,1,-1,-1,1,1,1,1,1,-1,-1,-1,-1,1,-1,1,1,-1,1,1,1,1,1,1,-1,1,1,1,1,-1,-1,1,1,1,1,-1,-1,-1,-1,-1,-1,1,-1,1,1,-1,-1,-1,-1,1,1,-1,-1,1,1,-1,-1,1,-1,-1,-1,-1,1,-1,1,-1,1,-1,1,-1,1,-1,1,1,1,-1,-1,1], length=91 energy=665}
Best result after 95111 ms running: LabsResult{bits=[1,1,1,1,1,-1,1,1,-1,1,-1,-1,1,-1,1,-1,-1,1,1,1,1,1,-1,-1,-1,-1,1,-1,1,1,-1,1,1,1,1,1,1,-1,1,1,1,1,-1,-1,1,1,1,1,-1,-1,-1,-1,-1,-1,1,-1,1,1,-1,-1,-1,-1,1,1,-1,-1,1,1,-1,-1,1,-1,-1,-1,-1,1,-1,1,-1,1,-1,1,-1,1,-1,1,1,1,-1,-1,1], length=91 energy=665}
Best result after 100113 ms running: LabsResult{bits=[1,1,1,1,1,-1,1,1,-1,1,-1,-1,1,-1,1,-1,-1,1,1,1,1,1,-1,-1,-1,-1,1,-1,1,1,-1,1,1,1,1,1,1,-1,1,1,1,1,-1,-1,1,1,1,1,-1,-1,-1,-1,-1,-1,1,-1,1,1,-1,-1,-1,-1,1,1,-1,-1,1,1,-1,-1,1,-1,-1,-1,-1,1,-1,1,-1,1,-1,1,-1,1,-1,1,1,1,-1,-1,1], length=91 energy=665}
Best result after 105116 ms running: LabsResult{bits=[1,1,1,1,1,-1,1,1,-1,1,-1,-1,1,-1,1,-1,-1,1,1,1,1,1,-1,-1,-1,-1,1,-1,1,1,-1,1,1,1,1,1,1,-1,1,1,1,1,-1,-1,1,1,1,1,-1,-1,-1,-1,-1,-1,1,-1,1,1,-1,-1,-1,-1,1,1,-1,-1,1,1,-1,-1,1,-1,-1,-1,-1,1,-1,1,-1,1,-1,1,-1,1,-1,1,1,1,-1,-1,1], length=91 energy=665}
Best result after 110119 ms running: LabsResult{bits=[1,-1,-1,1,-1,1,1,-1,1,1,1,-1,-1,-1,1,-1,-1,1,1,-1,1,-1,1,-1,-1,1,1,-1,1,1,1,-1,-1,1,-1,1,1,-1,1,1,1,-1,-1,1,-1,-1,-1,-1,-1,1,1,-1,1,1,1,1,1,1,-1,1,-1,1,1,-1,-1,-1,1,1,1,-1,-1,-1,-1,-1,1,1,-1,1,-1,-1,-1,1,-1,1,-1,-1,-1,-1,-1,-1,1], length=91 energy=661}
Best result after 115122 ms running: LabsResult{bits=[1,-1,-1,1,-1,1,1,-1,1,1,1,-1,-1,-1,1,-1,-1,1,1,-1,1,-1,1,-1,-1,1,1,-1,1,1,1,-1,-1,1,-1,1,1,-1,1,1,1,-1,-1,1,-1,-1,-1,-1,-1,1,1,-1,1,1,1,1,1,1,-1,1,-1,1,1,-1,-1,-1,1,1,1,-1,-1,-1,-1,-1,1,1,-1,1,-1,-1,-1,1,-1,1,-1,-1,-1,-1,-1,-1,1], length=91 energy=661}
Best result after 120126 ms running: LabsResult{bits=[1,-1,-1,1,-1,1,1,-1,1,1,1,-1,-1,-1,1,-1,-1,1,1,-1,1,-1,1,-1,-1,1,1,-1,1,1,1,-1,-1,1,-1,1,1,-1,1,1,1,-1,-1,1,-1,-1,-1,-1,-1,1,1,-1,1,1,1,1,1,1,-1,1,-1,1,1,-1,-1,-1,1,1,1,-1,-1,-1,-1,-1,1,1,-1,1,-1,-1,-1,1,-1,1,-1,-1,-1,-1,-1,-1,1], length=91 energy=661}
Best result after 125129 ms running: LabsResult{bits=[1,-1,-1,1,-1,1,1,-1,1,1,1,-1,-1,-1,1,-1,-1,1,1,-1,1,-1,1,-1,-1,1,1,-1,1,1,1,-1,-1,1,-1,1,1,-1,1,1,1,-1,-1,1,-1,-1,-1,-1,-1,1,1,-1,1,1,1,1,1,1,-1,1,-1,1,1,-1,-1,-1,1,1,1,-1,-1,-1,-1,-1,1,1,-1,1,-1,-1,-1,1,-1,1,-1,-1,-1,-1,-1,-1,1], length=91 energy=661}
Best result after 130132 ms running: LabsResult{bits=[1,-1,-1,1,-1,1,1,-1,1,1,1,-1,-1,-1,1,-1,-1,1,1,-1,1,-1,1,-1,-1,1,1,-1,1,1,1,-1,-1,1,-1,1,1,-1,1,1,1,-1,-1,1,-1,-1,-1,-1,-1,1,1,-1,1,1,1,1,1,1,-1,1,-1,1,1,-1,-1,-1,1,1,1,-1,-1,-1,-1,-1,1,1,-1,1,-1,-1,-1,1,-1,1,-1,-1,-1,-1,-1,-1,1], length=91 energy=661}
Best result after 135135 ms running: LabsResult{bits=[1,-1,-1,1,-1,1,1,-1,1,1,1,-1,-1,-1,1,-1,-1,1,1,-1,1,-1,1,-1,-1,1,1,-1,1,1,1,-1,-1,1,-1,1,1,-1,1,1,1,-1,-1,1,-1,-1,-1,-1,-1,1,1,-1,1,1,1,1,1,1,-1,1,-1,1,1,-1,-1,-1,1,1,1,-1,-1,-1,-1,-1,1,1,-1,1,-1,-1,-1,1,-1,1,-1,-1,-1,-1,-1,-1,1], length=91 energy=661}
Best result after 140137 ms running: LabsResult{bits=[1,-1,-1,1,-1,1,1,-1,1,1,1,-1,-1,-1,1,-1,-1,1,1,-1,1,-1,1,-1,-1,1,1,-1,1,1,1,-1,-1,1,-1,1,1,-1,1,1,1,-1,-1,1,-1,-1,-1,-1,-1,1,1,-1,1,1,1,1,1,1,-1,1,-1,1,1,-1,-1,-1,1,1,1,-1,-1,-1,-1,-1,1,1,-1,1,-1,-1,-1,1,-1,1,-1,-1,-1,-1,-1,-1,1], length=91 energy=661}
Best result after 145145 ms running: LabsResult{bits=[1,-1,-1,1,-1,1,1,-1,1,1,1,-1,-1,-1,1,-1,-1,1,1,-1,1,-1,1,-1,-1,1,1,-1,1,1,1,-1,-1,1,-1,1,1,-1,1,1,1,-1,-1,1,-1,-1,-1,-1,-1,1,1,-1,1,1,1,1,1,1,-1,1,-1,1,1,-1,-1,-1,1,1,1,-1,-1,-1,-1,-1,1,1,-1,1,-1,-1,-1,1,-1,1,-1,-1,-1,-1,-1,-1,1], length=91 energy=661}
Best result after 150149 ms running: LabsResult{bits=[1,-1,-1,1,-1,1,1,-1,1,1,1,-1,-1,-1,1,-1,-1,1,1,-1,1,-1,1,-1,-1,1,1,-1,1,1,1,-1,-1,1,-1,1,1,-1,1,1,1,-1,-1,1,-1,-1,-1,-1,-1,1,1,-1,1,1,1,1,1,1,-1,1,-1,1,1,-1,-1,-1,1,1,1,-1,-1,-1,-1,-1,1,1,-1,1,-1,-1,-1,1,-1,1,-1,-1,-1,-1,-1,-1,1], length=91 energy=661}
Best result after 155152 ms running: LabsResult{bits=[1,-1,-1,1,-1,1,1,-1,1,1,1,-1,-1,-1,1,-1,-1,1,1,-1,1,-1,1,-1,-1,1,1,-1,1,1,1,-1,-1,1,-1,1,1,-1,1,1,1,-1,-1,1,-1,-1,-1,-1,-1,1,1,-1,1,1,1,1,1,1,-1,1,-1,1,1,-1,-1,-1,1,1,1,-1,-1,-1,-1,-1,1,1,-1,1,-1,-1,-1,1,-1,1,-1,-1,-1,-1,-1,-1,1], length=91 energy=661}
Best result after 160154 ms running: LabsResult{bits=[1,-1,-1,1,-1,1,1,-1,1,1,1,-1,-1,-1,1,-1,-1,1,1,-1,1,-1,1,-1,-1,1,1,-1,1,1,1,-1,-1,1,-1,1,1,-1,1,1,1,-1,-1,1,-1,-1,-1,-1,-1,1,1,-1,1,1,1,1,1,1,-1,1,-1,1,1,-1,-1,-1,1,1,1,-1,-1,-1,-1,-1,1,1,-1,1,-1,-1,-1,1,-1,1,-1,-1,-1,-1,-1,-1,1], length=91 energy=661}
Best result after 165157 ms running: LabsResult{bits=[1,-1,-1,1,-1,1,1,-1,1,1,1,-1,-1,-1,1,-1,-1,1,1,-1,1,-1,1,-1,-1,1,1,-1,1,1,1,-1,-1,1,-1,1,1,-1,1,1,1,-1,-1,1,-1,-1,-1,-1,-1,1,1,-1,1,1,1,1,1,1,-1,1,-1,1,1,-1,-1,-1,1,1,1,-1,-1,-1,-1,-1,1,1,-1,1,-1,-1,-1,1,-1,1,-1,-1,-1,-1,-1,-1,1], length=91 energy=661}
Best result after 170161 ms running: LabsResult{bits=[1,-1,-1,1,-1,1,1,-1,1,1,1,-1,-1,-1,1,-1,-1,1,1,-1,1,-1,1,-1,-1,1,1,-1,1,1,1,-1,-1,1,-1,1,1,-1,1,1,1,-1,-1,1,-1,-1,-1,-1,-1,1,1,-1,1,1,1,1,1,1,-1,1,-1,1,1,-1,-1,-1,1,1,1,-1,-1,-1,-1,-1,1,1,-1,1,-1,-1,-1,1,-1,1,-1,-1,-1,-1,-1,-1,1], length=91 energy=661}
Best result after 175163 ms running: LabsResult{bits=[1,-1,-1,1,-1,1,1,-1,1,1,1,-1,-1,-1,1,-1,-1,1,1,-1,1,-1,1,-1,-1,1,1,-1,1,1,1,-1,-1,1,-1,1,1,-1,1,1,1,-1,-1,1,-1,-1,-1,-1,-1,1,1,-1,1,1,1,1,1,1,-1,1,-1,1,1,-1,-1,-1,1,1,1,-1,-1,-1,-1,-1,1,1,-1,1,-1,-1,-1,1,-1,1,-1,-1,-1,-1,-1,-1,1], length=91 energy=661}
Best result after 180167 ms running: LabsResult{bits=[1,-1,-1,1,-1,1,1,-1,1,1,1,-1,-1,-1,1,-1,-1,1,1,-1,1,-1,1,-1,-1,1,1,-1,1,1,1,-1,-1,1,-1,1,1,-1,1,1,1,-1,-1,1,-1,-1,-1,-1,-1,1,1,-1,1,1,1,1,1,1,-1,1,-1,1,1,-1,-1,-1,1,1,1,-1,-1,-1,-1,-1,1,1,-1,1,-1,-1,-1,1,-1,1,-1,-1,-1,-1,-1,-1,1], length=91 energy=661}
Best result after 185172 ms running: LabsResult{bits=[1,-1,-1,1,-1,1,1,-1,1,1,1,-1,-1,-1,1,-1,-1,1,1,-1,1,-1,1,-1,-1,1,1,-1,1,1,1,-1,-1,1,-1,1,1,-1,1,1,1,-1,-1,1,-1,-1,-1,-1,-1,1,1,-1,1,1,1,1,1,1,-1,1,-1,1,1,-1,-1,-1,1,1,1,-1,-1,-1,-1,-1,1,1,-1,1,-1,-1,-1,1,-1,1,-1,-1,-1,-1,-1,-1,1], length=91 energy=661}
Best result after 190174 ms running: LabsResult{bits=[1,-1,-1,1,-1,1,1,-1,1,1,1,-1,-1,-1,1,-1,-1,1,1,-1,1,-1,1,-1,-1,1,1,-1,1,1,1,-1,-1,1,-1,1,1,-1,1,1,1,-1,-1,1,-1,-1,-1,-1,-1,1,1,-1,1,1,1,1,1,1,-1,1,-1,1,1,-1,-1,-1,1,1,1,-1,-1,-1,-1,-1,1,1,-1,1,-1,-1,-1,1,-1,1,-1,-1,-1,-1,-1,-1,1], length=91 energy=661}
Best result after 195182 ms running: LabsResult{bits=[1,-1,-1,1,-1,1,1,-1,1,1,1,-1,-1,-1,1,-1,-1,1,1,-1,1,-1,1,-1,-1,1,1,-1,1,1,1,-1,-1,1,-1,1,1,-1,1,1,1,-1,-1,1,-1,-1,-1,-1,-1,1,1,-1,1,1,1,1,1,1,-1,1,-1,1,1,-1,-1,-1,1,1,1,-1,-1,-1,-1,-1,1,1,-1,1,-1,-1,-1,1,-1,1,-1,-1,-1,-1,-1,-1,1], length=91 energy=661}
Best result after 200184 ms running: LabsResult{bits=[1,-1,-1,1,-1,1,1,-1,1,1,1,-1,-1,-1,1,-1,-1,1,1,-1,1,-1,1,-1,-1,1,1,-1,1,1,1,-1,-1,1,-1,1,1,-1,1,1,1,-1,-1,1,-1,-1,-1,-1,-1,1,1,-1,1,1,1,1,1,1,-1,1,-1,1,1,-1,-1,-1,1,1,1,-1,-1,-1,-1,-1,1,1,-1,1,-1,-1,-1,1,-1,1,-1,-1,-1,-1,-1,-1,1], length=91 energy=661}
Best result after 205187 ms running: LabsResult{bits=[1,-1,-1,1,-1,1,1,-1,1,1,1,-1,-1,-1,1,-1,-1,1,1,-1,1,-1,1,-1,-1,1,1,-1,1,1,1,-1,-1,1,-1,1,1,-1,1,1,1,-1,-1,1,-1,-1,-1,-1,-1,1,1,-1,1,1,1,1,1,1,-1,1,-1,1,1,-1,-1,-1,1,1,1,-1,-1,-1,-1,-1,1,1,-1,1,-1,-1,-1,1,-1,1,-1,-1,-1,-1,-1,-1,1], length=91 energy=661}
Best result after 210189 ms running: LabsResult{bits=[1,-1,-1,1,-1,1,1,-1,1,1,1,-1,-1,-1,1,-1,-1,1,1,-1,1,-1,1,-1,-1,1,1,-1,1,1,1,-1,-1,1,-1,1,1,-1,1,1,1,-1,-1,1,-1,-1,-1,-1,-1,1,1,-1,1,1,1,1,1,1,-1,1,-1,1,1,-1,-1,-1,1,1,1,-1,-1,-1,-1,-1,1,1,-1,1,-1,-1,-1,1,-1,1,-1,-1,-1,-1,-1,-1,1], length=91 energy=661}
Best result after 215193 ms running: LabsResult{bits=[1,-1,-1,1,-1,1,1,-1,1,1,1,-1,-1,-1,1,-1,-1,1,1,-1,1,-1,1,-1,-1,1,1,-1,1,1,1,-1,-1,1,-1,1,1,-1,1,1,1,-1,-1,1,-1,-1,-1,-1,-1,1,1,-1,1,1,1,1,1,1,-1,1,-1,1,1,-1,-1,-1,1,1,1,-1,-1,-1,-1,-1,1,1,-1,1,-1,-1,-1,1,-1,1,-1,-1,-1,-1,-1,-1,1], length=91 energy=661}
Best result after 220196 ms running: LabsResult{bits=[1,-1,-1,1,-1,1,1,-1,1,1,1,-1,-1,-1,1,-1,-1,1,1,-1,1,-1,1,-1,-1,1,1,-1,1,1,1,-1,-1,1,-1,1,1,-1,1,1,1,-1,-1,1,-1,-1,-1,-1,-1,1,1,-1,1,1,1,1,1,1,-1,1,-1,1,1,-1,-1,-1,1,1,1,-1,-1,-1,-1,-1,1,1,-1,1,-1,-1,-1,1,-1,1,-1,-1,-1,-1,-1,-1,1], length=91 energy=661}
Best result after 225198 ms running: LabsResult{bits=[1,-1,-1,1,-1,1,1,-1,1,1,1,-1,-1,-1,1,-1,-1,1,1,-1,1,-1,1,-1,-1,1,1,-1,1,1,1,-1,-1,1,-1,1,1,-1,1,1,1,-1,-1,1,-1,-1,-1,-1,-1,1,1,-1,1,1,1,1,1,1,-1,1,-1,1,1,-1,-1,-1,1,1,1,-1,-1,-1,-1,-1,1,1,-1,1,-1,-1,-1,1,-1,1,-1,-1,-1,-1,-1,-1,1], length=91 energy=661}
Best result after 230209 ms running: LabsResult{bits=[1,-1,-1,1,-1,1,1,-1,1,1,1,-1,-1,-1,1,-1,-1,1,1,-1,1,-1,1,-1,-1,1,1,-1,1,1,1,-1,-1,1,-1,1,1,-1,1,1,1,-1,-1,1,-1,-1,-1,-1,-1,1,1,-1,1,1,1,1,1,1,-1,1,-1,1,1,-1,-1,-1,1,1,1,-1,-1,-1,-1,-1,1,1,-1,1,-1,-1,-1,1,-1,1,-1,-1,-1,-1,-1,-1,1], length=91 energy=661}
Best result after 235224 ms running: LabsResult{bits=[1,-1,-1,1,-1,1,1,-1,1,1,1,-1,-1,-1,1,-1,-1,1,1,-1,1,-1,1,-1,-1,1,1,-1,1,1,1,-1,-1,1,-1,1,1,-1,1,1,1,-1,-1,1,-1,-1,-1,-1,-1,1,1,-1,1,1,1,1,1,1,-1,1,-1,1,1,-1,-1,-1,1,1,1,-1,-1,-1,-1,-1,1,1,-1,1,-1,-1,-1,1,-1,1,-1,-1,-1,-1,-1,-1,1], length=91 energy=661}
Best result after 240227 ms running: LabsResult{bits=[1,-1,-1,1,-1,1,1,-1,1,1,1,-1,-1,-1,1,-1,-1,1,1,-1,1,-1,1,-1,-1,1,1,-1,1,1,1,-1,-1,1,-1,1,1,-1,1,1,1,-1,-1,1,-1,-1,-1,-1,-1,1,1,-1,1,1,1,1,1,1,-1,1,-1,1,1,-1,-1,-1,1,1,1,-1,-1,-1,-1,-1,1,1,-1,1,-1,-1,-1,1,-1,1,-1,-1,-1,-1,-1,-1,1], length=91 energy=661}
Best result after 245230 ms running: LabsResult{bits=[1,-1,-1,1,-1,1,1,-1,1,1,1,-1,-1,-1,1,-1,-1,1,1,-1,1,-1,1,-1,-1,1,1,-1,1,1,1,-1,-1,1,-1,1,1,-1,1,1,1,-1,-1,1,-1,-1,-1,-1,-1,1,1,-1,1,1,1,1,1,1,-1,1,-1,1,1,-1,-1,-1,1,1,1,-1,-1,-1,-1,-1,1,1,-1,1,-1,-1,-1,1,-1,1,-1,-1,-1,-1,-1,-1,1], length=91 energy=661}
Best result after 250232 ms running: LabsResult{bits=[1,-1,-1,1,-1,1,1,-1,1,1,1,-1,-1,-1,1,-1,-1,1,1,-1,1,-1,1,-1,-1,1,1,-1,1,1,1,-1,-1,1,-1,1,1,-1,1,1,1,-1,-1,1,-1,-1,-1,-1,-1,1,1,-1,1,1,1,1,1,1,-1,1,-1,1,1,-1,-1,-1,1,1,1,-1,-1,-1,-1,-1,1,1,-1,1,-1,-1,-1,1,-1,1,-1,-1,-1,-1,-1,-1,1], length=91 energy=661}
Best result after 255235 ms running: LabsResult{bits=[1,-1,-1,1,-1,1,1,-1,1,1,1,-1,-1,-1,1,-1,-1,1,1,-1,1,-1,1,-1,-1,1,1,-1,1,1,1,-1,-1,1,-1,1,1,-1,1,1,1,-1,-1,1,-1,-1,-1,-1,-1,1,1,-1,1,1,1,1,1,1,-1,1,-1,1,1,-1,-1,-1,1,1,1,-1,-1,-1,-1,-1,1,1,-1,1,-1,-1,-1,1,-1,1,-1,-1,-1,-1,-1,-1,1], length=91 energy=661}
Best result after 260238 ms running: LabsResult{bits=[1,-1,-1,1,-1,1,1,-1,1,1,1,-1,-1,-1,1,-1,-1,1,1,-1,1,-1,1,-1,-1,1,1,-1,1,1,1,-1,-1,1,-1,1,1,-1,1,1,1,-1,-1,1,-1,-1,-1,-1,-1,1,1,-1,1,1,1,1,1,1,-1,1,-1,1,1,-1,-1,-1,1,1,1,-1,-1,-1,-1,-1,1,1,-1,1,-1,-1,-1,1,-1,1,-1,-1,-1,-1,-1,-1,1], length=91 energy=661}
Best result after 265242 ms running: LabsResult{bits=[1,-1,-1,1,-1,1,1,-1,1,1,1,-1,-1,-1,1,-1,-1,1,1,-1,1,-1,1,-1,-1,1,1,-1,1,1,1,-1,-1,1,-1,1,1,-1,1,1,1,-1,-1,1,-1,-1,-1,-1,-1,1,1,-1,1,1,1,1,1,1,-1,1,-1,1,1,-1,-1,-1,1,1,1,-1,-1,-1,-1,-1,1,1,-1,1,-1,-1,-1,1,-1,1,-1,-1,-1,-1,-1,-1,1], length=91 energy=661}
Best result after 270247 ms running: LabsResult{bits=[1,-1,-1,1,-1,1,1,-1,1,1,1,-1,-1,-1,1,-1,-1,1,1,-1,1,-1,1,-1,-1,1,1,-1,1,1,1,-1,-1,1,-1,1,1,-1,1,1,1,-1,-1,1,-1,-1,-1,-1,-1,1,1,-1,1,1,1,1,1,1,-1,1,-1,1,1,-1,-1,-1,1,1,1,-1,-1,-1,-1,-1,1,1,-1,1,-1,-1,-1,1,-1,1,-1,-1,-1,-1,-1,-1,1], length=91 energy=661}
Best result after 275249 ms running: LabsResult{bits=[1,-1,-1,1,-1,1,1,-1,1,1,1,-1,-1,-1,1,-1,-1,1,1,-1,1,-1,1,-1,-1,1,1,-1,1,1,1,-1,-1,1,-1,1,1,-1,1,1,1,-1,-1,1,-1,-1,-1,-1,-1,1,1,-1,1,1,1,1,1,1,-1,1,-1,1,1,-1,-1,-1,1,1,1,-1,-1,-1,-1,-1,1,1,-1,1,-1,-1,-1,1,-1,1,-1,-1,-1,-1,-1,-1,1], length=91 energy=661}
Best result after 280255 ms running: LabsResult{bits=[1,-1,-1,1,-1,1,1,-1,1,1,1,-1,-1,-1,1,-1,-1,1,1,-1,1,-1,1,-1,-1,1,1,-1,1,1,1,-1,-1,1,-1,1,1,-1,1,1,1,-1,-1,1,-1,-1,-1,-1,-1,1,1,-1,1,1,1,1,1,1,-1,1,-1,1,1,-1,-1,-1,1,1,1,-1,-1,-1,-1,-1,1,1,-1,1,-1,-1,-1,1,-1,1,-1,-1,-1,-1,-1,-1,1], length=91 energy=661}
Best result after 285265 ms running: LabsResult{bits=[1,-1,-1,1,-1,1,1,-1,1,1,1,-1,-1,-1,1,-1,-1,1,1,-1,1,-1,1,-1,-1,1,1,-1,1,1,1,-1,-1,1,-1,1,1,-1,1,1,1,-1,-1,1,-1,-1,-1,-1,-1,1,1,-1,1,1,1,1,1,1,-1,1,-1,1,1,-1,-1,-1,1,1,1,-1,-1,-1,-1,-1,1,1,-1,1,-1,-1,-1,1,-1,1,-1,-1,-1,-1,-1,-1,1], length=91 energy=661}
Best result after 290271 ms running: LabsResult{bits=[1,-1,-1,1,-1,1,1,-1,1,1,1,-1,-1,-1,1,-1,-1,1,1,-1,1,-1,1,-1,-1,1,1,-1,1,1,1,-1,-1,1,-1,1,1,-1,1,1,1,-1,-1,1,-1,-1,-1,-1,-1,1,1,-1,1,1,1,1,1,1,-1,1,-1,1,1,-1,-1,-1,1,1,1,-1,-1,-1,-1,-1,1,1,-1,1,-1,-1,-1,1,-1,1,-1,-1,-1,-1,-1,-1,1], length=91 energy=661}
Best result after 295273 ms running: LabsResult{bits=[1,-1,-1,1,-1,1,1,-1,1,1,1,-1,-1,-1,1,-1,-1,1,1,-1,1,-1,1,-1,-1,1,1,-1,1,1,1,-1,-1,1,-1,1,1,-1,1,1,1,-1,-1,1,-1,-1,-1,-1,-1,1,1,-1,1,1,1,1,1,1,-1,1,-1,1,1,-1,-1,-1,1,1,1,-1,-1,-1,-1,-1,1,1,-1,1,-1,-1,-1,1,-1,1,-1,-1,-1,-1,-1,-1,1], length=91 energy=661}
Best result after 300276 ms running: LabsResult{bits=[1,-1,-1,1,-1,1,1,-1,1,1,1,-1,-1,-1,1,-1,-1,1,1,-1,1,-1,1,-1,-1,1,1,-1,1,1,1,-1,-1,1,-1,1,1,-1,1,1,1,-1,-1,1,-1,-1,-1,-1,-1,1,1,-1,1,1,1,1,1,1,-1,1,-1,1,1,-1,-1,-1,1,1,1,-1,-1,-1,-1,-1,1,1,-1,1,-1,-1,-1,1,-1,1,-1,-1,-1,-1,-1,-1,1], length=91 energy=661}
Best result after 305279 ms running: LabsResult{bits=[1,-1,-1,1,-1,1,1,-1,1,1,1,-1,-1,-1,1,-1,-1,1,1,-1,1,-1,1,-1,-1,1,1,-1,1,1,1,-1,-1,1,-1,1,1,-1,1,1,1,-1,-1,1,-1,-1,-1,-1,-1,1,1,-1,1,1,1,1,1,1,-1,1,-1,1,1,-1,-1,-1,1,1,1,-1,-1,-1,-1,-1,1,1,-1,1,-1,-1,-1,1,-1,1,-1,-1,-1,-1,-1,-1,1], length=91 energy=661}
Best result after 310282 ms running: LabsResult{bits=[1,-1,-1,1,-1,1,1,-1,1,1,1,-1,-1,-1,1,-1,-1,1,1,-1,1,-1,1,-1,-1,1,1,-1,1,1,1,-1,-1,1,-1,1,1,-1,1,1,1,-1,-1,1,-1,-1,-1,-1,-1,1,1,-1,1,1,1,1,1,1,-1,1,-1,1,1,-1,-1,-1,1,1,1,-1,-1,-1,-1,-1,1,1,-1,1,-1,-1,-1,1,-1,1,-1,-1,-1,-1,-1,-1,1], length=91 energy=661}
Best result after 315285 ms running: LabsResult{bits=[1,-1,-1,1,-1,1,1,-1,1,1,1,-1,-1,-1,1,-1,-1,1,1,-1,1,-1,1,-1,-1,1,1,-1,1,1,1,-1,-1,1,-1,1,1,-1,1,1,1,-1,-1,1,-1,-1,-1,-1,-1,1,1,-1,1,1,1,1,1,1,-1,1,-1,1,1,-1,-1,-1,1,1,1,-1,-1,-1,-1,-1,1,1,-1,1,-1,-1,-1,1,-1,1,-1,-1,-1,-1,-1,-1,1], length=91 energy=661}
Best result after 320288 ms running: LabsResult{bits=[-1,-1,-1,1,1,1,1,-1,1,1,-1,-1,-1,1,-1,1,-1,-1,1,-1,1,-1,-1,1,1,1,-1,1,-1,-1,1,-1,1,1,-1,1,1,-1,1,1,-1,-1,-1,1,-1,-1,1,-1,-1,1,1,1,1,-1,-1,-1,-1,1,1,1,-1,1,1,1,1,1,1,1,1,-1,1,1,1,-1,1,1,-1,-1,-1,1,-1,1,-1,1,-1,1,-1,1,1,1,-1], length=91 energy=649}
Best result after 325291 ms running: LabsResult{bits=[-1,-1,-1,1,1,1,1,-1,1,1,-1,-1,-1,1,-1,1,-1,-1,1,-1,1,-1,-1,1,1,1,-1,1,-1,-1,1,-1,1,1,-1,1,1,-1,1,1,-1,-1,-1,1,-1,-1,1,-1,-1,1,1,1,1,-1,-1,-1,-1,1,1,1,-1,1,1,1,1,1,1,1,1,-1,1,1,1,-1,1,1,-1,-1,-1,1,-1,1,-1,1,-1,1,-1,1,1,1,-1], length=91 energy=649}
Best result after 330293 ms running: LabsResult{bits=[-1,-1,-1,1,1,1,1,-1,1,1,-1,-1,-1,1,-1,1,-1,-1,1,-1,1,-1,-1,1,1,1,-1,1,-1,-1,1,-1,1,1,-1,1,1,-1,1,1,-1,-1,-1,1,-1,-1,1,-1,-1,1,1,1,1,-1,-1,-1,-1,1,1,1,-1,1,1,1,1,1,1,1,1,-1,1,1,1,-1,1,1,-1,-1,-1,1,-1,1,-1,1,-1,1,-1,1,1,1,-1], length=91 energy=649}
Best result after 335297 ms running: LabsResult{bits=[-1,-1,-1,1,1,1,1,-1,1,1,-1,-1,-1,1,-1,1,-1,-1,1,-1,1,-1,-1,1,1,1,-1,1,-1,-1,1,-1,1,1,-1,1,1,-1,1,1,-1,-1,-1,1,-1,-1,1,-1,-1,1,1,1,1,-1,-1,-1,-1,1,1,1,-1,1,1,1,1,1,1,1,1,-1,1,1,1,-1,1,1,-1,-1,-1,1,-1,1,-1,1,-1,1,-1,1,1,1,-1], length=91 energy=649}
Best result after 340299 ms running: LabsResult{bits=[-1,-1,-1,1,1,1,1,-1,1,1,-1,-1,-1,1,-1,1,-1,-1,1,-1,1,-1,-1,1,1,1,-1,1,-1,-1,1,-1,1,1,-1,1,1,-1,1,1,-1,-1,-1,1,-1,-1,1,-1,-1,1,1,1,1,-1,-1,-1,-1,1,1,1,-1,1,1,1,1,1,1,1,1,-1,1,1,1,-1,1,1,-1,-1,-1,1,-1,1,-1,1,-1,1,-1,1,1,1,-1], length=91 energy=649}
Best result after 345301 ms running: LabsResult{bits=[-1,-1,-1,1,1,1,1,-1,1,1,-1,-1,-1,1,-1,1,-1,-1,1,-1,1,-1,-1,1,1,1,-1,1,-1,-1,1,-1,1,1,-1,1,1,-1,1,1,-1,-1,-1,1,-1,-1,1,-1,-1,1,1,1,1,-1,-1,-1,-1,1,1,1,-1,1,1,1,1,1,1,1,1,-1,1,1,1,-1,1,1,-1,-1,-1,1,-1,1,-1,1,-1,1,-1,1,1,1,-1], length=91 energy=649}
Best result after 350304 ms running: LabsResult{bits=[-1,-1,-1,1,1,1,1,-1,1,1,-1,-1,-1,1,-1,1,-1,-1,1,-1,1,-1,-1,1,1,1,-1,1,-1,-1,1,-1,1,1,-1,1,1,-1,1,1,-1,-1,-1,1,-1,-1,1,-1,-1,1,1,1,1,-1,-1,-1,-1,1,1,1,-1,1,1,1,1,1,1,1,1,-1,1,1,1,-1,1,1,-1,-1,-1,1,-1,1,-1,1,-1,1,-1,1,1,1,-1], length=91 energy=649}
Best result after 355307 ms running: LabsResult{bits=[-1,-1,-1,1,1,1,1,-1,1,1,-1,-1,-1,1,-1,1,-1,-1,1,-1,1,-1,-1,1,1,1,-1,1,-1,-1,1,-1,1,1,-1,1,1,-1,1,1,-1,-1,-1,1,-1,-1,1,-1,-1,1,1,1,1,-1,-1,-1,-1,1,1,1,-1,1,1,1,1,1,1,1,1,-1,1,1,1,-1,1,1,-1,-1,-1,1,-1,1,-1,1,-1,1,-1,1,1,1,-1], length=91 energy=649}
Best result after 360310 ms running: LabsResult{bits=[-1,-1,-1,1,1,1,1,-1,1,1,-1,-1,-1,1,-1,1,-1,-1,1,-1,1,-1,-1,1,1,1,-1,1,-1,-1,1,-1,1,1,-1,1,1,-1,1,1,-1,-1,-1,1,-1,-1,1,-1,-1,1,1,1,1,-1,-1,-1,-1,1,1,1,-1,1,1,1,1,1,1,1,1,-1,1,1,1,-1,1,1,-1,-1,-1,1,-1,1,-1,1,-1,1,-1,1,1,1,-1], length=91 energy=649}
Best result after 365312 ms running: LabsResult{bits=[-1,-1,-1,1,1,1,1,-1,1,1,-1,-1,-1,1,-1,1,-1,-1,1,-1,1,-1,-1,1,1,1,-1,1,-1,-1,1,-1,1,1,-1,1,1,-1,1,1,-1,-1,-1,1,-1,-1,1,-1,-1,1,1,1,1,-1,-1,-1,-1,1,1,1,-1,1,1,1,1,1,1,1,1,-1,1,1,1,-1,1,1,-1,-1,-1,1,-1,1,-1,1,-1,1,-1,1,1,1,-1], length=91 energy=649}
Best result after 370315 ms running: LabsResult{bits=[-1,-1,-1,1,1,1,1,-1,1,1,-1,-1,-1,1,-1,1,-1,-1,1,-1,1,-1,-1,1,1,1,-1,1,-1,-1,1,-1,1,1,-1,1,1,-1,1,1,-1,-1,-1,1,-1,-1,1,-1,-1,1,1,1,1,-1,-1,-1,-1,1,1,1,-1,1,1,1,1,1,1,1,1,-1,1,1,1,-1,1,1,-1,-1,-1,1,-1,1,-1,1,-1,1,-1,1,1,1,-1], length=91 energy=649}
Best result after 375318 ms running: LabsResult{bits=[-1,-1,-1,1,1,1,1,-1,1,1,-1,-1,-1,1,-1,1,-1,-1,1,-1,1,-1,-1,1,1,1,-1,1,-1,-1,1,-1,1,1,-1,1,1,-1,1,1,-1,-1,-1,1,-1,-1,1,-1,-1,1,1,1,1,-1,-1,-1,-1,1,1,1,-1,1,1,1,1,1,1,1,1,-1,1,1,1,-1,1,1,-1,-1,-1,1,-1,1,-1,1,-1,1,-1,1,1,1,-1], length=91 energy=649}
Best result after 380320 ms running: LabsResult{bits=[-1,-1,-1,1,1,1,1,-1,1,1,-1,-1,-1,1,-1,1,-1,-1,1,-1,1,-1,-1,1,1,1,-1,1,-1,-1,1,-1,1,1,-1,1,1,-1,1,1,-1,-1,-1,1,-1,-1,1,-1,-1,1,1,1,1,-1,-1,-1,-1,1,1,1,-1,1,1,1,1,1,1,1,1,-1,1,1,1,-1,1,1,-1,-1,-1,1,-1,1,-1,1,-1,1,-1,1,1,1,-1], length=91 energy=649}
Best result after 385334 ms running: LabsResult{bits=[-1,-1,-1,1,1,1,1,-1,1,1,-1,-1,-1,1,-1,1,-1,-1,1,-1,1,-1,-1,1,1,1,-1,1,-1,-1,1,-1,1,1,-1,1,1,-1,1,1,-1,-1,-1,1,-1,-1,1,-1,-1,1,1,1,1,-1,-1,-1,-1,1,1,1,-1,1,1,1,1,1,1,1,1,-1,1,1,1,-1,1,1,-1,-1,-1,1,-1,1,-1,1,-1,1,-1,1,1,1,-1], length=91 energy=649}
Best result after 390339 ms running: LabsResult{bits=[-1,-1,-1,1,1,1,1,-1,1,1,-1,-1,-1,1,-1,1,-1,-1,1,-1,1,-1,-1,1,1,1,-1,1,-1,-1,1,-1,1,1,-1,1,1,-1,1,1,-1,-1,-1,1,-1,-1,1,-1,-1,1,1,1,1,-1,-1,-1,-1,1,1,1,-1,1,1,1,1,1,1,1,1,-1,1,1,1,-1,1,1,-1,-1,-1,1,-1,1,-1,1,-1,1,-1,1,1,1,-1], length=91 energy=649}
Best result after 395341 ms running: LabsResult{bits=[-1,-1,-1,1,1,1,1,-1,1,1,-1,-1,-1,1,-1,1,-1,-1,1,-1,1,-1,-1,1,1,1,-1,1,-1,-1,1,-1,1,1,-1,1,1,-1,1,1,-1,-1,-1,1,-1,-1,1,-1,-1,1,1,1,1,-1,-1,-1,-1,1,1,1,-1,1,1,1,1,1,1,1,1,-1,1,1,1,-1,1,1,-1,-1,-1,1,-1,1,-1,1,-1,1,-1,1,1,1,-1], length=91 energy=649}
Best result after 400353 ms running: LabsResult{bits=[-1,-1,-1,1,1,1,1,-1,1,1,-1,-1,-1,1,-1,1,-1,-1,1,-1,1,-1,-1,1,1,1,-1,1,-1,-1,1,-1,1,1,-1,1,1,-1,1,1,-1,-1,-1,1,-1,-1,1,-1,-1,1,1,1,1,-1,-1,-1,-1,1,1,1,-1,1,1,1,1,1,1,1,1,-1,1,1,1,-1,1,1,-1,-1,-1,1,-1,1,-1,1,-1,1,-1,1,1,1,-1], length=91 energy=649}
Best result after 405355 ms running: LabsResult{bits=[-1,-1,-1,1,1,1,1,-1,1,1,-1,-1,-1,1,-1,1,-1,-1,1,-1,1,-1,-1,1,1,1,-1,1,-1,-1,1,-1,1,1,-1,1,1,-1,1,1,-1,-1,-1,1,-1,-1,1,-1,-1,1,1,1,1,-1,-1,-1,-1,1,1,1,-1,1,1,1,1,1,1,1,1,-1,1,1,1,-1,1,1,-1,-1,-1,1,-1,1,-1,1,-1,1,-1,1,1,1,-1], length=91 energy=649}
Best result after 410363 ms running: LabsResult{bits=[-1,-1,-1,1,1,1,1,-1,1,1,-1,-1,-1,1,-1,1,-1,-1,1,-1,1,-1,-1,1,1,1,-1,1,-1,-1,1,-1,1,1,-1,1,1,-1,1,1,-1,-1,-1,1,-1,-1,1,-1,-1,1,1,1,1,-1,-1,-1,-1,1,1,1,-1,1,1,1,1,1,1,1,1,-1,1,1,1,-1,1,1,-1,-1,-1,1,-1,1,-1,1,-1,1,-1,1,1,1,-1], length=91 energy=649}
Best result after 415366 ms running: LabsResult{bits=[-1,-1,-1,1,1,1,1,-1,1,1,-1,-1,-1,1,-1,1,-1,-1,1,-1,1,-1,-1,1,1,1,-1,1,-1,-1,1,-1,1,1,-1,1,1,-1,1,1,-1,-1,-1,1,-1,-1,1,-1,-1,1,1,1,1,-1,-1,-1,-1,1,1,1,-1,1,1,1,1,1,1,1,1,-1,1,1,1,-1,1,1,-1,-1,-1,1,-1,1,-1,1,-1,1,-1,1,1,1,-1], length=91 energy=649}
Best result after 420369 ms running: LabsResult{bits=[-1,-1,-1,1,1,1,1,-1,1,1,-1,-1,-1,1,-1,1,-1,-1,1,-1,1,-1,-1,1,1,1,-1,1,-1,-1,1,-1,1,1,-1,1,1,-1,1,1,-1,-1,-1,1,-1,-1,1,-1,-1,1,1,1,1,-1,-1,-1,-1,1,1,1,-1,1,1,1,1,1,1,1,1,-1,1,1,1,-1,1,1,-1,-1,-1,1,-1,1,-1,1,-1,1,-1,1,1,1,-1], length=91 energy=649}
Best result after 425376 ms running: LabsResult{bits=[-1,-1,-1,1,1,1,1,-1,1,1,-1,-1,-1,1,-1,1,-1,-1,1,-1,1,-1,-1,1,1,1,-1,1,-1,-1,1,-1,1,1,-1,1,1,-1,1,1,-1,-1,-1,1,-1,-1,1,-1,-1,1,1,1,1,-1,-1,-1,-1,1,1,1,-1,1,1,1,1,1,1,1,1,-1,1,1,1,-1,1,1,-1,-1,-1,1,-1,1,-1,1,-1,1,-1,1,1,1,-1], length=91 energy=649}
Best result after 430379 ms running: LabsResult{bits=[-1,-1,-1,1,1,1,1,-1,1,1,-1,-1,-1,1,-1,1,-1,-1,1,-1,1,-1,-1,1,1,1,-1,1,-1,-1,1,-1,1,1,-1,1,1,-1,1,1,-1,-1,-1,1,-1,-1,1,-1,-1,1,1,1,1,-1,-1,-1,-1,1,1,1,-1,1,1,1,1,1,1,1,1,-1,1,1,1,-1,1,1,-1,-1,-1,1,-1,1,-1,1,-1,1,-1,1,1,1,-1], length=91 energy=649}
Best result after 435381 ms running: LabsResult{bits=[-1,-1,-1,1,1,1,1,-1,1,1,-1,-1,-1,1,-1,1,-1,-1,1,-1,1,-1,-1,1,1,1,-1,1,-1,-1,1,-1,1,1,-1,1,1,-1,1,1,-1,-1,-1,1,-1,-1,1,-1,-1,1,1,1,1,-1,-1,-1,-1,1,1,1,-1,1,1,1,1,1,1,1,1,-1,1,1,1,-1,1,1,-1,-1,-1,1,-1,1,-1,1,-1,1,-1,1,1,1,-1], length=91 energy=649}
Best result after 440389 ms running: LabsResult{bits=[-1,-1,-1,1,1,1,1,-1,1,1,-1,-1,-1,1,-1,1,-1,-1,1,-1,1,-1,-1,1,1,1,-1,1,-1,-1,1,-1,1,1,-1,1,1,-1,1,1,-1,-1,-1,1,-1,-1,1,-1,-1,1,1,1,1,-1,-1,-1,-1,1,1,1,-1,1,1,1,1,1,1,1,1,-1,1,1,1,-1,1,1,-1,-1,-1,1,-1,1,-1,1,-1,1,-1,1,1,1,-1], length=91 energy=649}
Best result after 445391 ms running: LabsResult{bits=[-1,-1,-1,1,1,1,1,-1,1,1,-1,-1,-1,1,-1,1,-1,-1,1,-1,1,-1,-1,1,1,1,-1,1,-1,-1,1,-1,1,1,-1,1,1,-1,1,1,-1,-1,-1,1,-1,-1,1,-1,-1,1,1,1,1,-1,-1,-1,-1,1,1,1,-1,1,1,1,1,1,1,1,1,-1,1,1,1,-1,1,1,-1,-1,-1,1,-1,1,-1,1,-1,1,-1,1,1,1,-1], length=91 energy=649}
Best result after 450394 ms running: LabsResult{bits=[-1,-1,-1,1,1,1,1,-1,1,1,-1,-1,-1,1,-1,1,-1,-1,1,-1,1,-1,-1,1,1,1,-1,1,-1,-1,1,-1,1,1,-1,1,1,-1,1,1,-1,-1,-1,1,-1,-1,1,-1,-1,1,1,1,1,-1,-1,-1,-1,1,1,1,-1,1,1,1,1,1,1,1,1,-1,1,1,1,-1,1,1,-1,-1,-1,1,-1,1,-1,1,-1,1,-1,1,1,1,-1], length=91 energy=649}
Best result after 455401 ms running: LabsResult{bits=[-1,-1,-1,1,1,1,1,-1,1,1,-1,-1,-1,1,-1,1,-1,-1,1,-1,1,-1,-1,1,1,1,-1,1,-1,-1,1,-1,1,1,-1,1,1,-1,1,1,-1,-1,-1,1,-1,-1,1,-1,-1,1,1,1,1,-1,-1,-1,-1,1,1,1,-1,1,1,1,1,1,1,1,1,-1,1,1,1,-1,1,1,-1,-1,-1,1,-1,1,-1,1,-1,1,-1,1,1,1,-1], length=91 energy=649}
Best result after 460404 ms running: LabsResult{bits=[-1,-1,-1,1,1,1,1,-1,1,1,-1,-1,-1,1,-1,1,-1,-1,1,-1,1,-1,-1,1,1,1,-1,1,-1,-1,1,-1,1,1,-1,1,1,-1,1,1,-1,-1,-1,1,-1,-1,1,-1,-1,1,1,1,1,-1,-1,-1,-1,1,1,1,-1,1,1,1,1,1,1,1,1,-1,1,1,1,-1,1,1,-1,-1,-1,1,-1,1,-1,1,-1,1,-1,1,1,1,-1], length=91 energy=649}
Best result after 465407 ms running: LabsResult{bits=[-1,-1,-1,1,1,1,1,-1,1,1,-1,-1,-1,1,-1,1,-1,-1,1,-1,1,-1,-1,1,1,1,-1,1,-1,-1,1,-1,1,1,-1,1,1,-1,1,1,-1,-1,-1,1,-1,-1,1,-1,-1,1,1,1,1,-1,-1,-1,-1,1,1,1,-1,1,1,1,1,1,1,1,1,-1,1,1,1,-1,1,1,-1,-1,-1,1,-1,1,-1,1,-1,1,-1,1,1,1,-1], length=91 energy=649}
Best result after 470409 ms running: LabsResult{bits=[-1,-1,-1,1,1,1,1,-1,1,1,-1,-1,-1,1,-1,1,-1,-1,1,-1,1,-1,-1,1,1,1,-1,1,-1,-1,1,-1,1,1,-1,1,1,-1,1,1,-1,-1,-1,1,-1,-1,1,-1,-1,1,1,1,1,-1,-1,-1,-1,1,1,1,-1,1,1,1,1,1,1,1,1,-1,1,1,1,-1,1,1,-1,-1,-1,1,-1,1,-1,1,-1,1,-1,1,1,1,-1], length=91 energy=649}
Best result after 475412 ms running: LabsResult{bits=[-1,-1,-1,1,1,1,1,-1,1,1,-1,-1,-1,1,-1,1,-1,-1,1,-1,1,-1,-1,1,1,1,-1,1,-1,-1,1,-1,1,1,-1,1,1,-1,1,1,-1,-1,-1,1,-1,-1,1,-1,-1,1,1,1,1,-1,-1,-1,-1,1,1,1,-1,1,1,1,1,1,1,1,1,-1,1,1,1,-1,1,1,-1,-1,-1,1,-1,1,-1,1,-1,1,-1,1,1,1,-1], length=91 energy=649}
Best result after 480415 ms running: LabsResult{bits=[-1,-1,-1,1,1,1,1,-1,1,1,-1,-1,-1,1,-1,1,-1,-1,1,-1,1,-1,-1,1,1,1,-1,1,-1,-1,1,-1,1,1,-1,1,1,-1,1,1,-1,-1,-1,1,-1,-1,1,-1,-1,1,1,1,1,-1,-1,-1,-1,1,1,1,-1,1,1,1,1,1,1,1,1,-1,1,1,1,-1,1,1,-1,-1,-1,1,-1,1,-1,1,-1,1,-1,1,1,1,-1], length=91 energy=649}
Best result after 485417 ms running: LabsResult{bits=[-1,-1,-1,1,1,1,1,-1,1,1,-1,-1,-1,1,-1,1,-1,-1,1,-1,1,-1,-1,1,1,1,-1,1,-1,-1,1,-1,1,1,-1,1,1,-1,1,1,-1,-1,-1,1,-1,-1,1,-1,-1,1,1,1,1,-1,-1,-1,-1,1,1,1,-1,1,1,1,1,1,1,1,1,-1,1,1,1,-1,1,1,-1,-1,-1,1,-1,1,-1,1,-1,1,-1,1,1,1,-1], length=91 energy=649}
Best result after 490420 ms running: LabsResult{bits=[-1,-1,-1,1,1,1,1,-1,1,1,-1,-1,-1,1,-1,1,-1,-1,1,-1,1,-1,-1,1,1,1,-1,1,-1,-1,1,-1,1,1,-1,1,1,-1,1,1,-1,-1,-1,1,-1,-1,1,-1,-1,1,1,1,1,-1,-1,-1,-1,1,1,1,-1,1,1,1,1,1,1,1,1,-1,1,1,1,-1,1,1,-1,-1,-1,1,-1,1,-1,1,-1,1,-1,1,1,1,-1], length=91 energy=649}
Best result after 495423 ms running: LabsResult{bits=[-1,-1,-1,1,1,1,1,-1,1,1,-1,-1,-1,1,-1,1,-1,-1,1,-1,1,-1,-1,1,1,1,-1,1,-1,-1,1,-1,1,1,-1,1,1,-1,1,1,-1,-1,-1,1,-1,-1,1,-1,-1,1,1,1,1,-1,-1,-1,-1,1,1,1,-1,1,1,1,1,1,1,1,1,-1,1,1,1,-1,1,1,-1,-1,-1,1,-1,1,-1,1,-1,1,-1,1,1,1,-1], length=91 energy=649}
Best result after 500425 ms running: LabsResult{bits=[-1,-1,-1,1,1,1,1,-1,1,1,-1,-1,-1,1,-1,1,-1,-1,1,-1,1,-1,-1,1,1,1,-1,1,-1,-1,1,-1,1,1,-1,1,1,-1,1,1,-1,-1,-1,1,-1,-1,1,-1,-1,1,1,1,1,-1,-1,-1,-1,1,1,1,-1,1,1,1,1,1,1,1,1,-1,1,1,1,-1,1,1,-1,-1,-1,1,-1,1,-1,1,-1,1,-1,1,1,1,-1], length=91 energy=649}
Best result after 505428 ms running: LabsResult{bits=[-1,-1,-1,1,1,1,1,-1,1,1,-1,-1,-1,1,-1,1,-1,-1,1,-1,1,-1,-1,1,1,1,-1,1,-1,-1,1,-1,1,1,-1,1,1,-1,1,1,-1,-1,-1,1,-1,-1,1,-1,-1,1,1,1,1,-1,-1,-1,-1,1,1,1,-1,1,1,1,1,1,1,1,1,-1,1,1,1,-1,1,1,-1,-1,-1,1,-1,1,-1,1,-1,1,-1,1,1,1,-1], length=91 energy=649}
Best result after 510430 ms running: LabsResult{bits=[-1,-1,-1,1,1,1,1,-1,1,1,-1,-1,-1,1,-1,1,-1,-1,1,-1,1,-1,-1,1,1,1,-1,1,-1,-1,1,-1,1,1,-1,1,1,-1,1,1,-1,-1,-1,1,-1,-1,1,-1,-1,1,1,1,1,-1,-1,-1,-1,1,1,1,-1,1,1,1,1,1,1,1,1,-1,1,1,1,-1,1,1,-1,-1,-1,1,-1,1,-1,1,-1,1,-1,1,1,1,-1], length=91 energy=649}
Best result after 515437 ms running: LabsResult{bits=[-1,-1,-1,1,1,1,1,-1,1,1,-1,-1,-1,1,-1,1,-1,-1,1,-1,1,-1,-1,1,1,1,-1,1,-1,-1,1,-1,1,1,-1,1,1,-1,1,1,-1,-1,-1,1,-1,-1,1,-1,-1,1,1,1,1,-1,-1,-1,-1,1,1,1,-1,1,1,1,1,1,1,1,1,-1,1,1,1,-1,1,1,-1,-1,-1,1,-1,1,-1,1,-1,1,-1,1,1,1,-1], length=91 energy=649}
Best result after 520440 ms running: LabsResult{bits=[-1,-1,-1,1,1,1,1,-1,1,1,-1,-1,-1,1,-1,1,-1,-1,1,-1,1,-1,-1,1,1,1,-1,1,-1,-1,1,-1,1,1,-1,1,1,-1,1,1,-1,-1,-1,1,-1,-1,1,-1,-1,1,1,1,1,-1,-1,-1,-1,1,1,1,-1,1,1,1,1,1,1,1,1,-1,1,1,1,-1,1,1,-1,-1,-1,1,-1,1,-1,1,-1,1,-1,1,1,1,-1], length=91 energy=649}
Best result after 525442 ms running: LabsResult{bits=[-1,-1,-1,1,1,1,1,-1,1,1,-1,-1,-1,1,-1,1,-1,-1,1,-1,1,-1,-1,1,1,1,-1,1,-1,-1,1,-1,1,1,-1,1,1,-1,1,1,-1,-1,-1,1,-1,-1,1,-1,-1,1,1,1,1,-1,-1,-1,-1,1,1,1,-1,1,1,1,1,1,1,1,1,-1,1,1,1,-1,1,1,-1,-1,-1,1,-1,1,-1,1,-1,1,-1,1,1,1,-1], length=91 energy=649}
Best result after 530444 ms running: LabsResult{bits=[-1,-1,-1,1,1,1,1,-1,1,1,-1,-1,-1,1,-1,1,-1,-1,1,-1,1,-1,-1,1,1,1,-1,1,-1,-1,1,-1,1,1,-1,1,1,-1,1,1,-1,-1,-1,1,-1,-1,1,-1,-1,1,1,1,1,-1,-1,-1,-1,1,1,1,-1,1,1,1,1,1,1,1,1,-1,1,1,1,-1,1,1,-1,-1,-1,1,-1,1,-1,1,-1,1,-1,1,1,1,-1], length=91 energy=649}
Best result after 535447 ms running: LabsResult{bits=[-1,-1,-1,1,1,1,1,-1,1,1,-1,-1,-1,1,-1,1,-1,-1,1,-1,1,-1,-1,1,1,1,-1,1,-1,-1,1,-1,1,1,-1,1,1,-1,1,1,-1,-1,-1,1,-1,-1,1,-1,-1,1,1,1,1,-1,-1,-1,-1,1,1,1,-1,1,1,1,1,1,1,1,1,-1,1,1,1,-1,1,1,-1,-1,-1,1,-1,1,-1,1,-1,1,-1,1,1,1,-1], length=91 energy=649}
Best result after 540450 ms running: LabsResult{bits=[-1,-1,-1,1,1,1,1,-1,1,1,-1,-1,-1,1,-1,1,-1,-1,1,-1,1,-1,-1,1,1,1,-1,1,-1,-1,1,-1,1,1,-1,1,1,-1,1,1,-1,-1,-1,1,-1,-1,1,-1,-1,1,1,1,1,-1,-1,-1,-1,1,1,1,-1,1,1,1,1,1,1,1,1,-1,1,1,1,-1,1,1,-1,-1,-1,1,-1,1,-1,1,-1,1,-1,1,1,1,-1], length=91 energy=649}
Best result after 545452 ms running: LabsResult{bits=[-1,-1,-1,1,1,1,1,-1,1,1,-1,-1,-1,1,-1,1,-1,-1,1,-1,1,-1,-1,1,1,1,-1,1,-1,-1,1,-1,1,1,-1,1,1,-1,1,1,-1,-1,-1,1,-1,-1,1,-1,-1,1,1,1,1,-1,-1,-1,-1,1,1,1,-1,1,1,1,1,1,1,1,1,-1,1,1,1,-1,1,1,-1,-1,-1,1,-1,1,-1,1,-1,1,-1,1,1,1,-1], length=91 energy=649}
Best result after 550455 ms running: LabsResult{bits=[-1,-1,-1,1,1,1,1,-1,1,1,-1,-1,-1,1,-1,1,-1,-1,1,-1,1,-1,-1,1,1,1,-1,1,-1,-1,1,-1,1,1,-1,1,1,-1,1,1,-1,-1,-1,1,-1,-1,1,-1,-1,1,1,1,1,-1,-1,-1,-1,1,1,1,-1,1,1,1,1,1,1,1,1,-1,1,1,1,-1,1,1,-1,-1,-1,1,-1,1,-1,1,-1,1,-1,1,1,1,-1], length=91 energy=649}
Best result after 555457 ms running: LabsResult{bits=[-1,-1,-1,1,1,1,1,-1,1,1,-1,-1,-1,1,-1,1,-1,-1,1,-1,1,-1,-1,1,1,1,-1,1,-1,-1,1,-1,1,1,-1,1,1,-1,1,1,-1,-1,-1,1,-1,-1,1,-1,-1,1,1,1,1,-1,-1,-1,-1,1,1,1,-1,1,1,1,1,1,1,1,1,-1,1,1,1,-1,1,1,-1,-1,-1,1,-1,1,-1,1,-1,1,-1,1,1,1,-1], length=91 energy=649}
Best result after 560460 ms running: LabsResult{bits=[-1,-1,-1,1,1,1,1,-1,1,1,-1,-1,-1,1,-1,1,-1,-1,1,-1,1,-1,-1,1,1,1,-1,1,-1,-1,1,-1,1,1,-1,1,1,-1,1,1,-1,-1,-1,1,-1,-1,1,-1,-1,1,1,1,1,-1,-1,-1,-1,1,1,1,-1,1,1,1,1,1,1,1,1,-1,1,1,1,-1,1,1,-1,-1,-1,1,-1,1,-1,1,-1,1,-1,1,1,1,-1], length=91 energy=649}
Best result after 565463 ms running: LabsResult{bits=[-1,-1,-1,1,1,1,1,-1,1,1,-1,-1,-1,1,-1,1,-1,-1,1,-1,1,-1,-1,1,1,1,-1,1,-1,-1,1,-1,1,1,-1,1,1,-1,1,1,-1,-1,-1,1,-1,-1,1,-1,-1,1,1,1,1,-1,-1,-1,-1,1,1,1,-1,1,1,1,1,1,1,1,1,-1,1,1,1,-1,1,1,-1,-1,-1,1,-1,1,-1,1,-1,1,-1,1,1,1,-1], length=91 energy=649}
Best result after 570465 ms running: LabsResult{bits=[-1,-1,-1,1,1,1,1,-1,1,1,-1,-1,-1,1,-1,1,-1,-1,1,-1,1,-1,-1,1,1,1,-1,1,-1,-1,1,-1,1,1,-1,1,1,-1,1,1,-1,-1,-1,1,-1,-1,1,-1,-1,1,1,1,1,-1,-1,-1,-1,1,1,1,-1,1,1,1,1,1,1,1,1,-1,1,1,1,-1,1,1,-1,-1,-1,1,-1,1,-1,1,-1,1,-1,1,1,1,-1], length=91 energy=649}
Best result after 575468 ms running: LabsResult{bits=[-1,-1,-1,1,1,1,1,-1,1,1,-1,-1,-1,1,-1,1,-1,-1,1,-1,1,-1,-1,1,1,1,-1,1,-1,-1,1,-1,1,1,-1,1,1,-1,1,1,-1,-1,-1,1,-1,-1,1,-1,-1,1,1,1,1,-1,-1,-1,-1,1,1,1,-1,1,1,1,1,1,1,1,1,-1,1,1,1,-1,1,1,-1,-1,-1,1,-1,1,-1,1,-1,1,-1,1,1,1,-1], length=91 energy=649}
Best result after 580471 ms running: LabsResult{bits=[-1,-1,-1,1,1,1,1,-1,1,1,-1,-1,-1,1,-1,1,-1,-1,1,-1,1,-1,-1,1,1,1,-1,1,-1,-1,1,-1,1,1,-1,1,1,-1,1,1,-1,-1,-1,1,-1,-1,1,-1,-1,1,1,1,1,-1,-1,-1,-1,1,1,1,-1,1,1,1,1,1,1,1,1,-1,1,1,1,-1,1,1,-1,-1,-1,1,-1,1,-1,1,-1,1,-1,1,1,1,-1], length=91 energy=649}
Best result after 585473 ms running: LabsResult{bits=[-1,-1,-1,1,1,1,1,-1,1,1,-1,-1,-1,1,-1,1,-1,-1,1,-1,1,-1,-1,1,1,1,-1,1,-1,-1,1,-1,1,1,-1,1,1,-1,1,1,-1,-1,-1,1,-1,-1,1,-1,-1,1,1,1,1,-1,-1,-1,-1,1,1,1,-1,1,1,1,1,1,1,1,1,-1,1,1,1,-1,1,1,-1,-1,-1,1,-1,1,-1,1,-1,1,-1,1,1,1,-1], length=91 energy=649}
Best result after 590476 ms running: LabsResult{bits=[-1,-1,-1,1,1,1,1,-1,1,1,-1,-1,-1,1,-1,1,-1,-1,1,-1,1,-1,-1,1,1,1,-1,1,-1,-1,1,-1,1,1,-1,1,1,-1,1,1,-1,-1,-1,1,-1,-1,1,-1,-1,1,1,1,1,-1,-1,-1,-1,1,1,1,-1,1,1,1,1,1,1,1,1,-1,1,1,1,-1,1,1,-1,-1,-1,1,-1,1,-1,1,-1,1,-1,1,1,1,-1], length=91 energy=649}
Best result after 595479 ms running: LabsResult{bits=[-1,-1,-1,1,1,1,1,-1,1,1,-1,-1,-1,1,-1,1,-1,-1,1,-1,1,-1,-1,1,1,1,-1,1,-1,-1,1,-1,1,1,-1,1,1,-1,1,1,-1,-1,-1,1,-1,-1,1,-1,-1,1,1,1,1,-1,-1,-1,-1,1,1,1,-1,1,1,1,1,1,1,1,1,-1,1,1,1,-1,1,1,-1,-1,-1,1,-1,1,-1,1,-1,1,-1,1,1,1,-1], length=91 energy=649}
Best result after 600481 ms running: LabsResult{bits=[-1,-1,-1,1,1,1,1,-1,1,1,-1,-1,-1,1,-1,1,-1,-1,1,-1,1,-1,-1,1,1,1,-1,1,-1,-1,1,-1,1,1,-1,1,1,-1,1,1,-1,-1,-1,1,-1,-1,1,-1,-1,1,1,1,1,-1,-1,-1,-1,1,1,1,-1,1,1,1,1,1,1,1,1,-1,1,1,1,-1,1,1,-1,-1,-1,1,-1,1,-1,1,-1,1,-1,1,1,1,-1], length=91 energy=649}
Best result after 605484 ms running: LabsResult{bits=[-1,-1,-1,1,1,1,1,-1,1,1,-1,-1,-1,1,-1,1,-1,-1,1,-1,1,-1,-1,1,1,1,-1,1,-1,-1,1,-1,1,1,-1,1,1,-1,1,1,-1,-1,-1,1,-1,-1,1,-1,-1,1,1,1,1,-1,-1,-1,-1,1,1,1,-1,1,1,1,1,1,1,1,1,-1,1,1,1,-1,1,1,-1,-1,-1,1,-1,1,-1,1,-1,1,-1,1,1,1,-1], length=91 energy=649}
Best result after 610487 ms running: LabsResult{bits=[-1,-1,-1,1,1,1,1,-1,1,1,-1,-1,-1,1,-1,1,-1,-1,1,-1,1,-1,-1,1,1,1,-1,1,-1,-1,1,-1,1,1,-1,1,1,-1,1,1,-1,-1,-1,1,-1,-1,1,-1,-1,1,1,1,1,-1,-1,-1,-1,1,1,1,-1,1,1,1,1,1,1,1,1,-1,1,1,1,-1,1,1,-1,-1,-1,1,-1,1,-1,1,-1,1,-1,1,1,1,-1], length=91 energy=649}
Best result after 615489 ms running: LabsResult{bits=[-1,-1,-1,1,1,1,1,-1,1,1,-1,-1,-1,1,-1,1,-1,-1,1,-1,1,-1,-1,1,1,1,-1,1,-1,-1,1,-1,1,1,-1,1,1,-1,1,1,-1,-1,-1,1,-1,-1,1,-1,-1,1,1,1,1,-1,-1,-1,-1,1,1,1,-1,1,1,1,1,1,1,1,1,-1,1,1,1,-1,1,1,-1,-1,-1,1,-1,1,-1,1,-1,1,-1,1,1,1,-1], length=91 energy=649}
Best result after 620492 ms running: LabsResult{bits=[-1,-1,-1,1,1,1,1,-1,1,1,-1,-1,-1,1,-1,1,-1,-1,1,-1,1,-1,-1,1,1,1,-1,1,-1,-1,1,-1,1,1,-1,1,1,-1,1,1,-1,-1,-1,1,-1,-1,1,-1,-1,1,1,1,1,-1,-1,-1,-1,1,1,1,-1,1,1,1,1,1,1,1,1,-1,1,1,1,-1,1,1,-1,-1,-1,1,-1,1,-1,1,-1,1,-1,1,1,1,-1], length=91 energy=649}
Best result after 625494 ms running: LabsResult{bits=[-1,-1,-1,1,1,1,1,-1,1,1,-1,-1,-1,1,-1,1,-1,-1,1,-1,1,-1,-1,1,1,1,-1,1,-1,-1,1,-1,1,1,-1,1,1,-1,1,1,-1,-1,-1,1,-1,-1,1,-1,-1,1,1,1,1,-1,-1,-1,-1,1,1,1,-1,1,1,1,1,1,1,1,1,-1,1,1,1,-1,1,1,-1,-1,-1,1,-1,1,-1,1,-1,1,-1,1,1,1,-1], length=91 energy=649}
Best result after 630497 ms running: LabsResult{bits=[-1,-1,-1,1,1,1,1,-1,1,1,-1,-1,-1,1,-1,1,-1,-1,1,-1,1,-1,-1,1,1,1,-1,1,-1,-1,1,-1,1,1,-1,1,1,-1,1,1,-1,-1,-1,1,-1,-1,1,-1,-1,1,1,1,1,-1,-1,-1,-1,1,1,1,-1,1,1,1,1,1,1,1,1,-1,1,1,1,-1,1,1,-1,-1,-1,1,-1,1,-1,1,-1,1,-1,1,1,1,-1], length=91 energy=649}
Best result after 635512 ms running: LabsResult{bits=[-1,-1,-1,1,1,1,1,-1,1,1,-1,-1,-1,1,-1,1,-1,-1,1,-1,1,-1,-1,1,1,1,-1,1,-1,-1,1,-1,1,1,-1,1,1,-1,1,1,-1,-1,-1,1,-1,-1,1,-1,-1,1,1,1,1,-1,-1,-1,-1,1,1,1,-1,1,1,1,1,1,1,1,1,-1,1,1,1,-1,1,1,-1,-1,-1,1,-1,1,-1,1,-1,1,-1,1,1,1,-1], length=91 energy=649}
Best result after 640525 ms running: LabsResult{bits=[-1,-1,-1,1,1,1,1,-1,1,1,-1,-1,-1,1,-1,1,-1,-1,1,-1,1,-1,-1,1,1,1,-1,1,-1,-1,1,-1,1,1,-1,1,1,-1,1,1,-1,-1,-1,1,-1,-1,1,-1,-1,1,1,1,1,-1,-1,-1,-1,1,1,1,-1,1,1,1,1,1,1,1,1,-1,1,1,1,-1,1,1,-1,-1,-1,1,-1,1,-1,1,-1,1,-1,1,1,1,-1], length=91 energy=649}
Best result after 645537 ms running: LabsResult{bits=[-1,-1,-1,1,1,1,1,-1,1,1,-1,-1,-1,1,-1,1,-1,-1,1,-1,1,-1,-1,1,1,1,-1,1,-1,-1,1,-1,1,1,-1,1,1,-1,1,1,-1,-1,-1,1,-1,-1,1,-1,-1,1,1,1,1,-1,-1,-1,-1,1,1,1,-1,1,1,1,1,1,1,1,1,-1,1,1,1,-1,1,1,-1,-1,-1,1,-1,1,-1,1,-1,1,-1,1,1,1,-1], length=91 energy=649}
Best result after 650925 ms running: LabsResult{bits=[-1,-1,-1,1,1,1,1,-1,1,1,-1,-1,-1,1,-1,1,-1,-1,1,-1,1,-1,-1,1,1,1,-1,1,-1,-1,1,-1,1,1,-1,1,1,-1,1,1,-1,-1,-1,1,-1,-1,1,-1,-1,1,1,1,1,-1,-1,-1,-1,1,1,1,-1,1,1,1,1,1,1,1,1,-1,1,1,1,-1,1,1,-1,-1,-1,1,-1,1,-1,1,-1,1,-1,1,1,1,-1], length=91 energy=649}
Best result after 655928 ms running: LabsResult{bits=[-1,-1,-1,1,1,1,1,-1,1,1,-1,-1,-1,1,-1,1,-1,-1,1,-1,1,-1,-1,1,1,1,-1,1,-1,-1,1,-1,1,1,-1,1,1,-1,1,1,-1,-1,-1,1,-1,-1,1,-1,-1,1,1,1,1,-1,-1,-1,-1,1,1,1,-1,1,1,1,1,1,1,1,1,-1,1,1,1,-1,1,1,-1,-1,-1,1,-1,1,-1,1,-1,1,-1,1,1,1,-1], length=91 energy=649}
Best result after 660935 ms running: LabsResult{bits=[-1,-1,-1,1,1,1,1,-1,1,1,-1,-1,-1,1,-1,1,-1,-1,1,-1,1,-1,-1,1,1,1,-1,1,-1,-1,1,-1,1,1,-1,1,1,-1,1,1,-1,-1,-1,1,-1,-1,1,-1,-1,1,1,1,1,-1,-1,-1,-1,1,1,1,-1,1,1,1,1,1,1,1,1,-1,1,1,1,-1,1,1,-1,-1,-1,1,-1,1,-1,1,-1,1,-1,1,1,1,-1], length=91 energy=649}
Best result after 665940 ms running: LabsResult{bits=[-1,-1,-1,1,1,1,1,-1,1,1,-1,-1,-1,1,-1,1,-1,-1,1,-1,1,-1,-1,1,1,1,-1,1,-1,-1,1,-1,1,1,-1,1,1,-1,1,1,-1,-1,-1,1,-1,-1,1,-1,-1,1,1,1,1,-1,-1,-1,-1,1,1,1,-1,1,1,1,1,1,1,1,1,-1,1,1,1,-1,1,1,-1,-1,-1,1,-1,1,-1,1,-1,1,-1,1,1,1,-1], length=91 energy=649}
Best result after 670942 ms running: LabsResult{bits=[-1,-1,-1,1,1,1,1,-1,1,1,-1,-1,-1,1,-1,1,-1,-1,1,-1,1,-1,-1,1,1,1,-1,1,-1,-1,1,-1,1,1,-1,1,1,-1,1,1,-1,-1,-1,1,-1,-1,1,-1,-1,1,1,1,1,-1,-1,-1,-1,1,1,1,-1,1,1,1,1,1,1,1,1,-1,1,1,1,-1,1,1,-1,-1,-1,1,-1,1,-1,1,-1,1,-1,1,1,1,-1], length=91 energy=649}
Best result after 675945 ms running: LabsResult{bits=[-1,-1,-1,1,1,1,1,-1,1,1,-1,-1,-1,1,-1,1,-1,-1,1,-1,1,-1,-1,1,1,1,-1,1,-1,-1,1,-1,1,1,-1,1,1,-1,1,1,-1,-1,-1,1,-1,-1,1,-1,-1,1,1,1,1,-1,-1,-1,-1,1,1,1,-1,1,1,1,1,1,1,1,1,-1,1,1,1,-1,1,1,-1,-1,-1,1,-1,1,-1,1,-1,1,-1,1,1,1,-1], length=91 energy=649}
Best result after 680949 ms running: LabsResult{bits=[-1,-1,-1,1,1,1,1,-1,1,1,-1,-1,-1,1,-1,1,-1,-1,1,-1,1,-1,-1,1,1,1,-1,1,-1,-1,1,-1,1,1,-1,1,1,-1,1,1,-1,-1,-1,1,-1,-1,1,-1,-1,1,1,1,1,-1,-1,-1,-1,1,1,1,-1,1,1,1,1,1,1,1,1,-1,1,1,1,-1,1,1,-1,-1,-1,1,-1,1,-1,1,-1,1,-1,1,1,1,-1], length=91 energy=649}
Best result after 685951 ms running: LabsResult{bits=[-1,-1,-1,1,1,1,1,-1,1,1,-1,-1,-1,1,-1,1,-1,-1,1,-1,1,-1,-1,1,1,1,-1,1,-1,-1,1,-1,1,1,-1,1,1,-1,1,1,-1,-1,-1,1,-1,-1,1,-1,-1,1,1,1,1,-1,-1,-1,-1,1,1,1,-1,1,1,1,1,1,1,1,1,-1,1,1,1,-1,1,1,-1,-1,-1,1,-1,1,-1,1,-1,1,-1,1,1,1,-1], length=91 energy=649}
Best result after 690954 ms running: LabsResult{bits=[-1,-1,-1,1,1,1,1,-1,1,1,-1,-1,-1,1,-1,1,-1,-1,1,-1,1,-1,-1,1,1,1,-1,1,-1,-1,1,-1,1,1,-1,1,1,-1,1,1,-1,-1,-1,1,-1,-1,1,-1,-1,1,1,1,1,-1,-1,-1,-1,1,1,1,-1,1,1,1,1,1,1,1,1,-1,1,1,1,-1,1,1,-1,-1,-1,1,-1,1,-1,1,-1,1,-1,1,1,1,-1], length=91 energy=649}
Best result after 695956 ms running: LabsResult{bits=[-1,-1,-1,1,1,1,1,-1,1,1,-1,-1,-1,1,-1,1,-1,-1,1,-1,1,-1,-1,1,1,1,-1,1,-1,-1,1,-1,1,1,-1,1,1,-1,1,1,-1,-1,-1,1,-1,-1,1,-1,-1,1,1,1,1,-1,-1,-1,-1,1,1,1,-1,1,1,1,1,1,1,1,1,-1,1,1,1,-1,1,1,-1,-1,-1,1,-1,1,-1,1,-1,1,-1,1,1,1,-1], length=91 energy=649}
Best result after 700974 ms running: LabsResult{bits=[-1,-1,-1,1,1,1,1,-1,1,1,-1,-1,-1,1,-1,1,-1,-1,1,-1,1,-1,-1,1,1,1,-1,1,-1,-1,1,-1,1,1,-1,1,1,-1,1,1,-1,-1,-1,1,-1,-1,1,-1,-1,1,1,1,1,-1,-1,-1,-1,1,1,1,-1,1,1,1,1,1,1,1,1,-1,1,1,1,-1,1,1,-1,-1,-1,1,-1,1,-1,1,-1,1,-1,1,1,1,-1], length=91 energy=649}
Best result after 705976 ms running: LabsResult{bits=[-1,-1,-1,1,1,1,1,-1,1,1,-1,-1,-1,1,-1,1,-1,-1,1,-1,1,-1,-1,1,1,1,-1,1,-1,-1,1,-1,1,1,-1,1,1,-1,1,1,-1,-1,-1,1,-1,-1,1,-1,-1,1,1,1,1,-1,-1,-1,-1,1,1,1,-1,1,1,1,1,1,1,1,1,-1,1,1,1,-1,1,1,-1,-1,-1,1,-1,1,-1,1,-1,1,-1,1,1,1,-1], length=91 energy=649}
Best result after 710979 ms running: LabsResult{bits=[-1,-1,-1,1,1,1,1,-1,1,1,-1,-1,-1,1,-1,1,-1,-1,1,-1,1,-1,-1,1,1,1,-1,1,-1,-1,1,-1,1,1,-1,1,1,-1,1,1,-1,-1,-1,1,-1,-1,1,-1,-1,1,1,1,1,-1,-1,-1,-1,1,1,1,-1,1,1,1,1,1,1,1,1,-1,1,1,1,-1,1,1,-1,-1,-1,1,-1,1,-1,1,-1,1,-1,1,1,1,-1], length=91 energy=649}
Best result after 715981 ms running: LabsResult{bits=[-1,-1,-1,1,1,1,1,-1,1,1,-1,-1,-1,1,-1,1,-1,-1,1,-1,1,-1,-1,1,1,1,-1,1,-1,-1,1,-1,1,1,-1,1,1,-1,1,1,-1,-1,-1,1,-1,-1,1,-1,-1,1,1,1,1,-1,-1,-1,-1,1,1,1,-1,1,1,1,1,1,1,1,1,-1,1,1,1,-1,1,1,-1,-1,-1,1,-1,1,-1,1,-1,1,-1,1,1,1,-1], length=91 energy=649}
Best result after 720983 ms running: LabsResult{bits=[-1,-1,-1,1,1,1,1,-1,1,1,-1,-1,-1,1,-1,1,-1,-1,1,-1,1,-1,-1,1,1,1,-1,1,-1,-1,1,-1,1,1,-1,1,1,-1,1,1,-1,-1,-1,1,-1,-1,1,-1,-1,1,1,1,1,-1,-1,-1,-1,1,1,1,-1,1,1,1,1,1,1,1,1,-1,1,1,1,-1,1,1,-1,-1,-1,1,-1,1,-1,1,-1,1,-1,1,1,1,-1], length=91 energy=649}
Best result after 725986 ms running: LabsResult{bits=[-1,-1,-1,1,1,1,1,-1,1,1,-1,-1,-1,1,-1,1,-1,-1,1,-1,1,-1,-1,1,1,1,-1,1,-1,-1,1,-1,1,1,-1,1,1,-1,1,1,-1,-1,-1,1,-1,-1,1,-1,-1,1,1,1,1,-1,-1,-1,-1,1,1,1,-1,1,1,1,1,1,1,1,1,-1,1,1,1,-1,1,1,-1,-1,-1,1,-1,1,-1,1,-1,1,-1,1,1,1,-1], length=91 energy=649}
Best result after 730989 ms running: LabsResult{bits=[-1,-1,-1,1,1,1,1,-1,1,1,-1,-1,-1,1,-1,1,-1,-1,1,-1,1,-1,-1,1,1,1,-1,1,-1,-1,1,-1,1,1,-1,1,1,-1,1,1,-1,-1,-1,1,-1,-1,1,-1,-1,1,1,1,1,-1,-1,-1,-1,1,1,1,-1,1,1,1,1,1,1,1,1,-1,1,1,1,-1,1,1,-1,-1,-1,1,-1,1,-1,1,-1,1,-1,1,1,1,-1], length=91 energy=649}
Best result after 735991 ms running: LabsResult{bits=[-1,-1,-1,1,1,1,1,-1,1,1,-1,-1,-1,1,-1,1,-1,-1,1,-1,1,-1,-1,1,1,1,-1,1,-1,-1,1,-1,1,1,-1,1,1,-1,1,1,-1,-1,-1,1,-1,-1,1,-1,-1,1,1,1,1,-1,-1,-1,-1,1,1,1,-1,1,1,1,1,1,1,1,1,-1,1,1,1,-1,1,1,-1,-1,-1,1,-1,1,-1,1,-1,1,-1,1,1,1,-1], length=91 energy=649}
Best result after 740994 ms running: LabsResult{bits=[-1,-1,-1,1,1,1,1,-1,1,1,-1,-1,-1,1,-1,1,-1,-1,1,-1,1,-1,-1,1,1,1,-1,1,-1,-1,1,-1,1,1,-1,1,1,-1,1,1,-1,-1,-1,1,-1,-1,1,-1,-1,1,1,1,1,-1,-1,-1,-1,1,1,1,-1,1,1,1,1,1,1,1,1,-1,1,1,1,-1,1,1,-1,-1,-1,1,-1,1,-1,1,-1,1,-1,1,1,1,-1], length=91 energy=649}
Best result after 745997 ms running: LabsResult{bits=[-1,-1,-1,1,1,1,1,-1,1,1,-1,-1,-1,1,-1,1,-1,-1,1,-1,1,-1,-1,1,1,1,-1,1,-1,-1,1,-1,1,1,-1,1,1,-1,1,1,-1,-1,-1,1,-1,-1,1,-1,-1,1,1,1,1,-1,-1,-1,-1,1,1,1,-1,1,1,1,1,1,1,1,1,-1,1,1,1,-1,1,1,-1,-1,-1,1,-1,1,-1,1,-1,1,-1,1,1,1,-1], length=91 energy=649}
Best result after 750999 ms running: LabsResult{bits=[-1,-1,-1,1,1,1,1,-1,1,1,-1,-1,-1,1,-1,1,-1,-1,1,-1,1,-1,-1,1,1,1,-1,1,-1,-1,1,-1,1,1,-1,1,1,-1,1,1,-1,-1,-1,1,-1,-1,1,-1,-1,1,1,1,1,-1,-1,-1,-1,1,1,1,-1,1,1,1,1,1,1,1,1,-1,1,1,1,-1,1,1,-1,-1,-1,1,-1,1,-1,1,-1,1,-1,1,1,1,-1], length=91 energy=649}
Best result after 756002 ms running: LabsResult{bits=[-1,-1,-1,1,1,1,1,-1,1,1,-1,-1,-1,1,-1,1,-1,-1,1,-1,1,-1,-1,1,1,1,-1,1,-1,-1,1,-1,1,1,-1,1,1,-1,1,1,-1,-1,-1,1,-1,-1,1,-1,-1,1,1,1,1,-1,-1,-1,-1,1,1,1,-1,1,1,1,1,1,1,1,1,-1,1,1,1,-1,1,1,-1,-1,-1,1,-1,1,-1,1,-1,1,-1,1,1,1,-1], length=91 energy=649}
Best result after 761004 ms running: LabsResult{bits=[-1,-1,-1,1,1,1,1,-1,1,1,-1,-1,-1,1,-1,1,-1,-1,1,-1,1,-1,-1,1,1,1,-1,1,-1,-1,1,-1,1,1,-1,1,1,-1,1,1,-1,-1,-1,1,-1,-1,1,-1,-1,1,1,1,1,-1,-1,-1,-1,1,1,1,-1,1,1,1,1,1,1,1,1,-1,1,1,1,-1,1,1,-1,-1,-1,1,-1,1,-1,1,-1,1,-1,1,1,1,-1], length=91 energy=649}
Best result after 766007 ms running: LabsResult{bits=[-1,-1,-1,1,1,1,1,-1,1,1,-1,-1,-1,1,-1,1,-1,-1,1,-1,1,-1,-1,1,1,1,-1,1,-1,-1,1,-1,1,1,-1,1,1,-1,1,1,-1,-1,-1,1,-1,-1,1,-1,-1,1,1,1,1,-1,-1,-1,-1,1,1,1,-1,1,1,1,1,1,1,1,1,-1,1,1,1,-1,1,1,-1,-1,-1,1,-1,1,-1,1,-1,1,-1,1,1,1,-1], length=91 energy=649}
Best result after 771009 ms running: LabsResult{bits=[-1,-1,-1,1,1,1,1,-1,1,1,-1,-1,-1,1,-1,1,-1,-1,1,-1,1,-1,-1,1,1,1,-1,1,-1,-1,1,-1,1,1,-1,1,1,-1,1,1,-1,-1,-1,1,-1,-1,1,-1,-1,1,1,1,1,-1,-1,-1,-1,1,1,1,-1,1,1,1,1,1,1,1,1,-1,1,1,1,-1,1,1,-1,-1,-1,1,-1,1,-1,1,-1,1,-1,1,1,1,-1], length=91 energy=649}
Best result after 776012 ms running: LabsResult{bits=[-1,-1,-1,1,1,1,1,-1,1,1,-1,-1,-1,1,-1,1,-1,-1,1,-1,1,-1,-1,1,1,1,-1,1,-1,-1,1,-1,1,1,-1,1,1,-1,1,1,-1,-1,-1,1,-1,-1,1,-1,-1,1,1,1,1,-1,-1,-1,-1,1,1,1,-1,1,1,1,1,1,1,1,1,-1,1,1,1,-1,1,1,-1,-1,-1,1,-1,1,-1,1,-1,1,-1,1,1,1,-1], length=91 energy=649}
Best result after 781015 ms running: LabsResult{bits=[-1,-1,-1,1,1,1,1,-1,1,1,-1,-1,-1,1,-1,1,-1,-1,1,-1,1,-1,-1,1,1,1,-1,1,-1,-1,1,-1,1,1,-1,1,1,-1,1,1,-1,-1,-1,1,-1,-1,1,-1,-1,1,1,1,1,-1,-1,-1,-1,1,1,1,-1,1,1,1,1,1,1,1,1,-1,1,1,1,-1,1,1,-1,-1,-1,1,-1,1,-1,1,-1,1,-1,1,1,1,-1], length=91 energy=649}
Best result after 786022 ms running: LabsResult{bits=[-1,-1,-1,1,1,1,1,-1,1,1,-1,-1,-1,1,-1,1,-1,-1,1,-1,1,-1,-1,1,1,1,-1,1,-1,-1,1,-1,1,1,-1,1,1,-1,1,1,-1,-1,-1,1,-1,-1,1,-1,-1,1,1,1,1,-1,-1,-1,-1,1,1,1,-1,1,1,1,1,1,1,1,1,-1,1,1,1,-1,1,1,-1,-1,-1,1,-1,1,-1,1,-1,1,-1,1,1,1,-1], length=91 energy=649}
Best result after 791024 ms running: LabsResult{bits=[-1,-1,-1,1,1,1,1,-1,1,1,-1,-1,-1,1,-1,1,-1,-1,1,-1,1,-1,-1,1,1,1,-1,1,-1,-1,1,-1,1,1,-1,1,1,-1,1,1,-1,-1,-1,1,-1,-1,1,-1,-1,1,1,1,1,-1,-1,-1,-1,1,1,1,-1,1,1,1,1,1,1,1,1,-1,1,1,1,-1,1,1,-1,-1,-1,1,-1,1,-1,1,-1,1,-1,1,1,1,-1], length=91 energy=649}
Best result after 796027 ms running: LabsResult{bits=[-1,-1,-1,1,1,1,1,-1,1,1,-1,-1,-1,1,-1,1,-1,-1,1,-1,1,-1,-1,1,1,1,-1,1,-1,-1,1,-1,1,1,-1,1,1,-1,1,1,-1,-1,-1,1,-1,-1,1,-1,-1,1,1,1,1,-1,-1,-1,-1,1,1,1,-1,1,1,1,1,1,1,1,1,-1,1,1,1,-1,1,1,-1,-1,-1,1,-1,1,-1,1,-1,1,-1,1,1,1,-1], length=91 energy=649}
Best result after 801035 ms running: LabsResult{bits=[-1,-1,-1,1,1,1,1,-1,1,1,-1,-1,-1,1,-1,1,-1,-1,1,-1,1,-1,-1,1,1,1,-1,1,-1,-1,1,-1,1,1,-1,1,1,-1,1,1,-1,-1,-1,1,-1,-1,1,-1,-1,1,1,1,1,-1,-1,-1,-1,1,1,1,-1,1,1,1,1,1,1,1,1,-1,1,1,1,-1,1,1,-1,-1,-1,1,-1,1,-1,1,-1,1,-1,1,1,1,-1], length=91 energy=649}
Best result after 806038 ms running: LabsResult{bits=[-1,-1,-1,1,1,1,1,-1,1,1,-1,-1,-1,1,-1,1,-1,-1,1,-1,1,-1,-1,1,1,1,-1,1,-1,-1,1,-1,1,1,-1,1,1,-1,1,1,-1,-1,-1,1,-1,-1,1,-1,-1,1,1,1,1,-1,-1,-1,-1,1,1,1,-1,1,1,1,1,1,1,1,1,-1,1,1,1,-1,1,1,-1,-1,-1,1,-1,1,-1,1,-1,1,-1,1,1,1,-1], length=91 energy=649}
Best result after 811041 ms running: LabsResult{bits=[-1,-1,-1,1,1,1,1,-1,1,1,-1,-1,-1,1,-1,1,-1,-1,1,-1,1,-1,-1,1,1,1,-1,1,-1,-1,1,-1,1,1,-1,1,1,-1,1,1,-1,-1,-1,1,-1,-1,1,-1,-1,1,1,1,1,-1,-1,-1,-1,1,1,1,-1,1,1,1,1,1,1,1,1,-1,1,1,1,-1,1,1,-1,-1,-1,1,-1,1,-1,1,-1,1,-1,1,1,1,-1], length=91 energy=649}
Best result after 816044 ms running: LabsResult{bits=[-1,-1,-1,1,1,1,1,-1,1,1,-1,-1,-1,1,-1,1,-1,-1,1,-1,1,-1,-1,1,1,1,-1,1,-1,-1,1,-1,1,1,-1,1,1,-1,1,1,-1,-1,-1,1,-1,-1,1,-1,-1,1,1,1,1,-1,-1,-1,-1,1,1,1,-1,1,1,1,1,1,1,1,1,-1,1,1,1,-1,1,1,-1,-1,-1,1,-1,1,-1,1,-1,1,-1,1,1,1,-1], length=91 energy=649}
Best result after 821046 ms running: LabsResult{bits=[-1,-1,-1,1,1,1,1,-1,1,1,-1,-1,-1,1,-1,1,-1,-1,1,-1,1,-1,-1,1,1,1,-1,1,-1,-1,1,-1,1,1,-1,1,1,-1,1,1,-1,-1,-1,1,-1,-1,1,-1,-1,1,1,1,1,-1,-1,-1,-1,1,1,1,-1,1,1,1,1,1,1,1,1,-1,1,1,1,-1,1,1,-1,-1,-1,1,-1,1,-1,1,-1,1,-1,1,1,1,-1], length=91 energy=649}
Best result after 826049 ms running: LabsResult{bits=[-1,-1,-1,1,1,1,1,-1,1,1,-1,-1,-1,1,-1,1,-1,-1,1,-1,1,-1,-1,1,1,1,-1,1,-1,-1,1,-1,1,1,-1,1,1,-1,1,1,-1,-1,-1,1,-1,-1,1,-1,-1,1,1,1,1,-1,-1,-1,-1,1,1,1,-1,1,1,1,1,1,1,1,1,-1,1,1,1,-1,1,1,-1,-1,-1,1,-1,1,-1,1,-1,1,-1,1,1,1,-1], length=91 energy=649}
Best result after 831051 ms running: LabsResult{bits=[-1,-1,-1,1,1,1,1,-1,1,1,-1,-1,-1,1,-1,1,-1,-1,1,-1,1,-1,-1,1,1,1,-1,1,-1,-1,1,-1,1,1,-1,1,1,-1,1,1,-1,-1,-1,1,-1,-1,1,-1,-1,1,1,1,1,-1,-1,-1,-1,1,1,1,-1,1,1,1,1,1,1,1,1,-1,1,1,1,-1,1,1,-1,-1,-1,1,-1,1,-1,1,-1,1,-1,1,1,1,-1], length=91 energy=649}
Best result after 836059 ms running: LabsResult{bits=[-1,-1,-1,1,1,1,1,-1,1,1,-1,-1,-1,1,-1,1,-1,-1,1,-1,1,-1,-1,1,1,1,-1,1,-1,-1,1,-1,1,1,-1,1,1,-1,1,1,-1,-1,-1,1,-1,-1,1,-1,-1,1,1,1,1,-1,-1,-1,-1,1,1,1,-1,1,1,1,1,1,1,1,1,-1,1,1,1,-1,1,1,-1,-1,-1,1,-1,1,-1,1,-1,1,-1,1,1,1,-1], length=91 energy=649}
Best result after 841061 ms running: LabsResult{bits=[-1,-1,-1,1,1,1,1,-1,1,1,-1,-1,-1,1,-1,1,-1,-1,1,-1,1,-1,-1,1,1,1,-1,1,-1,-1,1,-1,1,1,-1,1,1,-1,1,1,-1,-1,-1,1,-1,-1,1,-1,-1,1,1,1,1,-1,-1,-1,-1,1,1,1,-1,1,1,1,1,1,1,1,1,-1,1,1,1,-1,1,1,-1,-1,-1,1,-1,1,-1,1,-1,1,-1,1,1,1,-1], length=91 energy=649}
Best result after 846064 ms running: LabsResult{bits=[-1,-1,-1,1,1,1,1,-1,1,1,-1,-1,-1,1,-1,1,-1,-1,1,-1,1,-1,-1,1,1,1,-1,1,-1,-1,1,-1,1,1,-1,1,1,-1,1,1,-1,-1,-1,1,-1,-1,1,-1,-1,1,1,1,1,-1,-1,-1,-1,1,1,1,-1,1,1,1,1,1,1,1,1,-1,1,1,1,-1,1,1,-1,-1,-1,1,-1,1,-1,1,-1,1,-1,1,1,1,-1], length=91 energy=649}
Best result after 851073 ms running: LabsResult{bits=[-1,-1,-1,1,1,1,1,-1,1,1,-1,-1,-1,1,-1,1,-1,-1,1,-1,1,-1,-1,1,1,1,-1,1,-1,-1,1,-1,1,1,-1,1,1,-1,1,1,-1,-1,-1,1,-1,-1,1,-1,-1,1,1,1,1,-1,-1,-1,-1,1,1,1,-1,1,1,1,1,1,1,1,1,-1,1,1,1,-1,1,1,-1,-1,-1,1,-1,1,-1,1,-1,1,-1,1,1,1,-1], length=91 energy=649}
Best result after 856075 ms running: LabsResult{bits=[-1,-1,-1,1,1,1,1,-1,1,1,-1,-1,-1,1,-1,1,-1,-1,1,-1,1,-1,-1,1,1,1,-1,1,-1,-1,1,-1,1,1,-1,1,1,-1,1,1,-1,-1,-1,1,-1,-1,1,-1,-1,1,1,1,1,-1,-1,-1,-1,1,1,1,-1,1,1,1,1,1,1,1,1,-1,1,1,1,-1,1,1,-1,-1,-1,1,-1,1,-1,1,-1,1,-1,1,1,1,-1], length=91 energy=649}
Best result after 861078 ms running: LabsResult{bits=[-1,-1,-1,1,1,1,1,-1,1,1,-1,-1,-1,1,-1,1,-1,-1,1,-1,1,-1,-1,1,1,1,-1,1,-1,-1,1,-1,1,1,-1,1,1,-1,1,1,-1,-1,-1,1,-1,-1,1,-1,-1,1,1,1,1,-1,-1,-1,-1,1,1,1,-1,1,1,1,1,1,1,1,1,-1,1,1,1,-1,1,1,-1,-1,-1,1,-1,1,-1,1,-1,1,-1,1,1,1,-1], length=91 energy=649}
Best result after 866086 ms running: LabsResult{bits=[-1,-1,-1,1,1,1,1,-1,1,1,-1,-1,-1,1,-1,1,-1,-1,1,-1,1,-1,-1,1,1,1,-1,1,-1,-1,1,-1,1,1,-1,1,1,-1,1,1,-1,-1,-1,1,-1,-1,1,-1,-1,1,1,1,1,-1,-1,-1,-1,1,1,1,-1,1,1,1,1,1,1,1,1,-1,1,1,1,-1,1,1,-1,-1,-1,1,-1,1,-1,1,-1,1,-1,1,1,1,-1], length=91 energy=649}
Best result after 871088 ms running: LabsResult{bits=[-1,-1,-1,1,1,1,1,-1,1,1,-1,-1,-1,1,-1,1,-1,-1,1,-1,1,-1,-1,1,1,1,-1,1,-1,-1,1,-1,1,1,-1,1,1,-1,1,1,-1,-1,-1,1,-1,-1,1,-1,-1,1,1,1,1,-1,-1,-1,-1,1,1,1,-1,1,1,1,1,1,1,1,1,-1,1,1,1,-1,1,1,-1,-1,-1,1,-1,1,-1,1,-1,1,-1,1,1,1,-1], length=91 energy=649}
Best result after 876093 ms running: LabsResult{bits=[-1,-1,-1,1,1,1,1,-1,1,1,-1,-1,-1,1,-1,1,-1,-1,1,-1,1,-1,-1,1,1,1,-1,1,-1,-1,1,-1,1,1,-1,1,1,-1,1,1,-1,-1,-1,1,-1,-1,1,-1,-1,1,1,1,1,-1,-1,-1,-1,1,1,1,-1,1,1,1,1,1,1,1,1,-1,1,1,1,-1,1,1,-1,-1,-1,1,-1,1,-1,1,-1,1,-1,1,1,1,-1], length=91 energy=649}
Best result after 881095 ms running: LabsResult{bits=[-1,-1,-1,1,1,1,1,-1,1,1,-1,-1,-1,1,-1,1,-1,-1,1,-1,1,-1,-1,1,1,1,-1,1,-1,-1,1,-1,1,1,-1,1,1,-1,1,1,-1,-1,-1,1,-1,-1,1,-1,-1,1,1,1,1,-1,-1,-1,-1,1,1,1,-1,1,1,1,1,1,1,1,1,-1,1,1,1,-1,1,1,-1,-1,-1,1,-1,1,-1,1,-1,1,-1,1,1,1,-1], length=91 energy=649}
Best result after 886098 ms running: LabsResult{bits=[-1,-1,-1,1,1,1,1,-1,1,1,-1,-1,-1,1,-1,1,-1,-1,1,-1,1,-1,-1,1,1,1,-1,1,-1,-1,1,-1,1,1,-1,1,1,-1,1,1,-1,-1,-1,1,-1,-1,1,-1,-1,1,1,1,1,-1,-1,-1,-1,1,1,1,-1,1,1,1,1,1,1,1,1,-1,1,1,1,-1,1,1,-1,-1,-1,1,-1,1,-1,1,-1,1,-1,1,1,1,-1], length=91 energy=649}
Best result after 891100 ms running: LabsResult{bits=[-1,-1,-1,1,1,1,1,-1,1,1,-1,-1,-1,1,-1,1,-1,-1,1,-1,1,-1,-1,1,1,1,-1,1,-1,-1,1,-1,1,1,-1,1,1,-1,1,1,-1,-1,-1,1,-1,-1,1,-1,-1,1,1,1,1,-1,-1,-1,-1,1,1,1,-1,1,1,1,1,1,1,1,1,-1,1,1,1,-1,1,1,-1,-1,-1,1,-1,1,-1,1,-1,1,-1,1,1,1,-1], length=91 energy=649}
Best result after 896103 ms running: LabsResult{bits=[-1,-1,-1,1,1,1,1,-1,1,1,-1,-1,-1,1,-1,1,-1,-1,1,-1,1,-1,-1,1,1,1,-1,1,-1,-1,1,-1,1,1,-1,1,1,-1,1,1,-1,-1,-1,1,-1,-1,1,-1,-1,1,1,1,1,-1,-1,-1,-1,1,1,1,-1,1,1,1,1,1,1,1,1,-1,1,1,1,-1,1,1,-1,-1,-1,1,-1,1,-1,1,-1,1,-1,1,1,1,-1], length=91 energy=649}
Best result after 901110 ms running: LabsResult{bits=[-1,-1,-1,1,1,1,1,-1,1,1,-1,-1,-1,1,-1,1,-1,-1,1,-1,1,-1,-1,1,1,1,-1,1,-1,-1,1,-1,1,1,-1,1,1,-1,1,1,-1,-1,-1,1,-1,-1,1,-1,-1,1,1,1,1,-1,-1,-1,-1,1,1,1,-1,1,1,1,1,1,1,1,1,-1,1,1,1,-1,1,1,-1,-1,-1,1,-1,1,-1,1,-1,1,-1,1,1,1,-1], length=91 energy=649}
Best result after 906113 ms running: LabsResult{bits=[-1,-1,-1,1,1,1,1,-1,1,1,-1,-1,-1,1,-1,1,-1,-1,1,-1,1,-1,-1,1,1,1,-1,1,-1,-1,1,-1,1,1,-1,1,1,-1,1,1,-1,-1,-1,1,-1,-1,1,-1,-1,1,1,1,1,-1,-1,-1,-1,1,1,1,-1,1,1,1,1,1,1,1,1,-1,1,1,1,-1,1,1,-1,-1,-1,1,-1,1,-1,1,-1,1,-1,1,1,1,-1], length=91 energy=649}
Best result after 911115 ms running: LabsResult{bits=[-1,-1,-1,1,1,1,1,-1,1,1,-1,-1,-1,1,-1,1,-1,-1,1,-1,1,-1,-1,1,1,1,-1,1,-1,-1,1,-1,1,1,-1,1,1,-1,1,1,-1,-1,-1,1,-1,-1,1,-1,-1,1,1,1,1,-1,-1,-1,-1,1,1,1,-1,1,1,1,1,1,1,1,1,-1,1,1,1,-1,1,1,-1,-1,-1,1,-1,1,-1,1,-1,1,-1,1,1,1,-1], length=91 energy=649}
Best result after 916123 ms running: LabsResult{bits=[-1,-1,-1,1,1,1,1,-1,1,1,-1,-1,-1,1,-1,1,-1,-1,1,-1,1,-1,-1,1,1,1,-1,1,-1,-1,1,-1,1,1,-1,1,1,-1,1,1,-1,-1,-1,1,-1,-1,1,-1,-1,1,1,1,1,-1,-1,-1,-1,1,1,1,-1,1,1,1,1,1,1,1,1,-1,1,1,1,-1,1,1,-1,-1,-1,1,-1,1,-1,1,-1,1,-1,1,1,1,-1], length=91 energy=649}
Best result after 921126 ms running: LabsResult{bits=[-1,-1,-1,1,1,1,1,-1,1,1,-1,-1,-1,1,-1,1,-1,-1,1,-1,1,-1,-1,1,1,1,-1,1,-1,-1,1,-1,1,1,-1,1,1,-1,1,1,-1,-1,-1,1,-1,-1,1,-1,-1,1,1,1,1,-1,-1,-1,-1,1,1,1,-1,1,1,1,1,1,1,1,1,-1,1,1,1,-1,1,1,-1,-1,-1,1,-1,1,-1,1,-1,1,-1,1,1,1,-1], length=91 energy=649}
Best result after 926128 ms running: LabsResult{bits=[-1,-1,-1,1,1,1,1,-1,1,1,-1,-1,-1,1,-1,1,-1,-1,1,-1,1,-1,-1,1,1,1,-1,1,-1,-1,1,-1,1,1,-1,1,1,-1,1,1,-1,-1,-1,1,-1,-1,1,-1,-1,1,1,1,1,-1,-1,-1,-1,1,1,1,-1,1,1,1,1,1,1,1,1,-1,1,1,1,-1,1,1,-1,-1,-1,1,-1,1,-1,1,-1,1,-1,1,1,1,-1], length=91 energy=649}
Best result after 931136 ms running: LabsResult{bits=[-1,-1,-1,1,1,1,1,-1,1,1,-1,-1,-1,1,-1,1,-1,-1,1,-1,1,-1,-1,1,1,1,-1,1,-1,-1,1,-1,1,1,-1,1,1,-1,1,1,-1,-1,-1,1,-1,-1,1,-1,-1,1,1,1,1,-1,-1,-1,-1,1,1,1,-1,1,1,1,1,1,1,1,1,-1,1,1,1,-1,1,1,-1,-1,-1,1,-1,1,-1,1,-1,1,-1,1,1,1,-1], length=91 energy=649}
Best result after 936139 ms running: LabsResult{bits=[-1,-1,-1,1,1,1,1,-1,1,1,-1,-1,-1,1,-1,1,-1,-1,1,-1,1,-1,-1,1,1,1,-1,1,-1,-1,1,-1,1,1,-1,1,1,-1,1,1,-1,-1,-1,1,-1,-1,1,-1,-1,1,1,1,1,-1,-1,-1,-1,1,1,1,-1,1,1,1,1,1,1,1,1,-1,1,1,1,-1,1,1,-1,-1,-1,1,-1,1,-1,1,-1,1,-1,1,1,1,-1], length=91 energy=649}
Best result after 941141 ms running: LabsResult{bits=[-1,-1,-1,1,1,1,1,-1,1,1,-1,-1,-1,1,-1,1,-1,-1,1,-1,1,-1,-1,1,1,1,-1,1,-1,-1,1,-1,1,1,-1,1,1,-1,1,1,-1,-1,-1,1,-1,-1,1,-1,-1,1,1,1,1,-1,-1,-1,-1,1,1,1,-1,1,1,1,1,1,1,1,1,-1,1,1,1,-1,1,1,-1,-1,-1,1,-1,1,-1,1,-1,1,-1,1,1,1,-1], length=91 energy=649}
Best result after 946150 ms running: LabsResult{bits=[-1,-1,-1,1,1,1,1,-1,1,1,-1,-1,-1,1,-1,1,-1,-1,1,-1,1,-1,-1,1,1,1,-1,1,-1,-1,1,-1,1,1,-1,1,1,-1,1,1,-1,-1,-1,1,-1,-1,1,-1,-1,1,1,1,1,-1,-1,-1,-1,1,1,1,-1,1,1,1,1,1,1,1,1,-1,1,1,1,-1,1,1,-1,-1,-1,1,-1,1,-1,1,-1,1,-1,1,1,1,-1], length=91 energy=649}
Best result after 951152 ms running: LabsResult{bits=[-1,-1,-1,1,1,1,1,-1,1,1,-1,-1,-1,1,-1,1,-1,-1,1,-1,1,-1,-1,1,1,1,-1,1,-1,-1,1,-1,1,1,-1,1,1,-1,1,1,-1,-1,-1,1,-1,-1,1,-1,-1,1,1,1,1,-1,-1,-1,-1,1,1,1,-1,1,1,1,1,1,1,1,1,-1,1,1,1,-1,1,1,-1,-1,-1,1,-1,1,-1,1,-1,1,-1,1,1,1,-1], length=91 energy=649}
Best result after 956155 ms running: LabsResult{bits=[-1,-1,-1,1,1,1,1,-1,1,1,-1,-1,-1,1,-1,1,-1,-1,1,-1,1,-1,-1,1,1,1,-1,1,-1,-1,1,-1,1,1,-1,1,1,-1,1,1,-1,-1,-1,1,-1,-1,1,-1,-1,1,1,1,1,-1,-1,-1,-1,1,1,1,-1,1,1,1,1,1,1,1,1,-1,1,1,1,-1,1,1,-1,-1,-1,1,-1,1,-1,1,-1,1,-1,1,1,1,-1], length=91 energy=649}
Best result after 961162 ms running: LabsResult{bits=[-1,-1,-1,1,1,1,1,-1,1,1,-1,-1,-1,1,-1,1,-1,-1,1,-1,1,-1,-1,1,1,1,-1,1,-1,-1,1,-1,1,1,-1,1,1,-1,1,1,-1,-1,-1,1,-1,-1,1,-1,-1,1,1,1,1,-1,-1,-1,-1,1,1,1,-1,1,1,1,1,1,1,1,1,-1,1,1,1,-1,1,1,-1,-1,-1,1,-1,1,-1,1,-1,1,-1,1,1,1,-1], length=91 energy=649}
Best result after 966165 ms running: LabsResult{bits=[-1,-1,-1,1,1,1,1,-1,1,1,-1,-1,-1,1,-1,1,-1,-1,1,-1,1,-1,-1,1,1,1,-1,1,-1,-1,1,-1,1,1,-1,1,1,-1,1,1,-1,-1,-1,1,-1,-1,1,-1,-1,1,1,1,1,-1,-1,-1,-1,1,1,1,-1,1,1,1,1,1,1,1,1,-1,1,1,1,-1,1,1,-1,-1,-1,1,-1,1,-1,1,-1,1,-1,1,1,1,-1], length=91 energy=649}
Best result after 971168 ms running: LabsResult{bits=[-1,-1,-1,1,1,1,1,-1,1,1,-1,-1,-1,1,-1,1,-1,-1,1,-1,1,-1,-1,1,1,1,-1,1,-1,-1,1,-1,1,1,-1,1,1,-1,1,1,-1,-1,-1,1,-1,-1,1,-1,-1,1,1,1,1,-1,-1,-1,-1,1,1,1,-1,1,1,1,1,1,1,1,1,-1,1,1,1,-1,1,1,-1,-1,-1,1,-1,1,-1,1,-1,1,-1,1,1,1,-1], length=91 energy=649}
Best result after 976175 ms running: LabsResult{bits=[-1,-1,-1,1,1,1,1,-1,1,1,-1,-1,-1,1,-1,1,-1,-1,1,-1,1,-1,-1,1,1,1,-1,1,-1,-1,1,-1,1,1,-1,1,1,-1,1,1,-1,-1,-1,1,-1,-1,1,-1,-1,1,1,1,1,-1,-1,-1,-1,1,1,1,-1,1,1,1,1,1,1,1,1,-1,1,1,1,-1,1,1,-1,-1,-1,1,-1,1,-1,1,-1,1,-1,1,1,1,-1], length=91 energy=649}
Best result after 981177 ms running: LabsResult{bits=[-1,-1,-1,1,1,1,1,-1,1,1,-1,-1,-1,1,-1,1,-1,-1,1,-1,1,-1,-1,1,1,1,-1,1,-1,-1,1,-1,1,1,-1,1,1,-1,1,1,-1,-1,-1,1,-1,-1,1,-1,-1,1,1,1,1,-1,-1,-1,-1,1,1,1,-1,1,1,1,1,1,1,1,1,-1,1,1,1,-1,1,1,-1,-1,-1,1,-1,1,-1,1,-1,1,-1,1,1,1,-1], length=91 energy=649}
Best result after 986180 ms running: LabsResult{bits=[-1,-1,-1,1,1,1,1,-1,1,1,-1,-1,-1,1,-1,1,-1,-1,1,-1,1,-1,-1,1,1,1,-1,1,-1,-1,1,-1,1,1,-1,1,1,-1,1,1,-1,-1,-1,1,-1,-1,1,-1,-1,1,1,1,1,-1,-1,-1,-1,1,1,1,-1,1,1,1,1,1,1,1,1,-1,1,1,1,-1,1,1,-1,-1,-1,1,-1,1,-1,1,-1,1,-1,1,1,1,-1], length=91 energy=649}
Best result after 991182 ms running: LabsResult{bits=[-1,-1,-1,1,1,1,1,-1,1,1,-1,-1,-1,1,-1,1,-1,-1,1,-1,1,-1,-1,1,1,1,-1,1,-1,-1,1,-1,1,1,-1,1,1,-1,1,1,-1,-1,-1,1,-1,-1,1,-1,-1,1,1,1,1,-1,-1,-1,-1,1,1,1,-1,1,1,1,1,1,1,1,1,-1,1,1,1,-1,1,1,-1,-1,-1,1,-1,1,-1,1,-1,1,-1,1,1,1,-1], length=91 energy=649}
Best result after 996184 ms running: LabsResult{bits=[-1,-1,-1,1,1,1,1,-1,1,1,-1,-1,-1,1,-1,1,-1,-1,1,-1,1,-1,-1,1,1,1,-1,1,-1,-1,1,-1,1,1,-1,1,1,-1,1,1,-1,-1,-1,1,-1,-1,1,-1,-1,1,1,1,1,-1,-1,-1,-1,1,1,1,-1,1,1,1,1,1,1,1,1,-1,1,1,1,-1,1,1,-1,-1,-1,1,-1,1,-1,1,-1,1,-1,1,1,1,-1], length=91 energy=649}
Best result after 1001187 ms running: LabsResult{bits=[-1,-1,-1,1,1,1,1,-1,1,1,-1,-1,-1,1,-1,1,-1,-1,1,-1,1,-1,-1,1,1,1,-1,1,-1,-1,1,-1,1,1,-1,1,1,-1,1,1,-1,-1,-1,1,-1,-1,1,-1,-1,1,1,1,1,-1,-1,-1,-1,1,1,1,-1,1,1,1,1,1,1,1,1,-1,1,1,1,-1,1,1,-1,-1,-1,1,-1,1,-1,1,-1,1,-1,1,1,1,-1], length=91 energy=649}
Best result after 1006190 ms running: LabsResult{bits=[-1,-1,-1,1,1,1,1,-1,1,1,-1,-1,-1,1,-1,1,-1,-1,1,-1,1,-1,-1,1,1,1,-1,1,-1,-1,1,-1,1,1,-1,1,1,-1,1,1,-1,-1,-1,1,-1,-1,1,-1,-1,1,1,1,1,-1,-1,-1,-1,1,1,1,-1,1,1,1,1,1,1,1,1,-1,1,1,1,-1,1,1,-1,-1,-1,1,-1,1,-1,1,-1,1,-1,1,1,1,-1], length=91 energy=649}
Best result after 1011192 ms running: LabsResult{bits=[-1,-1,-1,1,1,1,1,-1,1,1,-1,-1,-1,1,-1,1,-1,-1,1,-1,1,-1,-1,1,1,1,-1,1,-1,-1,1,-1,1,1,-1,1,1,-1,1,1,-1,-1,-1,1,-1,-1,1,-1,-1,1,1,1,1,-1,-1,-1,-1,1,1,1,-1,1,1,1,1,1,1,1,1,-1,1,1,1,-1,1,1,-1,-1,-1,1,-1,1,-1,1,-1,1,-1,1,1,1,-1], length=91 energy=649}
Best result after 1016195 ms running: LabsResult{bits=[-1,-1,-1,1,1,1,1,-1,1,1,-1,-1,-1,1,-1,1,-1,-1,1,-1,1,-1,-1,1,1,1,-1,1,-1,-1,1,-1,1,1,-1,1,1,-1,1,1,-1,-1,-1,1,-1,-1,1,-1,-1,1,1,1,1,-1,-1,-1,-1,1,1,1,-1,1,1,1,1,1,1,1,1,-1,1,1,1,-1,1,1,-1,-1,-1,1,-1,1,-1,1,-1,1,-1,1,1,1,-1], length=91 energy=649}
Best result after 1021198 ms running: LabsResult{bits=[-1,-1,-1,1,1,1,1,-1,1,1,-1,-1,-1,1,-1,1,-1,-1,1,-1,1,-1,-1,1,1,1,-1,1,-1,-1,1,-1,1,1,-1,1,1,-1,1,1,-1,-1,-1,1,-1,-1,1,-1,-1,1,1,1,1,-1,-1,-1,-1,1,1,1,-1,1,1,1,1,1,1,1,1,-1,1,1,1,-1,1,1,-1,-1,-1,1,-1,1,-1,1,-1,1,-1,1,1,1,-1], length=91 energy=649}
Best result after 1026200 ms running: LabsResult{bits=[-1,-1,-1,1,1,1,1,-1,1,1,-1,-1,-1,1,-1,1,-1,-1,1,-1,1,-1,-1,1,1,1,-1,1,-1,-1,1,-1,1,1,-1,1,1,-1,1,1,-1,-1,-1,1,-1,-1,1,-1,-1,1,1,1,1,-1,-1,-1,-1,1,1,1,-1,1,1,1,1,1,1,1,1,-1,1,1,1,-1,1,1,-1,-1,-1,1,-1,1,-1,1,-1,1,-1,1,1,1,-1], length=91 energy=649}
Best result after 1031202 ms running: LabsResult{bits=[-1,-1,-1,1,1,1,1,-1,1,1,-1,-1,-1,1,-1,1,-1,-1,1,-1,1,-1,-1,1,1,1,-1,1,-1,-1,1,-1,1,1,-1,1,1,-1,1,1,-1,-1,-1,1,-1,-1,1,-1,-1,1,1,1,1,-1,-1,-1,-1,1,1,1,-1,1,1,1,1,1,1,1,1,-1,1,1,1,-1,1,1,-1,-1,-1,1,-1,1,-1,1,-1,1,-1,1,1,1,-1], length=91 energy=649}
Best result after 1036210 ms running: LabsResult{bits=[-1,-1,-1,1,1,1,1,-1,1,1,-1,-1,-1,1,-1,1,-1,-1,1,-1,1,-1,-1,1,1,1,-1,1,-1,-1,1,-1,1,1,-1,1,1,-1,1,1,-1,-1,-1,1,-1,-1,1,-1,-1,1,1,1,1,-1,-1,-1,-1,1,1,1,-1,1,1,1,1,1,1,1,1,-1,1,1,1,-1,1,1,-1,-1,-1,1,-1,1,-1,1,-1,1,-1,1,1,1,-1], length=91 energy=649}
Best result after 1041213 ms running: LabsResult{bits=[-1,-1,-1,1,1,1,1,-1,1,1,-1,-1,-1,1,-1,1,-1,-1,1,-1,1,-1,-1,1,1,1,-1,1,-1,-1,1,-1,1,1,-1,1,1,-1,1,1,-1,-1,-1,1,-1,-1,1,-1,-1,1,1,1,1,-1,-1,-1,-1,1,1,1,-1,1,1,1,1,1,1,1,1,-1,1,1,1,-1,1,1,-1,-1,-1,1,-1,1,-1,1,-1,1,-1,1,1,1,-1], length=91 energy=649}
Best result after 1046215 ms running: LabsResult{bits=[-1,-1,-1,-1,-1,-1,1,1,1,1,-1,-1,-1,-1,-1,-1,-1,1,-1,1,-1,-1,-1,1,-1,1,-1,-1,-1,1,-1,1,1,-1,1,1,1,1,1,-1,1,1,1,-1,-1,-1,-1,1,1,-1,-1,-1,-1,1,-1,1,1,-1,1,-1,1,-1,1,1,-1,-1,-1,1,-1,1,1,-1,-1,1,1,-1,-1,1,1,-1,-1,-1,1,1,-1,-1,-1,1,-1,-1,1], length=91 energy=633}
Best result after 1051224 ms running: LabsResult{bits=[-1,-1,-1,-1,-1,-1,1,1,1,1,-1,-1,-1,-1,-1,-1,-1,1,-1,1,-1,-1,-1,1,-1,1,-1,-1,-1,1,-1,1,1,-1,1,1,1,1,1,-1,1,1,1,-1,-1,-1,-1,1,1,-1,-1,-1,-1,1,-1,1,1,-1,1,-1,1,-1,1,1,-1,-1,-1,1,-1,1,1,-1,-1,1,1,-1,-1,1,1,-1,-1,-1,1,1,-1,-1,-1,1,-1,-1,1], length=91 energy=633}
Best result after 1056227 ms running: LabsResult{bits=[-1,-1,-1,-1,-1,-1,1,1,1,1,-1,-1,-1,-1,-1,-1,-1,1,-1,1,-1,-1,-1,1,-1,1,-1,-1,-1,1,-1,1,1,-1,1,1,1,1,1,-1,1,1,1,-1,-1,-1,-1,1,1,-1,-1,-1,-1,1,-1,1,1,-1,1,-1,1,-1,1,1,-1,-1,-1,1,-1,1,1,-1,-1,1,1,-1,-1,1,1,-1,-1,-1,1,1,-1,-1,-1,1,-1,-1,1], length=91 energy=633}
Best result after 1061229 ms running: LabsResult{bits=[-1,-1,-1,-1,-1,-1,1,1,1,1,-1,-1,-1,-1,-1,-1,-1,1,-1,1,-1,-1,-1,1,-1,1,-1,-1,-1,1,-1,1,1,-1,1,1,1,1,1,-1,1,1,1,-1,-1,-1,-1,1,1,-1,-1,-1,-1,1,-1,1,1,-1,1,-1,1,-1,1,1,-1,-1,-1,1,-1,1,1,-1,-1,1,1,-1,-1,1,1,-1,-1,-1,1,1,-1,-1,-1,1,-1,-1,1], length=91 energy=633}
Best result after 1066237 ms running: LabsResult{bits=[-1,-1,-1,-1,-1,-1,1,1,1,1,-1,-1,-1,-1,-1,-1,-1,1,-1,1,-1,-1,-1,1,-1,1,-1,-1,-1,1,-1,1,1,-1,1,1,1,1,1,-1,1,1,1,-1,-1,-1,-1,1,1,-1,-1,-1,-1,1,-1,1,1,-1,1,-1,1,-1,1,1,-1,-1,-1,1,-1,1,1,-1,-1,1,1,-1,-1,1,1,-1,-1,-1,1,1,-1,-1,-1,1,-1,-1,1], length=91 energy=633}
Best result after 1071240 ms running: LabsResult{bits=[-1,-1,-1,-1,-1,-1,1,1,1,1,-1,-1,-1,-1,-1,-1,-1,1,-1,1,-1,-1,-1,1,-1,1,-1,-1,-1,1,-1,1,1,-1,1,1,1,1,1,-1,1,1,1,-1,-1,-1,-1,1,1,-1,-1,-1,-1,1,-1,1,1,-1,1,-1,1,-1,1,1,-1,-1,-1,1,-1,1,1,-1,-1,1,1,-1,-1,1,1,-1,-1,-1,1,1,-1,-1,-1,1,-1,-1,1], length=91 energy=633}
Best result after 1076244 ms running: LabsResult{bits=[-1,-1,-1,-1,-1,-1,1,1,1,1,-1,-1,-1,-1,-1,-1,-1,1,-1,1,-1,-1,-1,1,-1,1,-1,-1,-1,1,-1,1,1,-1,1,1,1,1,1,-1,1,1,1,-1,-1,-1,-1,1,1,-1,-1,-1,-1,1,-1,1,1,-1,1,-1,1,-1,1,1,-1,-1,-1,1,-1,1,1,-1,-1,1,1,-1,-1,1,1,-1,-1,-1,1,1,-1,-1,-1,1,-1,-1,1], length=91 energy=633}
Best result after 1081247 ms running: LabsResult{bits=[-1,-1,-1,-1,-1,-1,1,1,1,1,-1,-1,-1,-1,-1,-1,-1,1,-1,1,-1,-1,-1,1,-1,1,-1,-1,-1,1,-1,1,1,-1,1,1,1,1,1,-1,1,1,1,-1,-1,-1,-1,1,1,-1,-1,-1,-1,1,-1,1,1,-1,1,-1,1,-1,1,1,-1,-1,-1,1,-1,1,1,-1,-1,1,1,-1,-1,1,1,-1,-1,-1,1,1,-1,-1,-1,1,-1,-1,1], length=91 energy=633}
Best result after 1086249 ms running: LabsResult{bits=[-1,-1,-1,-1,-1,-1,1,1,1,1,-1,-1,-1,-1,-1,-1,-1,1,-1,1,-1,-1,-1,1,-1,1,-1,-1,-1,1,-1,1,1,-1,1,1,1,1,1,-1,1,1,1,-1,-1,-1,-1,1,1,-1,-1,-1,-1,1,-1,1,1,-1,1,-1,1,-1,1,1,-1,-1,-1,1,-1,1,1,-1,-1,1,1,-1,-1,1,1,-1,-1,-1,1,1,-1,-1,-1,1,-1,-1,1], length=91 energy=633}
Best result after 1091252 ms running: LabsResult{bits=[-1,-1,-1,-1,-1,-1,1,1,1,1,-1,-1,-1,-1,-1,-1,-1,1,-1,1,-1,-1,-1,1,-1,1,-1,-1,-1,1,-1,1,1,-1,1,1,1,1,1,-1,1,1,1,-1,-1,-1,-1,1,1,-1,-1,-1,-1,1,-1,1,1,-1,1,-1,1,-1,1,1,-1,-1,-1,1,-1,1,1,-1,-1,1,1,-1,-1,1,1,-1,-1,-1,1,1,-1,-1,-1,1,-1,-1,1], length=91 energy=633}
Best result after 1096256 ms running: LabsResult{bits=[-1,-1,-1,-1,-1,-1,1,1,1,1,-1,-1,-1,-1,-1,-1,-1,1,-1,1,-1,-1,-1,1,-1,1,-1,-1,-1,1,-1,1,1,-1,1,1,1,1,1,-1,1,1,1,-1,-1,-1,-1,1,1,-1,-1,-1,-1,1,-1,1,1,-1,1,-1,1,-1,1,1,-1,-1,-1,1,-1,1,1,-1,-1,1,1,-1,-1,1,1,-1,-1,-1,1,1,-1,-1,-1,1,-1,-1,1], length=91 energy=633}
Best result after 1101259 ms running: LabsResult{bits=[-1,-1,-1,-1,-1,-1,1,1,1,1,-1,-1,-1,-1,-1,-1,-1,1,-1,1,-1,-1,-1,1,-1,1,-1,-1,-1,1,-1,1,1,-1,1,1,1,1,1,-1,1,1,1,-1,-1,-1,-1,1,1,-1,-1,-1,-1,1,-1,1,1,-1,1,-1,1,-1,1,1,-1,-1,-1,1,-1,1,1,-1,-1,1,1,-1,-1,1,1,-1,-1,-1,1,1,-1,-1,-1,1,-1,-1,1], length=91 energy=633}
Best result after 1106262 ms running: LabsResult{bits=[-1,-1,-1,-1,-1,-1,1,1,1,1,-1,-1,-1,-1,-1,-1,-1,1,-1,1,-1,-1,-1,1,-1,1,-1,-1,-1,1,-1,1,1,-1,1,1,1,1,1,-1,1,1,1,-1,-1,-1,-1,1,1,-1,-1,-1,-1,1,-1,1,1,-1,1,-1,1,-1,1,1,-1,-1,-1,1,-1,1,1,-1,-1,1,1,-1,-1,1,1,-1,-1,-1,1,1,-1,-1,-1,1,-1,-1,1], length=91 energy=633}
Best result after 1111264 ms running: LabsResult{bits=[-1,-1,-1,-1,-1,-1,1,1,1,1,-1,-1,-1,-1,-1,-1,-1,1,-1,1,-1,-1,-1,1,-1,1,-1,-1,-1,1,-1,1,1,-1,1,1,1,1,1,-1,1,1,1,-1,-1,-1,-1,1,1,-1,-1,-1,-1,1,-1,1,1,-1,1,-1,1,-1,1,1,-1,-1,-1,1,-1,1,1,-1,-1,1,1,-1,-1,1,1,-1,-1,-1,1,1,-1,-1,-1,1,-1,-1,1], length=91 energy=633}
Best result after 1116267 ms running: LabsResult{bits=[-1,-1,-1,-1,-1,-1,1,1,1,1,-1,-1,-1,-1,-1,-1,-1,1,-1,1,-1,-1,-1,1,-1,1,-1,-1,-1,1,-1,1,1,-1,1,1,1,1,1,-1,1,1,1,-1,-1,-1,-1,1,1,-1,-1,-1,-1,1,-1,1,1,-1,1,-1,1,-1,1,1,-1,-1,-1,1,-1,1,1,-1,-1,1,1,-1,-1,1,1,-1,-1,-1,1,1,-1,-1,-1,1,-1,-1,1], length=91 energy=633}
Best result after 1121270 ms running: LabsResult{bits=[-1,-1,-1,-1,-1,-1,1,1,1,1,-1,-1,-1,-1,-1,-1,-1,1,-1,1,-1,-1,-1,1,-1,1,-1,-1,-1,1,-1,1,1,-1,1,1,1,1,1,-1,1,1,1,-1,-1,-1,-1,1,1,-1,-1,-1,-1,1,-1,1,1,-1,1,-1,1,-1,1,1,-1,-1,-1,1,-1,1,1,-1,-1,1,1,-1,-1,1,1,-1,-1,-1,1,1,-1,-1,-1,1,-1,-1,1], length=91 energy=633}
Best result after 1126272 ms running: LabsResult{bits=[-1,-1,-1,-1,-1,-1,1,1,1,1,-1,-1,-1,-1,-1,-1,-1,1,-1,1,-1,-1,-1,1,-1,1,-1,-1,-1,1,-1,1,1,-1,1,1,1,1,1,-1,1,1,1,-1,-1,-1,-1,1,1,-1,-1,-1,-1,1,-1,1,1,-1,1,-1,1,-1,1,1,-1,-1,-1,1,-1,1,1,-1,-1,1,1,-1,-1,1,1,-1,-1,-1,1,1,-1,-1,-1,1,-1,-1,1], length=91 energy=633}
Best result after 1131275 ms running: LabsResult{bits=[-1,-1,-1,-1,-1,-1,1,1,1,1,-1,-1,-1,-1,-1,-1,-1,1,-1,1,-1,-1,-1,1,-1,1,-1,-1,-1,1,-1,1,1,-1,1,1,1,1,1,-1,1,1,1,-1,-1,-1,-1,1,1,-1,-1,-1,-1,1,-1,1,1,-1,1,-1,1,-1,1,1,-1,-1,-1,1,-1,1,1,-1,-1,1,1,-1,-1,1,1,-1,-1,-1,1,1,-1,-1,-1,1,-1,-1,1], length=91 energy=633}
Best result after 1136278 ms running: LabsResult{bits=[-1,-1,-1,-1,-1,-1,1,1,1,1,-1,-1,-1,-1,-1,-1,-1,1,-1,1,-1,-1,-1,1,-1,1,-1,-1,-1,1,-1,1,1,-1,1,1,1,1,1,-1,1,1,1,-1,-1,-1,-1,1,1,-1,-1,-1,-1,1,-1,1,1,-1,1,-1,1,-1,1,1,-1,-1,-1,1,-1,1,1,-1,-1,1,1,-1,-1,1,1,-1,-1,-1,1,1,-1,-1,-1,1,-1,-1,1], length=91 energy=633}
Best result after 1141285 ms running: LabsResult{bits=[-1,-1,-1,-1,-1,-1,1,1,1,1,-1,-1,-1,-1,-1,-1,-1,1,-1,1,-1,-1,-1,1,-1,1,-1,-1,-1,1,-1,1,1,-1,1,1,1,1,1,-1,1,1,1,-1,-1,-1,-1,1,1,-1,-1,-1,-1,1,-1,1,1,-1,1,-1,1,-1,1,1,-1,-1,-1,1,-1,1,1,-1,-1,1,1,-1,-1,1,1,-1,-1,-1,1,1,-1,-1,-1,1,-1,-1,1], length=91 energy=633}
Best result after 1146288 ms running: LabsResult{bits=[-1,-1,-1,-1,-1,-1,1,1,1,1,-1,-1,-1,-1,-1,-1,-1,1,-1,1,-1,-1,-1,1,-1,1,-1,-1,-1,1,-1,1,1,-1,1,1,1,1,1,-1,1,1,1,-1,-1,-1,-1,1,1,-1,-1,-1,-1,1,-1,1,1,-1,1,-1,1,-1,1,1,-1,-1,-1,1,-1,1,1,-1,-1,1,1,-1,-1,1,1,-1,-1,-1,1,1,-1,-1,-1,1,-1,-1,1], length=91 energy=633}
Best result after 1151290 ms running: LabsResult{bits=[-1,-1,-1,-1,-1,-1,1,1,1,1,-1,-1,-1,-1,-1,-1,-1,1,-1,1,-1,-1,-1,1,-1,1,-1,-1,-1,1,-1,1,1,-1,1,1,1,1,1,-1,1,1,1,-1,-1,-1,-1,1,1,-1,-1,-1,-1,1,-1,1,1,-1,1,-1,1,-1,1,1,-1,-1,-1,1,-1,1,1,-1,-1,1,1,-1,-1,1,1,-1,-1,-1,1,1,-1,-1,-1,1,-1,-1,1], length=91 energy=633}
Best result after 1156298 ms running: LabsResult{bits=[-1,-1,-1,-1,-1,-1,1,1,1,1,-1,-1,-1,-1,-1,-1,-1,1,-1,1,-1,-1,-1,1,-1,1,-1,-1,-1,1,-1,1,1,-1,1,1,1,1,1,-1,1,1,1,-1,-1,-1,-1,1,1,-1,-1,-1,-1,1,-1,1,1,-1,1,-1,1,-1,1,1,-1,-1,-1,1,-1,1,1,-1,-1,1,1,-1,-1,1,1,-1,-1,-1,1,1,-1,-1,-1,1,-1,-1,1], length=91 energy=633}
Best result after 1161302 ms running: LabsResult{bits=[-1,-1,-1,-1,-1,-1,1,1,1,1,-1,-1,-1,-1,-1,-1,-1,1,-1,1,-1,-1,-1,1,-1,1,-1,-1,-1,1,-1,1,1,-1,1,1,1,1,1,-1,1,1,1,-1,-1,-1,-1,1,1,-1,-1,-1,-1,1,-1,1,1,-1,1,-1,1,-1,1,1,-1,-1,-1,1,-1,1,1,-1,-1,1,1,-1,-1,1,1,-1,-1,-1,1,1,-1,-1,-1,1,-1,-1,1], length=91 energy=633}
Best result after 1166303 ms running: LabsResult{bits=[-1,-1,-1,-1,-1,-1,1,1,1,1,-1,-1,-1,-1,-1,-1,-1,1,-1,1,-1,-1,-1,1,-1,1,-1,-1,-1,1,-1,1,1,-1,1,1,1,1,1,-1,1,1,1,-1,-1,-1,-1,1,1,-1,-1,-1,-1,1,-1,1,1,-1,1,-1,1,-1,1,1,-1,-1,-1,1,-1,1,1,-1,-1,1,1,-1,-1,1,1,-1,-1,-1,1,1,-1,-1,-1,1,-1,-1,1], length=91 energy=633}
Best result after 1171304 ms running: LabsResult{bits=[-1,-1,-1,-1,-1,-1,1,1,1,1,-1,-1,-1,-1,-1,-1,-1,1,-1,1,-1,-1,-1,1,-1,1,-1,-1,-1,1,-1,1,1,-1,1,1,1,1,1,-1,1,1,1,-1,-1,-1,-1,1,1,-1,-1,-1,-1,1,-1,1,1,-1,1,-1,1,-1,1,1,-1,-1,-1,1,-1,1,1,-1,-1,1,1,-1,-1,1,1,-1,-1,-1,1,1,-1,-1,-1,1,-1,-1,1], length=91 energy=633}
Best result after 1176305 ms running: LabsResult{bits=[-1,-1,-1,-1,-1,-1,1,1,1,1,-1,-1,-1,-1,-1,-1,-1,1,-1,1,-1,-1,-1,1,-1,1,-1,-1,-1,1,-1,1,1,-1,1,1,1,1,1,-1,1,1,1,-1,-1,-1,-1,1,1,-1,-1,-1,-1,1,-1,1,1,-1,1,-1,1,-1,1,1,-1,-1,-1,1,-1,1,1,-1,-1,1,1,-1,-1,1,1,-1,-1,-1,1,1,-1,-1,-1,1,-1,-1,1], length=91 energy=633}
Best result after 1181305 ms running: LabsResult{bits=[-1,-1,-1,-1,-1,-1,1,1,1,1,-1,-1,-1,-1,-1,-1,-1,1,-1,1,-1,-1,-1,1,-1,1,-1,-1,-1,1,-1,1,1,-1,1,1,1,1,1,-1,1,1,1,-1,-1,-1,-1,1,1,-1,-1,-1,-1,1,-1,1,1,-1,1,-1,1,-1,1,1,-1,-1,-1,1,-1,1,1,-1,-1,1,1,-1,-1,1,1,-1,-1,-1,1,1,-1,-1,-1,1,-1,-1,1], length=91 energy=633}
Best result after 1186306 ms running: LabsResult{bits=[-1,-1,-1,-1,-1,-1,1,1,1,1,-1,-1,-1,-1,-1,-1,-1,1,-1,1,-1,-1,-1,1,-1,1,-1,-1,-1,1,-1,1,1,-1,1,1,1,1,1,-1,1,1,1,-1,-1,-1,-1,1,1,-1,-1,-1,-1,1,-1,1,1,-1,1,-1,1,-1,1,1,-1,-1,-1,1,-1,1,1,-1,-1,1,1,-1,-1,1,1,-1,-1,-1,1,1,-1,-1,-1,1,-1,-1,1], length=91 energy=633}
Best result after 1191309 ms running: LabsResult{bits=[-1,-1,-1,-1,-1,-1,1,1,1,1,-1,-1,-1,-1,-1,-1,-1,1,-1,1,-1,-1,-1,1,-1,1,-1,-1,-1,1,-1,1,1,-1,1,1,1,1,1,-1,1,1,1,-1,-1,-1,-1,1,1,-1,-1,-1,-1,1,-1,1,1,-1,1,-1,1,-1,1,1,-1,-1,-1,1,-1,1,1,-1,-1,1,1,-1,-1,1,1,-1,-1,-1,1,1,-1,-1,-1,1,-1,-1,1], length=91 energy=633}
Best result after 1196311 ms running: LabsResult{bits=[-1,-1,-1,-1,-1,-1,1,1,1,1,-1,-1,-1,-1,-1,-1,-1,1,-1,1,-1,-1,-1,1,-1,1,-1,-1,-1,1,-1,1,1,-1,1,1,1,1,1,-1,1,1,1,-1,-1,-1,-1,1,1,-1,-1,-1,-1,1,-1,1,1,-1,1,-1,1,-1,1,1,-1,-1,-1,1,-1,1,1,-1,-1,1,1,-1,-1,1,1,-1,-1,-1,1,1,-1,-1,-1,1,-1,-1,1], length=91 energy=633}
Best result after 1200001 ms running: LabsResult{bits=[-1,-1,-1,-1,-1,-1,1,1,1,1,-1,-1,-1,-1,-1,-1,-1,1,-1,1,-1,-1,-1,1,-1,1,-1,-1,-1,1,-1,1,1,-1,1,1,1,1,1,-1,1,1,1,-1,-1,-1,-1,1,1,-1,-1,-1,-1,1,-1,1,1,-1,1,-1,1,-1,1,1,-1,-1,-1,1,-1,1,1,-1,-1,1,1,-1,-1,1,1,-1,-1,-1,1,1,-1,-1,-1,1,-1,-1,1], length=91 energy=633}
Best result: LabsResult{bits=[-1,-1,-1,-1,-1,-1,1,1,1,1,-1,-1,-1,-1,-1,-1,-1,1,-1,1,-1,-1,-1,1,-1,1,-1,-1,-1,1,-1,1,1,-1,1,1,1,1,1,-1,1,1,1,-1,-1,-1,-1,1,1,-1,-1,-1,-1,1,-1,1,1,-1,1,-1,1,-1,1,1,-1,-1,-1,1,-1,1,1,-1,-1,1,1,-1,-1,1,1,-1,-1,-1,1,1,-1,-1,-1,1,-1,-1,1], length=91 energy=633}