Best result after 5000 ms running: LabsResult{bits=[1,-1,-1,1,-1,-1,1,1,1,-1,-1,-1,-1,1,1,-1,-1,1,-1,1,-1,1,-1,-1,1,1,-1,-1,1,-1,1,-1,1,1,1,-1,-1,1,-1,-1,1,-1,1,-1,-1,-1,-1,-1,-1,-1,-1,-1,1,-1,1,1,1,1,-1,-1], length=60 energy=310}
Best result after 10029 ms running: LabsResult{bits=[-1,1,-1,1,1,1,1,-1,1,-1,1,1,-1,1,-1,-1,-1,1,-1,1,-1,-1,-1,1,-1,1,1,-1,-1,1,1,1,-1,-1,1,1,1,-1,-1,1,1,-1,1,1,1,1,1,1,-1,-1,1,-1,-1,1,1,1,1,1,1,-1], length=60 energy=262}
Best result after 15030 ms running: LabsResult{bits=[-1,1,-1,1,1,1,1,-1,1,-1,1,1,-1,1,-1,-1,-1,1,-1,1,-1,-1,-1,1,-1,1,1,-1,-1,1,1,1,-1,-1,1,1,1,-1,-1,1,1,-1,1,1,1,1,1,1,-1,-1,1,-1,-1,1,1,1,1,1,1,-1], length=60 energy=262}
Best result after 20032 ms running: LabsResult{bits=[-1,1,-1,1,1,1,1,-1,1,-1,1,1,-1,1,-1,-1,-1,1,-1,1,-1,-1,-1,1,-1,1,1,-1,-1,1,1,1,-1,-1,1,1,1,-1,-1,1,1,-1,1,1,1,1,1,1,-1,-1,1,-1,-1,1,1,1,1,1,1,-1], length=60 energy=262}
Best result after 25035 ms running: LabsResult{bits=[-1,1,-1,1,1,1,1,-1,1,-1,1,1,-1,1,-1,-1,-1,1,-1,1,-1,-1,-1,1,-1,1,1,-1,-1,1,1,1,-1,-1,1,1,1,-1,-1,1,1,-1,1,1,1,1,1,1,-1,-1,1,-1,-1,1,1,1,1,1,1,-1], length=60 energy=262}
Best result after 30043 ms running: LabsResult{bits=[1,-1,-1,-1,1,1,1,-1,-1,-1,1,-1,-1,-1,1,-1,1,-1,-1,-1,1,-1,1,1,-1,-1,-1,-1,-1,1,-1,1,1,1,1,1,1,1,-1,-1,1,-1,-1,1,1,-1,-1,-1,1,-1,-1,1,-1,1,-1,1,1,-1,1,-1], length=60 energy=230}
Best result after 35044 ms running: LabsResult{bits=[1,-1,-1,-1,1,1,1,-1,-1,-1,1,-1,-1,-1,1,-1,1,-1,-1,-1,1,-1,1,1,-1,-1,-1,-1,-1,1,-1,1,1,1,1,1,1,1,-1,-1,1,-1,-1,1,1,-1,-1,-1,1,-1,-1,1,-1,1,-1,1,1,-1,1,-1], length=60 energy=230}
Best result after 40047 ms running: LabsResult{bits=[1,-1,-1,-1,1,1,1,-1,-1,-1,1,-1,-1,-1,1,-1,1,-1,-1,-1,1,-1,1,1,-1,-1,-1,-1,-1,1,-1,1,1,1,1,1,1,1,-1,-1,1,-1,-1,1,1,-1,-1,-1,1,-1,-1,1,-1,1,-1,1,1,-1,1,-1], length=60 energy=230}
Best result after 45050 ms running: LabsResult{bits=[1,-1,-1,-1,1,1,1,-1,-1,-1,1,-1,-1,-1,1,-1,1,-1,-1,-1,1,-1,1,1,-1,-1,-1,-1,-1,1,-1,1,1,1,1,1,1,1,-1,-1,1,-1,-1,1,1,-1,-1,-1,1,-1,-1,1,-1,1,-1,1,1,-1,1,-1], length=60 energy=230}
Best result after 50054 ms running: LabsResult{bits=[1,-1,-1,-1,1,1,1,-1,-1,-1,1,-1,-1,-1,1,-1,1,-1,-1,-1,1,-1,1,1,-1,-1,-1,-1,-1,1,-1,1,1,1,1,1,1,1,-1,-1,1,-1,-1,1,1,-1,-1,-1,1,-1,-1,1,-1,1,-1,1,1,-1,1,-1], length=60 energy=230}
Best result after 55055 ms running: LabsResult{bits=[1,-1,-1,-1,1,1,1,-1,-1,-1,1,-1,-1,-1,1,-1,1,-1,-1,-1,1,-1,1,1,-1,-1,-1,-1,-1,1,-1,1,1,1,1,1,1,1,-1,-1,1,-1,-1,1,1,-1,-1,-1,1,-1,-1,1,-1,1,-1,1,1,-1,1,-1], length=60 energy=230}
Best result after 60057 ms running: LabsResult{bits=[1,-1,-1,-1,1,1,1,-1,-1,-1,1,-1,-1,-1,1,-1,1,-1,-1,-1,1,-1,1,1,-1,-1,-1,-1,-1,1,-1,1,1,1,1,1,1,1,-1,-1,1,-1,-1,1,1,-1,-1,-1,1,-1,-1,1,-1,1,-1,1,1,-1,1,-1], length=60 energy=230}
Best result after 65058 ms running: LabsResult{bits=[1,-1,-1,-1,1,1,1,-1,-1,-1,1,-1,-1,-1,1,-1,1,-1,-1,-1,1,-1,1,1,-1,-1,-1,-1,-1,1,-1,1,1,1,1,1,1,1,-1,-1,1,-1,-1,1,1,-1,-1,-1,1,-1,-1,1,-1,1,-1,1,1,-1,1,-1], length=60 energy=230}
Best result after 70060 ms running: LabsResult{bits=[1,-1,-1,-1,1,1,1,-1,-1,-1,1,-1,-1,-1,1,-1,1,-1,-1,-1,1,-1,1,1,-1,-1,-1,-1,-1,1,-1,1,1,1,1,1,1,1,-1,-1,1,-1,-1,1,1,-1,-1,-1,1,-1,-1,1,-1,1,-1,1,1,-1,1,-1], length=60 energy=230}
Best result after 75062 ms running: LabsResult{bits=[1,-1,-1,-1,1,1,1,-1,-1,-1,1,-1,-1,-1,1,-1,1,-1,-1,-1,1,-1,1,1,-1,-1,-1,-1,-1,1,-1,1,1,1,1,1,1,1,-1,-1,1,-1,-1,1,1,-1,-1,-1,1,-1,-1,1,-1,1,-1,1,1,-1,1,-1], length=60 energy=230}
Best result after 80064 ms running: LabsResult{bits=[1,-1,-1,-1,1,1,1,-1,-1,-1,1,-1,-1,-1,1,-1,1,-1,-1,-1,1,-1,1,1,-1,-1,-1,-1,-1,1,-1,1,1,1,1,1,1,1,-1,-1,1,-1,-1,1,1,-1,-1,-1,1,-1,-1,1,-1,1,-1,1,1,-1,1,-1], length=60 energy=230}
Best result after 85067 ms running: LabsResult{bits=[1,-1,-1,-1,1,1,1,-1,-1,-1,1,-1,-1,-1,1,-1,1,-1,-1,-1,1,-1,1,1,-1,-1,-1,-1,-1,1,-1,1,1,1,1,1,1,1,-1,-1,1,-1,-1,1,1,-1,-1,-1,1,-1,-1,1,-1,1,-1,1,1,-1,1,-1], length=60 energy=230}
Best result after 90070 ms running: LabsResult{bits=[1,-1,-1,-1,1,1,1,-1,-1,-1,1,-1,-1,-1,1,-1,1,-1,-1,-1,1,-1,1,1,-1,-1,-1,-1,-1,1,-1,1,1,1,1,1,1,1,-1,-1,1,-1,-1,1,1,-1,-1,-1,1,-1,-1,1,-1,1,-1,1,1,-1,1,-1], length=60 energy=230}
Best result after 95071 ms running: LabsResult{bits=[1,-1,-1,-1,1,1,1,-1,-1,-1,1,-1,-1,-1,1,-1,1,-1,-1,-1,1,-1,1,1,-1,-1,-1,-1,-1,1,-1,1,1,1,1,1,1,1,-1,-1,1,-1,-1,1,1,-1,-1,-1,1,-1,-1,1,-1,1,-1,1,1,-1,1,-1], length=60 energy=230}
Best result after 100073 ms running: LabsResult{bits=[1,-1,-1,-1,1,1,1,-1,-1,-1,1,-1,-1,-1,1,-1,1,-1,-1,-1,1,-1,1,1,-1,-1,-1,-1,-1,1,-1,1,1,1,1,1,1,1,-1,-1,1,-1,-1,1,1,-1,-1,-1,1,-1,-1,1,-1,1,-1,1,1,-1,1,-1], length=60 energy=230}
Best result after 105074 ms running: LabsResult{bits=[1,-1,-1,-1,1,1,1,-1,-1,-1,1,-1,-1,-1,1,-1,1,-1,-1,-1,1,-1,1,1,-1,-1,-1,-1,-1,1,-1,1,1,1,1,1,1,1,-1,-1,1,-1,-1,1,1,-1,-1,-1,1,-1,-1,1,-1,1,-1,1,1,-1,1,-1], length=60 energy=230}
Best result after 110076 ms running: LabsResult{bits=[1,-1,-1,-1,1,1,1,-1,-1,-1,1,-1,-1,-1,1,-1,1,-1,-1,-1,1,-1,1,1,-1,-1,-1,-1,-1,1,-1,1,1,1,1,1,1,1,-1,-1,1,-1,-1,1,1,-1,-1,-1,1,-1,-1,1,-1,1,-1,1,1,-1,1,-1], length=60 energy=230}
Best result after 115078 ms running: LabsResult{bits=[1,-1,-1,-1,1,1,1,-1,-1,-1,1,-1,-1,-1,1,-1,1,-1,-1,-1,1,-1,1,1,-1,-1,-1,-1,-1,1,-1,1,1,1,1,1,1,1,-1,-1,1,-1,-1,1,1,-1,-1,-1,1,-1,-1,1,-1,1,-1,1,1,-1,1,-1], length=60 energy=230}
Best result after 120079 ms running: LabsResult{bits=[1,-1,-1,-1,1,1,1,-1,-1,-1,1,-1,-1,-1,1,-1,1,-1,-1,-1,1,-1,1,1,-1,-1,-1,-1,-1,1,-1,1,1,1,1,1,1,1,-1,-1,1,-1,-1,1,1,-1,-1,-1,1,-1,-1,1,-1,1,-1,1,1,-1,1,-1], length=60 energy=230}
Best result after 125085 ms running: LabsResult{bits=[1,-1,-1,-1,1,1,1,-1,-1,-1,1,-1,-1,-1,1,-1,1,-1,-1,-1,1,-1,1,1,-1,-1,-1,-1,-1,1,-1,1,1,1,1,1,1,1,-1,-1,1,-1,-1,1,1,-1,-1,-1,1,-1,-1,1,-1,1,-1,1,1,-1,1,-1], length=60 energy=230}
Best result after 130087 ms running: LabsResult{bits=[1,-1,-1,-1,1,1,1,-1,-1,-1,1,-1,-1,-1,1,-1,1,-1,-1,-1,1,-1,1,1,-1,-1,-1,-1,-1,1,-1,1,1,1,1,1,1,1,-1,-1,1,-1,-1,1,1,-1,-1,-1,1,-1,-1,1,-1,1,-1,1,1,-1,1,-1], length=60 energy=230}
Best result after 135088 ms running: LabsResult{bits=[1,-1,-1,-1,1,1,1,-1,-1,-1,1,-1,-1,-1,1,-1,1,-1,-1,-1,1,-1,1,1,-1,-1,-1,-1,-1,1,-1,1,1,1,1,1,1,1,-1,-1,1,-1,-1,1,1,-1,-1,-1,1,-1,-1,1,-1,1,-1,1,1,-1,1,-1], length=60 energy=230}
Best result after 140091 ms running: LabsResult{bits=[1,-1,-1,-1,1,1,1,-1,-1,-1,1,-1,-1,-1,1,-1,1,-1,-1,-1,1,-1,1,1,-1,-1,-1,-1,-1,1,-1,1,1,1,1,1,1,1,-1,-1,1,-1,-1,1,1,-1,-1,-1,1,-1,-1,1,-1,1,-1,1,1,-1,1,-1], length=60 energy=230}
Best result after 145093 ms running: LabsResult{bits=[1,-1,-1,-1,1,1,1,-1,-1,-1,1,-1,-1,-1,1,-1,1,-1,-1,-1,1,-1,1,1,-1,-1,-1,-1,-1,1,-1,1,1,1,1,1,1,1,-1,-1,1,-1,-1,1,1,-1,-1,-1,1,-1,-1,1,-1,1,-1,1,1,-1,1,-1], length=60 energy=230}
Best result after 150094 ms running: LabsResult{bits=[1,-1,-1,-1,1,1,1,-1,-1,-1,1,-1,-1,-1,1,-1,1,-1,-1,-1,1,-1,1,1,-1,-1,-1,-1,-1,1,-1,1,1,1,1,1,1,1,-1,-1,1,-1,-1,1,1,-1,-1,-1,1,-1,-1,1,-1,1,-1,1,1,-1,1,-1], length=60 energy=230}
Best result after 155097 ms running: LabsResult{bits=[1,-1,-1,-1,1,1,1,-1,-1,-1,1,-1,-1,-1,1,-1,1,-1,-1,-1,1,-1,1,1,-1,-1,-1,-1,-1,1,-1,1,1,1,1,1,1,1,-1,-1,1,-1,-1,1,1,-1,-1,-1,1,-1,-1,1,-1,1,-1,1,1,-1,1,-1], length=60 energy=230}
Best result after 160098 ms running: LabsResult{bits=[1,-1,-1,-1,1,1,1,-1,-1,-1,1,-1,-1,-1,1,-1,1,-1,-1,-1,1,-1,1,1,-1,-1,-1,-1,-1,1,-1,1,1,1,1,1,1,1,-1,-1,1,-1,-1,1,1,-1,-1,-1,1,-1,-1,1,-1,1,-1,1,1,-1,1,-1], length=60 energy=230}
Best result after 165100 ms running: LabsResult{bits=[1,-1,-1,-1,1,1,1,-1,-1,-1,1,-1,-1,-1,1,-1,1,-1,-1,-1,1,-1,1,1,-1,-1,-1,-1,-1,1,-1,1,1,1,1,1,1,1,-1,-1,1,-1,-1,1,1,-1,-1,-1,1,-1,-1,1,-1,1,-1,1,1,-1,1,-1], length=60 energy=230}
Best result after 170103 ms running: LabsResult{bits=[1,-1,-1,-1,1,1,1,-1,-1,-1,1,-1,-1,-1,1,-1,1,-1,-1,-1,1,-1,1,1,-1,-1,-1,-1,-1,1,-1,1,1,1,1,1,1,1,-1,-1,1,-1,-1,1,1,-1,-1,-1,1,-1,-1,1,-1,1,-1,1,1,-1,1,-1], length=60 energy=230}
Best result after 175104 ms running: LabsResult{bits=[1,-1,-1,-1,1,1,1,-1,-1,-1,1,-1,-1,-1,1,-1,1,-1,-1,-1,1,-1,1,1,-1,-1,-1,-1,-1,1,-1,1,1,1,1,1,1,1,-1,-1,1,-1,-1,1,1,-1,-1,-1,1,-1,-1,1,-1,1,-1,1,1,-1,1,-1], length=60 energy=230}
Best result after 180106 ms running: LabsResult{bits=[1,-1,-1,-1,1,1,1,-1,-1,-1,1,-1,-1,-1,1,-1,1,-1,-1,-1,1,-1,1,1,-1,-1,-1,-1,-1,1,-1,1,1,1,1,1,1,1,-1,-1,1,-1,-1,1,1,-1,-1,-1,1,-1,-1,1,-1,1,-1,1,1,-1,1,-1], length=60 energy=230}
Best result after 185107 ms running: LabsResult{bits=[1,-1,-1,-1,1,1,1,-1,-1,-1,1,-1,-1,-1,1,-1,1,-1,-1,-1,1,-1,1,1,-1,-1,-1,-1,-1,1,-1,1,1,1,1,1,1,1,-1,-1,1,-1,-1,1,1,-1,-1,-1,1,-1,-1,1,-1,1,-1,1,1,-1,1,-1], length=60 energy=230}
Best result after 190110 ms running: LabsResult{bits=[1,-1,-1,-1,1,1,1,-1,-1,-1,1,-1,-1,-1,1,-1,1,-1,-1,-1,1,-1,1,1,-1,-1,-1,-1,-1,1,-1,1,1,1,1,1,1,1,-1,-1,1,-1,-1,1,1,-1,-1,-1,1,-1,-1,1,-1,1,-1,1,1,-1,1,-1], length=60 energy=230}
Best result after 195112 ms running: LabsResult{bits=[1,-1,-1,-1,1,1,1,-1,-1,-1,1,-1,-1,-1,1,-1,1,-1,-1,-1,1,-1,1,1,-1,-1,-1,-1,-1,1,-1,1,1,1,1,1,1,1,-1,-1,1,-1,-1,1,1,-1,-1,-1,1,-1,-1,1,-1,1,-1,1,1,-1,1,-1], length=60 energy=230}
Best result after 200119 ms running: LabsResult{bits=[1,-1,-1,-1,1,1,1,-1,-1,-1,1,-1,-1,-1,1,-1,1,-1,-1,-1,1,-1,1,1,-1,-1,-1,-1,-1,1,-1,1,1,1,1,1,1,1,-1,-1,1,-1,-1,1,1,-1,-1,-1,1,-1,-1,1,-1,1,-1,1,1,-1,1,-1], length=60 energy=230}
Best result after 205121 ms running: LabsResult{bits=[1,-1,-1,-1,1,1,1,-1,-1,-1,1,-1,-1,-1,1,-1,1,-1,-1,-1,1,-1,1,1,-1,-1,-1,-1,-1,1,-1,1,1,1,1,1,1,1,-1,-1,1,-1,-1,1,1,-1,-1,-1,1,-1,-1,1,-1,1,-1,1,1,-1,1,-1], length=60 energy=230}
Best result after 210123 ms running: LabsResult{bits=[1,-1,-1,-1,1,1,1,-1,-1,-1,1,-1,-1,-1,1,-1,1,-1,-1,-1,1,-1,1,1,-1,-1,-1,-1,-1,1,-1,1,1,1,1,1,1,1,-1,-1,1,-1,-1,1,1,-1,-1,-1,1,-1,-1,1,-1,1,-1,1,1,-1,1,-1], length=60 energy=230}
Best result after 215126 ms running: LabsResult{bits=[1,-1,-1,-1,1,1,1,-1,-1,-1,1,-1,-1,-1,1,-1,1,-1,-1,-1,1,-1,1,1,-1,-1,-1,-1,-1,1,-1,1,1,1,1,1,1,1,-1,-1,1,-1,-1,1,1,-1,-1,-1,1,-1,-1,1,-1,1,-1,1,1,-1,1,-1], length=60 energy=230}
Best result after 220129 ms running: LabsResult{bits=[1,-1,-1,-1,1,1,1,-1,-1,-1,1,-1,-1,-1,1,-1,1,-1,-1,-1,1,-1,1,1,-1,-1,-1,-1,-1,1,-1,1,1,1,1,1,1,1,-1,-1,1,-1,-1,1,1,-1,-1,-1,1,-1,-1,1,-1,1,-1,1,1,-1,1,-1], length=60 energy=230}
Best result after 225130 ms running: LabsResult{bits=[1,-1,-1,-1,1,1,1,-1,-1,-1,1,-1,-1,-1,1,-1,1,-1,-1,-1,1,-1,1,1,-1,-1,-1,-1,-1,1,-1,1,1,1,1,1,1,1,-1,-1,1,-1,-1,1,1,-1,-1,-1,1,-1,-1,1,-1,1,-1,1,1,-1,1,-1], length=60 energy=230}
Best result after 230132 ms running: LabsResult{bits=[1,-1,-1,-1,1,1,1,-1,-1,-1,1,-1,-1,-1,1,-1,1,-1,-1,-1,1,-1,1,1,-1,-1,-1,-1,-1,1,-1,1,1,1,1,1,1,1,-1,-1,1,-1,-1,1,1,-1,-1,-1,1,-1,-1,1,-1,1,-1,1,1,-1,1,-1], length=60 energy=230}
Best result after 235134 ms running: LabsResult{bits=[1,-1,-1,-1,1,1,1,-1,-1,-1,1,-1,-1,-1,1,-1,1,-1,-1,-1,1,-1,1,1,-1,-1,-1,-1,-1,1,-1,1,1,1,1,1,1,1,-1,-1,1,-1,-1,1,1,-1,-1,-1,1,-1,-1,1,-1,1,-1,1,1,-1,1,-1], length=60 energy=230}
Best result after 240137 ms running: LabsResult{bits=[1,-1,-1,-1,1,1,1,-1,-1,-1,1,-1,-1,-1,1,-1,1,-1,-1,-1,1,-1,1,1,-1,-1,-1,-1,-1,1,-1,1,1,1,1,1,1,1,-1,-1,1,-1,-1,1,1,-1,-1,-1,1,-1,-1,1,-1,1,-1,1,1,-1,1,-1], length=60 energy=230}
Best result after 245138 ms running: LabsResult{bits=[1,-1,-1,-1,1,1,1,-1,-1,-1,1,-1,-1,-1,1,-1,1,-1,-1,-1,1,-1,1,1,-1,-1,-1,-1,-1,1,-1,1,1,1,1,1,1,1,-1,-1,1,-1,-1,1,1,-1,-1,-1,1,-1,-1,1,-1,1,-1,1,1,-1,1,-1], length=60 energy=230}
Best result after 250140 ms running: LabsResult{bits=[1,-1,-1,-1,1,1,1,-1,-1,-1,1,-1,-1,-1,1,-1,1,-1,-1,-1,1,-1,1,1,-1,-1,-1,-1,-1,1,-1,1,1,1,1,1,1,1,-1,-1,1,-1,-1,1,1,-1,-1,-1,1,-1,-1,1,-1,1,-1,1,1,-1,1,-1], length=60 energy=230}
Best result after 255142 ms running: LabsResult{bits=[1,-1,-1,-1,1,1,1,-1,-1,-1,1,-1,-1,-1,1,-1,1,-1,-1,-1,1,-1,1,1,-1,-1,-1,-1,-1,1,-1,1,1,1,1,1,1,1,-1,-1,1,-1,-1,1,1,-1,-1,-1,1,-1,-1,1,-1,1,-1,1,1,-1,1,-1], length=60 energy=230}
Best result after 260146 ms running: LabsResult{bits=[1,-1,-1,-1,1,1,1,-1,-1,-1,1,-1,-1,-1,1,-1,1,-1,-1,-1,1,-1,1,1,-1,-1,-1,-1,-1,1,-1,1,1,1,1,1,1,1,-1,-1,1,-1,-1,1,1,-1,-1,-1,1,-1,-1,1,-1,1,-1,1,1,-1,1,-1], length=60 energy=230}
Best result after 265152 ms running: LabsResult{bits=[1,-1,-1,-1,1,1,1,-1,-1,-1,1,-1,-1,-1,1,-1,1,-1,-1,-1,1,-1,1,1,-1,-1,-1,-1,-1,1,-1,1,1,1,1,1,1,1,-1,-1,1,-1,-1,1,1,-1,-1,-1,1,-1,-1,1,-1,1,-1,1,1,-1,1,-1], length=60 energy=230}
Best result after 270154 ms running: LabsResult{bits=[1,-1,-1,-1,1,1,1,-1,-1,-1,1,-1,-1,-1,1,-1,1,-1,-1,-1,1,-1,1,1,-1,-1,-1,-1,-1,1,-1,1,1,1,1,1,1,1,-1,-1,1,-1,-1,1,1,-1,-1,-1,1,-1,-1,1,-1,1,-1,1,1,-1,1,-1], length=60 energy=230}
Best result after 275156 ms running: LabsResult{bits=[1,-1,-1,-1,1,1,1,-1,-1,-1,1,-1,-1,-1,1,-1,1,-1,-1,-1,1,-1,1,1,-1,-1,-1,-1,-1,1,-1,1,1,1,1,1,1,1,-1,-1,1,-1,-1,1,1,-1,-1,-1,1,-1,-1,1,-1,1,-1,1,1,-1,1,-1], length=60 energy=230}
Best result after 280157 ms running: LabsResult{bits=[1,-1,-1,-1,1,1,1,-1,-1,-1,1,-1,-1,-1,1,-1,1,-1,-1,-1,1,-1,1,1,-1,-1,-1,-1,-1,1,-1,1,1,1,1,1,1,1,-1,-1,1,-1,-1,1,1,-1,-1,-1,1,-1,-1,1,-1,1,-1,1,1,-1,1,-1], length=60 energy=230}
Best result after 285163 ms running: LabsResult{bits=[1,-1,-1,-1,1,1,1,-1,-1,-1,1,-1,-1,-1,1,-1,1,-1,-1,-1,1,-1,1,1,-1,-1,-1,-1,-1,1,-1,1,1,1,1,1,1,1,-1,-1,1,-1,-1,1,1,-1,-1,-1,1,-1,-1,1,-1,1,-1,1,1,-1,1,-1], length=60 energy=230}
Best result after 290165 ms running: LabsResult{bits=[1,-1,-1,-1,1,1,1,-1,-1,-1,1,-1,-1,-1,1,-1,1,-1,-1,-1,1,-1,1,1,-1,-1,-1,-1,-1,1,-1,1,1,1,1,1,1,1,-1,-1,1,-1,-1,1,1,-1,-1,-1,1,-1,-1,1,-1,1,-1,1,1,-1,1,-1], length=60 energy=230}
Best result after 295166 ms running: LabsResult{bits=[1,-1,-1,-1,1,1,1,-1,-1,-1,1,-1,-1,-1,1,-1,1,-1,-1,-1,1,-1,1,1,-1,-1,-1,-1,-1,1,-1,1,1,1,1,1,1,1,-1,-1,1,-1,-1,1,1,-1,-1,-1,1,-1,-1,1,-1,1,-1,1,1,-1,1,-1], length=60 energy=230}
Best result after 300168 ms running: LabsResult{bits=[1,-1,-1,-1,1,1,1,-1,-1,-1,1,-1,-1,-1,1,-1,1,-1,-1,-1,1,-1,1,1,-1,-1,-1,-1,-1,1,-1,1,1,1,1,1,1,1,-1,-1,1,-1,-1,1,1,-1,-1,-1,1,-1,-1,1,-1,1,-1,1,1,-1,1,-1], length=60 energy=230}
Best result after 305170 ms running: LabsResult{bits=[1,-1,-1,-1,1,1,1,-1,-1,-1,1,-1,-1,-1,1,-1,1,-1,-1,-1,1,-1,1,1,-1,-1,-1,-1,-1,1,-1,1,1,1,1,1,1,1,-1,-1,1,-1,-1,1,1,-1,-1,-1,1,-1,-1,1,-1,1,-1,1,1,-1,1,-1], length=60 energy=230}
Best result after 310172 ms running: LabsResult{bits=[1,-1,-1,-1,1,1,1,-1,-1,-1,1,-1,-1,-1,1,-1,1,-1,-1,-1,1,-1,1,1,-1,-1,-1,-1,-1,1,-1,1,1,1,1,1,1,1,-1,-1,1,-1,-1,1,1,-1,-1,-1,1,-1,-1,1,-1,1,-1,1,1,-1,1,-1], length=60 energy=230}
Best result after 315175 ms running: LabsResult{bits=[1,-1,-1,-1,1,1,1,-1,-1,-1,1,-1,-1,-1,1,-1,1,-1,-1,-1,1,-1,1,1,-1,-1,-1,-1,-1,1,-1,1,1,1,1,1,1,1,-1,-1,1,-1,-1,1,1,-1,-1,-1,1,-1,-1,1,-1,1,-1,1,1,-1,1,-1], length=60 energy=230}
Best result after 320178 ms running: LabsResult{bits=[1,-1,-1,-1,1,1,1,-1,-1,-1,1,-1,-1,-1,1,-1,1,-1,-1,-1,1,-1,1,1,-1,-1,-1,-1,-1,1,-1,1,1,1,1,1,1,1,-1,-1,1,-1,-1,1,1,-1,-1,-1,1,-1,-1,1,-1,1,-1,1,1,-1,1,-1], length=60 energy=230}
Best result after 325179 ms running: LabsResult{bits=[1,-1,-1,-1,1,1,1,-1,-1,-1,1,-1,-1,-1,1,-1,1,-1,-1,-1,1,-1,1,1,-1,-1,-1,-1,-1,1,-1,1,1,1,1,1,1,1,-1,-1,1,-1,-1,1,1,-1,-1,-1,1,-1,-1,1,-1,1,-1,1,1,-1,1,-1], length=60 energy=230}
Best result after 330181 ms running: LabsResult{bits=[1,-1,-1,-1,1,1,1,-1,-1,-1,1,-1,-1,-1,1,-1,1,-1,-1,-1,1,-1,1,1,-1,-1,-1,-1,-1,1,-1,1,1,1,1,1,1,1,-1,-1,1,-1,-1,1,1,-1,-1,-1,1,-1,-1,1,-1,1,-1,1,1,-1,1,-1], length=60 energy=230}
Best result after 335182 ms running: LabsResult{bits=[1,-1,-1,-1,1,1,1,-1,-1,-1,1,-1,-1,-1,1,-1,1,-1,-1,-1,1,-1,1,1,-1,-1,-1,-1,-1,1,-1,1,1,1,1,1,1,1,-1,-1,1,-1,-1,1,1,-1,-1,-1,1,-1,-1,1,-1,1,-1,1,1,-1,1,-1], length=60 energy=230}
Best result after 340185 ms running: LabsResult{bits=[1,-1,-1,-1,1,1,1,-1,-1,-1,1,-1,-1,-1,1,-1,1,-1,-1,-1,1,-1,1,1,-1,-1,-1,-1,-1,1,-1,1,1,1,1,1,1,1,-1,-1,1,-1,-1,1,1,-1,-1,-1,1,-1,-1,1,-1,1,-1,1,1,-1,1,-1], length=60 energy=230}
Best result after 345187 ms running: LabsResult{bits=[1,-1,-1,-1,1,1,1,-1,-1,-1,1,-1,-1,-1,1,-1,1,-1,-1,-1,1,-1,1,1,-1,-1,-1,-1,-1,1,-1,1,1,1,1,1,1,1,-1,-1,1,-1,-1,1,1,-1,-1,-1,1,-1,-1,1,-1,1,-1,1,1,-1,1,-1], length=60 energy=230}
Best result after 350188 ms running: LabsResult{bits=[1,-1,-1,-1,1,1,1,-1,-1,-1,1,-1,-1,-1,1,-1,1,-1,-1,-1,1,-1,1,1,-1,-1,-1,-1,-1,1,-1,1,1,1,1,1,1,1,-1,-1,1,-1,-1,1,1,-1,-1,-1,1,-1,-1,1,-1,1,-1,1,1,-1,1,-1], length=60 energy=230}
Best result after 355190 ms running: LabsResult{bits=[1,-1,-1,-1,1,1,1,-1,-1,-1,1,-1,-1,-1,1,-1,1,-1,-1,-1,1,-1,1,1,-1,-1,-1,-1,-1,1,-1,1,1,1,1,1,1,1,-1,-1,1,-1,-1,1,1,-1,-1,-1,1,-1,-1,1,-1,1,-1,1,1,-1,1,-1], length=60 energy=230}
Best result after 360192 ms running: LabsResult{bits=[1,-1,-1,-1,1,1,1,-1,-1,-1,1,-1,-1,-1,1,-1,1,-1,-1,-1,1,-1,1,1,-1,-1,-1,-1,-1,1,-1,1,1,1,1,1,1,1,-1,-1,1,-1,-1,1,1,-1,-1,-1,1,-1,-1,1,-1,1,-1,1,1,-1,1,-1], length=60 energy=230}
Best result after 365193 ms running: LabsResult{bits=[1,-1,-1,-1,1,1,1,-1,-1,-1,1,-1,-1,-1,1,-1,1,-1,-1,-1,1,-1,1,1,-1,-1,-1,-1,-1,1,-1,1,1,1,1,1,1,1,-1,-1,1,-1,-1,1,1,-1,-1,-1,1,-1,-1,1,-1,1,-1,1,1,-1,1,-1], length=60 energy=230}
Best result after 370195 ms running: LabsResult{bits=[1,-1,-1,-1,1,1,1,-1,-1,-1,1,-1,-1,-1,1,-1,1,-1,-1,-1,1,-1,1,1,-1,-1,-1,-1,-1,1,-1,1,1,1,1,1,1,1,-1,-1,1,-1,-1,1,1,-1,-1,-1,1,-1,-1,1,-1,1,-1,1,1,-1,1,-1], length=60 energy=230}
Best result after 375197 ms running: LabsResult{bits=[1,-1,-1,-1,1,1,1,-1,-1,-1,1,-1,-1,-1,1,-1,1,-1,-1,-1,1,-1,1,1,-1,-1,-1,-1,-1,1,-1,1,1,1,1,1,1,1,-1,-1,1,-1,-1,1,1,-1,-1,-1,1,-1,-1,1,-1,1,-1,1,1,-1,1,-1], length=60 energy=230}
Best result after 380198 ms running: LabsResult{bits=[1,-1,-1,-1,1,1,1,-1,-1,-1,1,-1,-1,-1,1,-1,1,-1,-1,-1,1,-1,1,1,-1,-1,-1,-1,-1,1,-1,1,1,1,1,1,1,1,-1,-1,1,-1,-1,1,1,-1,-1,-1,1,-1,-1,1,-1,1,-1,1,1,-1,1,-1], length=60 energy=230}
Best result after 385200 ms running: LabsResult{bits=[1,-1,-1,-1,1,1,1,-1,-1,-1,1,-1,-1,-1,1,-1,1,-1,-1,-1,1,-1,1,1,-1,-1,-1,-1,-1,1,-1,1,1,1,1,1,1,1,-1,-1,1,-1,-1,1,1,-1,-1,-1,1,-1,-1,1,-1,1,-1,1,1,-1,1,-1], length=60 energy=230}
Best result after 390201 ms running: LabsResult{bits=[1,-1,-1,-1,1,1,1,-1,-1,-1,1,-1,-1,-1,1,-1,1,-1,-1,-1,1,-1,1,1,-1,-1,-1,-1,-1,1,-1,1,1,1,1,1,1,1,-1,-1,1,-1,-1,1,1,-1,-1,-1,1,-1,-1,1,-1,1,-1,1,1,-1,1,-1], length=60 energy=230}
Best result after 395203 ms running: LabsResult{bits=[1,-1,-1,-1,1,1,1,-1,-1,-1,1,-1,-1,-1,1,-1,1,-1,-1,-1,1,-1,1,1,-1,-1,-1,-1,-1,1,-1,1,1,1,1,1,1,1,-1,-1,1,-1,-1,1,1,-1,-1,-1,1,-1,-1,1,-1,1,-1,1,1,-1,1,-1], length=60 energy=230}
Best result after 400209 ms running: LabsResult{bits=[1,-1,-1,-1,1,1,1,-1,-1,-1,1,-1,-1,-1,1,-1,1,-1,-1,-1,1,-1,1,1,-1,-1,-1,-1,-1,1,-1,1,1,1,1,1,1,1,-1,-1,1,-1,-1,1,1,-1,-1,-1,1,-1,-1,1,-1,1,-1,1,1,-1,1,-1], length=60 energy=230}
Best result after 405210 ms running: LabsResult{bits=[1,-1,-1,-1,1,1,1,-1,-1,-1,1,-1,-1,-1,1,-1,1,-1,-1,-1,1,-1,1,1,-1,-1,-1,-1,-1,1,-1,1,1,1,1,1,1,1,-1,-1,1,-1,-1,1,1,-1,-1,-1,1,-1,-1,1,-1,1,-1,1,1,-1,1,-1], length=60 energy=230}
Best result after 410213 ms running: LabsResult{bits=[1,-1,-1,-1,1,1,1,-1,-1,-1,1,-1,-1,-1,1,-1,1,-1,-1,-1,1,-1,1,1,-1,-1,-1,-1,-1,1,-1,1,1,1,1,1,1,1,-1,-1,1,-1,-1,1,1,-1,-1,-1,1,-1,-1,1,-1,1,-1,1,1,-1,1,-1], length=60 energy=230}
Best result after 415215 ms running: LabsResult{bits=[1,-1,-1,-1,1,1,1,-1,-1,-1,1,-1,-1,-1,1,-1,1,-1,-1,-1,1,-1,1,1,-1,-1,-1,-1,-1,1,-1,1,1,1,1,1,1,1,-1,-1,1,-1,-1,1,1,-1,-1,-1,1,-1,-1,1,-1,1,-1,1,1,-1,1,-1], length=60 energy=230}
Best result after 420216 ms running: LabsResult{bits=[1,-1,-1,-1,1,1,1,-1,-1,-1,1,-1,-1,-1,1,-1,1,-1,-1,-1,1,-1,1,1,-1,-1,-1,-1,-1,1,-1,1,1,1,1,1,1,1,-1,-1,1,-1,-1,1,1,-1,-1,-1,1,-1,-1,1,-1,1,-1,1,1,-1,1,-1], length=60 energy=230}
Best result after 425218 ms running: LabsResult{bits=[1,-1,-1,-1,1,1,1,-1,-1,-1,1,-1,-1,-1,1,-1,1,-1,-1,-1,1,-1,1,1,-1,-1,-1,-1,-1,1,-1,1,1,1,1,1,1,1,-1,-1,1,-1,-1,1,1,-1,-1,-1,1,-1,-1,1,-1,1,-1,1,1,-1,1,-1], length=60 energy=230}
Best result after 430219 ms running: LabsResult{bits=[1,-1,-1,-1,1,1,1,-1,-1,-1,1,-1,-1,-1,1,-1,1,-1,-1,-1,1,-1,1,1,-1,-1,-1,-1,-1,1,-1,1,1,1,1,1,1,1,-1,-1,1,-1,-1,1,1,-1,-1,-1,1,-1,-1,1,-1,1,-1,1,1,-1,1,-1], length=60 energy=230}
Best result after 435221 ms running: LabsResult{bits=[1,-1,-1,-1,1,1,1,-1,-1,-1,1,-1,-1,-1,1,-1,1,-1,-1,-1,1,-1,1,1,-1,-1,-1,-1,-1,1,-1,1,1,1,1,1,1,1,-1,-1,1,-1,-1,1,1,-1,-1,-1,1,-1,-1,1,-1,1,-1,1,1,-1,1,-1], length=60 energy=230}
Best result after 440223 ms running: LabsResult{bits=[1,-1,-1,-1,1,1,1,-1,-1,-1,1,-1,-1,-1,1,-1,1,-1,-1,-1,1,-1,1,1,-1,-1,-1,-1,-1,1,-1,1,1,1,1,1,1,1,-1,-1,1,-1,-1,1,1,-1,-1,-1,1,-1,-1,1,-1,1,-1,1,1,-1,1,-1], length=60 energy=230}
Best result after 445224 ms running: LabsResult{bits=[1,-1,-1,-1,1,1,1,-1,-1,-1,1,-1,-1,-1,1,-1,1,-1,-1,-1,1,-1,1,1,-1,-1,-1,-1,-1,1,-1,1,1,1,1,1,1,1,-1,-1,1,-1,-1,1,1,-1,-1,-1,1,-1,-1,1,-1,1,-1,1,1,-1,1,-1], length=60 energy=230}
Best result after 450226 ms running: LabsResult{bits=[1,-1,-1,-1,1,1,1,-1,-1,-1,1,-1,-1,-1,1,-1,1,-1,-1,-1,1,-1,1,1,-1,-1,-1,-1,-1,1,-1,1,1,1,1,1,1,1,-1,-1,1,-1,-1,1,1,-1,-1,-1,1,-1,-1,1,-1,1,-1,1,1,-1,1,-1], length=60 energy=230}
Best result after 455228 ms running: LabsResult{bits=[1,-1,-1,-1,1,1,1,-1,-1,-1,1,-1,-1,-1,1,-1,1,-1,-1,-1,1,-1,1,1,-1,-1,-1,-1,-1,1,-1,1,1,1,1,1,1,1,-1,-1,1,-1,-1,1,1,-1,-1,-1,1,-1,-1,1,-1,1,-1,1,1,-1,1,-1], length=60 energy=230}
Best result after 460229 ms running: LabsResult{bits=[1,-1,-1,-1,1,1,1,-1,-1,-1,1,-1,-1,-1,1,-1,1,-1,-1,-1,1,-1,1,1,-1,-1,-1,-1,-1,1,-1,1,1,1,1,1,1,1,-1,-1,1,-1,-1,1,1,-1,-1,-1,1,-1,-1,1,-1,1,-1,1,1,-1,1,-1], length=60 energy=230}
Best result after 465231 ms running: LabsResult{bits=[1,-1,-1,-1,1,1,1,-1,-1,-1,1,-1,-1,-1,1,-1,1,-1,-1,-1,1,-1,1,1,-1,-1,-1,-1,-1,1,-1,1,1,1,1,1,1,1,-1,-1,1,-1,-1,1,1,-1,-1,-1,1,-1,-1,1,-1,1,-1,1,1,-1,1,-1], length=60 energy=230}
Best result after 470233 ms running: LabsResult{bits=[1,-1,-1,-1,1,1,1,-1,-1,-1,1,-1,-1,-1,1,-1,1,-1,-1,-1,1,-1,1,1,-1,-1,-1,-1,-1,1,-1,1,1,1,1,1,1,1,-1,-1,1,-1,-1,1,1,-1,-1,-1,1,-1,-1,1,-1,1,-1,1,1,-1,1,-1], length=60 energy=230}
Best result after 475234 ms running: LabsResult{bits=[1,-1,-1,-1,1,1,1,-1,-1,-1,1,-1,-1,-1,1,-1,1,-1,-1,-1,1,-1,1,1,-1,-1,-1,-1,-1,1,-1,1,1,1,1,1,1,1,-1,-1,1,-1,-1,1,1,-1,-1,-1,1,-1,-1,1,-1,1,-1,1,1,-1,1,-1], length=60 energy=230}
Best result after 480236 ms running: LabsResult{bits=[1,-1,-1,-1,1,1,1,-1,-1,-1,1,-1,-1,-1,1,-1,1,-1,-1,-1,1,-1,1,1,-1,-1,-1,-1,-1,1,-1,1,1,1,1,1,1,1,-1,-1,1,-1,-1,1,1,-1,-1,-1,1,-1,-1,1,-1,1,-1,1,1,-1,1,-1], length=60 energy=230}
Best result after 485237 ms running: LabsResult{bits=[1,-1,-1,-1,1,1,1,-1,-1,-1,1,-1,-1,-1,1,-1,1,-1,-1,-1,1,-1,1,1,-1,-1,-1,-1,-1,1,-1,1,1,1,1,1,1,1,-1,-1,1,-1,-1,1,1,-1,-1,-1,1,-1,-1,1,-1,1,-1,1,1,-1,1,-1], length=60 energy=230}
Best result after 490241 ms running: LabsResult{bits=[1,-1,-1,-1,1,1,1,-1,-1,-1,1,-1,-1,-1,1,-1,1,-1,-1,-1,1,-1,1,1,-1,-1,-1,-1,-1,1,-1,1,1,1,1,1,1,1,-1,-1,1,-1,-1,1,1,-1,-1,-1,1,-1,-1,1,-1,1,-1,1,1,-1,1,-1], length=60 energy=230}
Best result after 495244 ms running: LabsResult{bits=[1,-1,-1,-1,1,1,1,-1,-1,-1,1,-1,-1,-1,1,-1,1,-1,-1,-1,1,-1,1,1,-1,-1,-1,-1,-1,1,-1,1,1,1,1,1,1,1,-1,-1,1,-1,-1,1,1,-1,-1,-1,1,-1,-1,1,-1,1,-1,1,1,-1,1,-1], length=60 energy=230}
Best result after 500245 ms running: LabsResult{bits=[1,-1,-1,-1,1,1,1,-1,-1,-1,1,-1,-1,-1,1,-1,1,-1,-1,-1,1,-1,1,1,-1,-1,-1,-1,-1,1,-1,1,1,1,1,1,1,1,-1,-1,1,-1,-1,1,1,-1,-1,-1,1,-1,-1,1,-1,1,-1,1,1,-1,1,-1], length=60 energy=230}
Best result after 505247 ms running: LabsResult{bits=[1,-1,-1,-1,1,1,1,-1,-1,-1,1,-1,-1,-1,1,-1,1,-1,-1,-1,1,-1,1,1,-1,-1,-1,-1,-1,1,-1,1,1,1,1,1,1,1,-1,-1,1,-1,-1,1,1,-1,-1,-1,1,-1,-1,1,-1,1,-1,1,1,-1,1,-1], length=60 energy=230}
Best result after 510249 ms running: LabsResult{bits=[1,-1,-1,-1,1,1,1,-1,-1,-1,1,-1,-1,-1,1,-1,1,-1,-1,-1,1,-1,1,1,-1,-1,-1,-1,-1,1,-1,1,1,1,1,1,1,1,-1,-1,1,-1,-1,1,1,-1,-1,-1,1,-1,-1,1,-1,1,-1,1,1,-1,1,-1], length=60 energy=230}
Best result after 515250 ms running: LabsResult{bits=[1,-1,-1,-1,1,1,1,-1,-1,-1,1,-1,-1,-1,1,-1,1,-1,-1,-1,1,-1,1,1,-1,-1,-1,-1,-1,1,-1,1,1,1,1,1,1,1,-1,-1,1,-1,-1,1,1,-1,-1,-1,1,-1,-1,1,-1,1,-1,1,1,-1,1,-1], length=60 energy=230}
Best result after 520256 ms running: LabsResult{bits=[1,-1,-1,-1,1,1,1,-1,-1,-1,1,-1,-1,-1,1,-1,1,-1,-1,-1,1,-1,1,1,-1,-1,-1,-1,-1,1,-1,1,1,1,1,1,1,1,-1,-1,1,-1,-1,1,1,-1,-1,-1,1,-1,-1,1,-1,1,-1,1,1,-1,1,-1], length=60 energy=230}
Best result after 525258 ms running: LabsResult{bits=[1,-1,-1,-1,1,1,1,-1,-1,-1,1,-1,-1,-1,1,-1,1,-1,-1,-1,1,-1,1,1,-1,-1,-1,-1,-1,1,-1,1,1,1,1,1,1,1,-1,-1,1,-1,-1,1,1,-1,-1,-1,1,-1,-1,1,-1,1,-1,1,1,-1,1,-1], length=60 energy=230}
Best result after 530259 ms running: LabsResult{bits=[1,-1,-1,-1,1,1,1,-1,-1,-1,1,-1,-1,-1,1,-1,1,-1,-1,-1,1,-1,1,1,-1,-1,-1,-1,-1,1,-1,1,1,1,1,1,1,1,-1,-1,1,-1,-1,1,1,-1,-1,-1,1,-1,-1,1,-1,1,-1,1,1,-1,1,-1], length=60 energy=230}
Best result after 535261 ms running: LabsResult{bits=[1,-1,-1,-1,1,1,1,-1,-1,-1,1,-1,-1,-1,1,-1,1,-1,-1,-1,1,-1,1,1,-1,-1,-1,-1,-1,1,-1,1,1,1,1,1,1,1,-1,-1,1,-1,-1,1,1,-1,-1,-1,1,-1,-1,1,-1,1,-1,1,1,-1,1,-1], length=60 energy=230}
Best result after 540263 ms running: LabsResult{bits=[1,-1,-1,-1,1,1,1,-1,-1,-1,1,-1,-1,-1,1,-1,1,-1,-1,-1,1,-1,1,1,-1,-1,-1,-1,-1,1,-1,1,1,1,1,1,1,1,-1,-1,1,-1,-1,1,1,-1,-1,-1,1,-1,-1,1,-1,1,-1,1,1,-1,1,-1], length=60 energy=230}
Best result after 545265 ms running: LabsResult{bits=[1,-1,-1,-1,1,1,1,-1,-1,-1,1,-1,-1,-1,1,-1,1,-1,-1,-1,1,-1,1,1,-1,-1,-1,-1,-1,1,-1,1,1,1,1,1,1,1,-1,-1,1,-1,-1,1,1,-1,-1,-1,1,-1,-1,1,-1,1,-1,1,1,-1,1,-1], length=60 energy=230}
Best result after 550266 ms running: LabsResult{bits=[1,-1,-1,-1,1,1,1,-1,-1,-1,1,-1,-1,-1,1,-1,1,-1,-1,-1,1,-1,1,1,-1,-1,-1,-1,-1,1,-1,1,1,1,1,1,1,1,-1,-1,1,-1,-1,1,1,-1,-1,-1,1,-1,-1,1,-1,1,-1,1,1,-1,1,-1], length=60 energy=230}
Best result after 555268 ms running: LabsResult{bits=[1,-1,-1,-1,1,1,1,-1,-1,-1,1,-1,-1,-1,1,-1,1,-1,-1,-1,1,-1,1,1,-1,-1,-1,-1,-1,1,-1,1,1,1,1,1,1,1,-1,-1,1,-1,-1,1,1,-1,-1,-1,1,-1,-1,1,-1,1,-1,1,1,-1,1,-1], length=60 energy=230}
Best result after 560269 ms running: LabsResult{bits=[1,-1,-1,-1,1,1,1,-1,-1,-1,1,-1,-1,-1,1,-1,1,-1,-1,-1,1,-1,1,1,-1,-1,-1,-1,-1,1,-1,1,1,1,1,1,1,1,-1,-1,1,-1,-1,1,1,-1,-1,-1,1,-1,-1,1,-1,1,-1,1,1,-1,1,-1], length=60 energy=230}
Best result after 565272 ms running: LabsResult{bits=[1,-1,-1,-1,1,1,1,-1,-1,-1,1,-1,-1,-1,1,-1,1,-1,-1,-1,1,-1,1,1,-1,-1,-1,-1,-1,1,-1,1,1,1,1,1,1,1,-1,-1,1,-1,-1,1,1,-1,-1,-1,1,-1,-1,1,-1,1,-1,1,1,-1,1,-1], length=60 energy=230}
Best result after 570275 ms running: LabsResult{bits=[1,-1,-1,-1,1,1,1,-1,-1,-1,1,-1,-1,-1,1,-1,1,-1,-1,-1,1,-1,1,1,-1,-1,-1,-1,-1,1,-1,1,1,1,1,1,1,1,-1,-1,1,-1,-1,1,1,-1,-1,-1,1,-1,-1,1,-1,1,-1,1,1,-1,1,-1], length=60 energy=230}
Best result after 575277 ms running: LabsResult{bits=[1,-1,-1,-1,1,1,1,-1,-1,-1,1,-1,-1,-1,1,-1,1,-1,-1,-1,1,-1,1,1,-1,-1,-1,-1,-1,1,-1,1,1,1,1,1,1,1,-1,-1,1,-1,-1,1,1,-1,-1,-1,1,-1,-1,1,-1,1,-1,1,1,-1,1,-1], length=60 energy=230}
Best result after 580278 ms running: LabsResult{bits=[1,-1,-1,-1,1,1,1,-1,-1,-1,1,-1,-1,-1,1,-1,1,-1,-1,-1,1,-1,1,1,-1,-1,-1,-1,-1,1,-1,1,1,1,1,1,1,1,-1,-1,1,-1,-1,1,1,-1,-1,-1,1,-1,-1,1,-1,1,-1,1,1,-1,1,-1], length=60 energy=230}
Best result after 585280 ms running: LabsResult{bits=[1,-1,-1,-1,1,1,1,-1,-1,-1,1,-1,-1,-1,1,-1,1,-1,-1,-1,1,-1,1,1,-1,-1,-1,-1,-1,1,-1,1,1,1,1,1,1,1,-1,-1,1,-1,-1,1,1,-1,-1,-1,1,-1,-1,1,-1,1,-1,1,1,-1,1,-1], length=60 energy=230}
Best result after 590282 ms running: LabsResult{bits=[1,-1,-1,-1,1,1,1,-1,-1,-1,1,-1,-1,-1,1,-1,1,-1,-1,-1,1,-1,1,1,-1,-1,-1,-1,-1,1,-1,1,1,1,1,1,1,1,-1,-1,1,-1,-1,1,1,-1,-1,-1,1,-1,-1,1,-1,1,-1,1,1,-1,1,-1], length=60 energy=230}
Best result after 595288 ms running: LabsResult{bits=[1,-1,-1,-1,1,1,1,-1,-1,-1,1,-1,-1,-1,1,-1,1,-1,-1,-1,1,-1,1,1,-1,-1,-1,-1,-1,1,-1,1,1,1,1,1,1,1,-1,-1,1,-1,-1,1,1,-1,-1,-1,1,-1,-1,1,-1,1,-1,1,1,-1,1,-1], length=60 energy=230}
Best result after 600001 ms running: LabsResult{bits=[1,-1,-1,-1,1,1,1,-1,-1,-1,1,-1,-1,-1,1,-1,1,-1,-1,-1,1,-1,1,1,-1,-1,-1,-1,-1,1,-1,1,1,1,1,1,1,1,-1,-1,1,-1,-1,1,1,-1,-1,-1,1,-1,-1,1,-1,1,-1,1,1,-1,1,-1], length=60 energy=230}
Best result: LabsResult{bits=[1,-1,-1,-1,1,1,1,-1,-1,-1,1,-1,-1,-1,1,-1,1,-1,-1,-1,1,-1,1,1,-1,-1,-1,-1,-1,1,-1,1,1,1,1,1,1,1,-1,-1,1,-1,-1,1,1,-1,-1,-1,1,-1,-1,1,-1,1,-1,1,1,-1,1,-1], length=60 energy=230}