Best result after 5001 ms running: LabsResult{bits=[-1,-1,1,-1,1,1,1,1,-1,-1,-1,-1,-1,1,1,1,1,1,1,-1,1,1,1,-1,-1,1,-1,-1,-1,-1,1,-1,-1,-1,-1,1,-1,-1,1,1,-1,-1,1,-1,1,1,-1,-1,-1,1,-1,1,-1,-1,-1,1,-1,1,-1,-1], length=60 energy=314}
Best result after 10032 ms running: LabsResult{bits=[1,-1,1,-1,-1,1,-1,-1,1,-1,-1,1,-1,1,1,-1,1,-1,1,-1,1,1,-1,1,1,1,1,1,1,-1,1,-1,-1,-1,1,-1,-1,-1,1,-1,1,1,1,-1,-1,-1,-1,1,1,1,-1,-1,-1,1,-1,-1,-1,1,1,1], length=60 energy=290}
Best result after 15032 ms running: LabsResult{bits=[1,-1,1,-1,-1,1,-1,-1,1,-1,-1,1,-1,1,1,-1,1,-1,1,-1,1,1,-1,1,1,1,1,1,1,-1,1,-1,-1,-1,1,-1,-1,-1,1,-1,1,1,1,-1,-1,-1,-1,1,1,1,-1,-1,-1,1,-1,-1,-1,1,1,1], length=60 energy=290}
Best result after 20033 ms running: LabsResult{bits=[1,1,1,-1,-1,-1,-1,-1,1,1,1,1,1,-1,-1,1,1,-1,-1,-1,1,1,1,-1,1,1,1,1,1,-1,1,1,-1,-1,1,-1,-1,-1,1,-1,-1,-1,-1,1,-1,1,-1,1,-1,-1,1,-1,1,-1,-1,1,-1,-1,1,-1], length=60 energy=286}
Best result after 25034 ms running: LabsResult{bits=[1,1,1,-1,-1,-1,-1,-1,1,1,1,1,1,-1,-1,1,1,-1,-1,-1,1,1,1,-1,1,1,1,1,1,-1,1,1,-1,-1,1,-1,-1,-1,1,-1,-1,-1,-1,1,-1,1,-1,1,-1,-1,1,-1,1,-1,-1,1,-1,-1,1,-1], length=60 energy=286}
Best result after 30034 ms running: LabsResult{bits=[1,1,1,-1,-1,-1,-1,-1,1,1,1,1,1,-1,-1,1,1,-1,-1,-1,1,1,1,-1,1,1,1,1,1,-1,1,1,-1,-1,1,-1,-1,-1,1,-1,-1,-1,-1,1,-1,1,-1,1,-1,-1,1,-1,1,-1,-1,1,-1,-1,1,-1], length=60 energy=286}
Best result after 35036 ms running: LabsResult{bits=[1,1,1,-1,-1,-1,-1,-1,1,1,1,1,1,-1,-1,1,1,-1,-1,-1,1,1,1,-1,1,1,1,1,1,-1,1,1,-1,-1,1,-1,-1,-1,1,-1,-1,-1,-1,1,-1,1,-1,1,-1,-1,1,-1,1,-1,-1,1,-1,-1,1,-1], length=60 energy=286}
Best result after 40036 ms running: LabsResult{bits=[1,1,1,-1,-1,-1,-1,-1,1,1,1,1,1,-1,-1,1,1,-1,-1,-1,1,1,1,-1,1,1,1,1,1,-1,1,1,-1,-1,1,-1,-1,-1,1,-1,-1,-1,-1,1,-1,1,-1,1,-1,-1,1,-1,1,-1,-1,1,-1,-1,1,-1], length=60 energy=286}
Best result after 45037 ms running: LabsResult{bits=[-1,1,1,-1,1,-1,1,1,-1,1,-1,1,1,-1,1,1,-1,-1,1,1,-1,-1,-1,1,1,1,1,-1,-1,1,1,-1,1,1,1,1,1,1,1,1,-1,-1,-1,-1,1,1,1,-1,1,-1,1,-1,1,-1,1,-1,-1,-1,-1,-1], length=60 energy=262}
Best result after 50038 ms running: LabsResult{bits=[-1,1,1,-1,1,-1,1,1,-1,1,-1,1,1,-1,1,1,-1,-1,1,1,-1,-1,-1,1,1,1,1,-1,-1,1,1,-1,1,1,1,1,1,1,1,1,-1,-1,-1,-1,1,1,1,-1,1,-1,1,-1,1,-1,1,-1,-1,-1,-1,-1], length=60 energy=262}
Best result after 55038 ms running: LabsResult{bits=[-1,1,1,-1,1,-1,1,1,-1,1,-1,1,1,-1,1,1,-1,-1,1,1,-1,-1,-1,1,1,1,1,-1,-1,1,1,-1,1,1,1,1,1,1,1,1,-1,-1,-1,-1,1,1,1,-1,1,-1,1,-1,1,-1,1,-1,-1,-1,-1,-1], length=60 energy=262}
Best result after 60039 ms running: LabsResult{bits=[-1,1,1,-1,1,-1,1,1,-1,1,-1,1,1,-1,1,1,-1,-1,1,1,-1,-1,-1,1,1,1,1,-1,-1,1,1,-1,1,1,1,1,1,1,1,1,-1,-1,-1,-1,1,1,1,-1,1,-1,1,-1,1,-1,1,-1,-1,-1,-1,-1], length=60 energy=262}
Best result after 65040 ms running: LabsResult{bits=[-1,1,1,-1,1,-1,1,1,-1,1,-1,1,1,-1,1,1,-1,-1,1,1,-1,-1,-1,1,1,1,1,-1,-1,1,1,-1,1,1,1,1,1,1,1,1,-1,-1,-1,-1,1,1,1,-1,1,-1,1,-1,1,-1,1,-1,-1,-1,-1,-1], length=60 energy=262}
Best result after 70040 ms running: LabsResult{bits=[-1,1,1,-1,1,-1,1,1,-1,1,-1,1,1,-1,1,1,-1,-1,1,1,-1,-1,-1,1,1,1,1,-1,-1,1,1,-1,1,1,1,1,1,1,1,1,-1,-1,-1,-1,1,1,1,-1,1,-1,1,-1,1,-1,1,-1,-1,-1,-1,-1], length=60 energy=262}
Best result after 75041 ms running: LabsResult{bits=[-1,1,1,-1,1,-1,1,1,-1,1,-1,1,1,-1,1,1,-1,-1,1,1,-1,-1,-1,1,1,1,1,-1,-1,1,1,-1,1,1,1,1,1,1,1,1,-1,-1,-1,-1,1,1,1,-1,1,-1,1,-1,1,-1,1,-1,-1,-1,-1,-1], length=60 energy=262}
Best result after 80042 ms running: LabsResult{bits=[-1,1,1,-1,1,-1,1,1,-1,1,-1,1,1,-1,1,1,-1,-1,1,1,-1,-1,-1,1,1,1,1,-1,-1,1,1,-1,1,1,1,1,1,1,1,1,-1,-1,-1,-1,1,1,1,-1,1,-1,1,-1,1,-1,1,-1,-1,-1,-1,-1], length=60 energy=262}
Best result after 85043 ms running: LabsResult{bits=[-1,1,1,-1,1,-1,1,1,-1,1,-1,1,1,-1,1,1,-1,-1,1,1,-1,-1,-1,1,1,1,1,-1,-1,1,1,-1,1,1,1,1,1,1,1,1,-1,-1,-1,-1,1,1,1,-1,1,-1,1,-1,1,-1,1,-1,-1,-1,-1,-1], length=60 energy=262}
Best result after 90043 ms running: LabsResult{bits=[-1,1,1,-1,1,-1,1,1,-1,1,-1,1,1,-1,1,1,-1,-1,1,1,-1,-1,-1,1,1,1,1,-1,-1,1,1,-1,1,1,1,1,1,1,1,1,-1,-1,-1,-1,1,1,1,-1,1,-1,1,-1,1,-1,1,-1,-1,-1,-1,-1], length=60 energy=262}
Best result after 95043 ms running: LabsResult{bits=[-1,1,1,-1,1,-1,1,1,-1,1,-1,1,1,-1,1,1,-1,-1,1,1,-1,-1,-1,1,1,1,1,-1,-1,1,1,-1,1,1,1,1,1,1,1,1,-1,-1,-1,-1,1,1,1,-1,1,-1,1,-1,1,-1,1,-1,-1,-1,-1,-1], length=60 energy=262}
Best result after 100044 ms running: LabsResult{bits=[-1,1,1,-1,1,-1,1,1,-1,1,-1,1,1,-1,1,1,-1,-1,1,1,-1,-1,-1,1,1,1,1,-1,-1,1,1,-1,1,1,1,1,1,1,1,1,-1,-1,-1,-1,1,1,1,-1,1,-1,1,-1,1,-1,1,-1,-1,-1,-1,-1], length=60 energy=262}
Best result after 105045 ms running: LabsResult{bits=[-1,1,1,-1,1,-1,1,1,-1,1,-1,1,1,-1,1,1,-1,-1,1,1,-1,-1,-1,1,1,1,1,-1,-1,1,1,-1,1,1,1,1,1,1,1,1,-1,-1,-1,-1,1,1,1,-1,1,-1,1,-1,1,-1,1,-1,-1,-1,-1,-1], length=60 energy=262}
Best result after 110045 ms running: LabsResult{bits=[-1,1,1,-1,1,-1,1,1,-1,1,-1,1,1,-1,1,1,-1,-1,1,1,-1,-1,-1,1,1,1,1,-1,-1,1,1,-1,1,1,1,1,1,1,1,1,-1,-1,-1,-1,1,1,1,-1,1,-1,1,-1,1,-1,1,-1,-1,-1,-1,-1], length=60 energy=262}
Best result after 115048 ms running: LabsResult{bits=[-1,1,1,-1,1,-1,1,1,-1,1,-1,1,1,-1,1,1,-1,-1,1,1,-1,-1,-1,1,1,1,1,-1,-1,1,1,-1,1,1,1,1,1,1,1,1,-1,-1,-1,-1,1,1,1,-1,1,-1,1,-1,1,-1,1,-1,-1,-1,-1,-1], length=60 energy=262}
Best result after 120049 ms running: LabsResult{bits=[-1,1,1,-1,1,-1,1,1,-1,1,-1,1,1,-1,1,1,-1,-1,1,1,-1,-1,-1,1,1,1,1,-1,-1,1,1,-1,1,1,1,1,1,1,1,1,-1,-1,-1,-1,1,1,1,-1,1,-1,1,-1,1,-1,1,-1,-1,-1,-1,-1], length=60 energy=262}
Best result after 125049 ms running: LabsResult{bits=[-1,1,1,-1,1,-1,1,1,-1,1,-1,1,1,-1,1,1,-1,-1,1,1,-1,-1,-1,1,1,1,1,-1,-1,1,1,-1,1,1,1,1,1,1,1,1,-1,-1,-1,-1,1,1,1,-1,1,-1,1,-1,1,-1,1,-1,-1,-1,-1,-1], length=60 energy=262}
Best result after 130050 ms running: LabsResult{bits=[-1,1,1,-1,1,-1,1,1,-1,1,-1,1,1,-1,1,1,-1,-1,1,1,-1,-1,-1,1,1,1,1,-1,-1,1,1,-1,1,1,1,1,1,1,1,1,-1,-1,-1,-1,1,1,1,-1,1,-1,1,-1,1,-1,1,-1,-1,-1,-1,-1], length=60 energy=262}
Best result after 135051 ms running: LabsResult{bits=[-1,1,1,-1,1,-1,1,1,-1,1,-1,1,1,-1,1,1,-1,-1,1,1,-1,-1,-1,1,1,1,1,-1,-1,1,1,-1,1,1,1,1,1,1,1,1,-1,-1,-1,-1,1,1,1,-1,1,-1,1,-1,1,-1,1,-1,-1,-1,-1,-1], length=60 energy=262}
Best result after 140051 ms running: LabsResult{bits=[-1,1,1,-1,1,-1,1,1,-1,1,-1,1,1,-1,1,1,-1,-1,1,1,-1,-1,-1,1,1,1,1,-1,-1,1,1,-1,1,1,1,1,1,1,1,1,-1,-1,-1,-1,1,1,1,-1,1,-1,1,-1,1,-1,1,-1,-1,-1,-1,-1], length=60 energy=262}
Best result after 145052 ms running: LabsResult{bits=[-1,1,1,-1,1,-1,1,1,-1,1,-1,1,1,-1,1,1,-1,-1,1,1,-1,-1,-1,1,1,1,1,-1,-1,1,1,-1,1,1,1,1,1,1,1,1,-1,-1,-1,-1,1,1,1,-1,1,-1,1,-1,1,-1,1,-1,-1,-1,-1,-1], length=60 energy=262}
Best result after 150052 ms running: LabsResult{bits=[-1,1,1,-1,1,-1,1,1,-1,1,-1,1,1,-1,1,1,-1,-1,1,1,-1,-1,-1,1,1,1,1,-1,-1,1,1,-1,1,1,1,1,1,1,1,1,-1,-1,-1,-1,1,1,1,-1,1,-1,1,-1,1,-1,1,-1,-1,-1,-1,-1], length=60 energy=262}
Best result after 155053 ms running: LabsResult{bits=[-1,1,1,-1,1,-1,1,1,-1,1,-1,1,1,-1,1,1,-1,-1,1,1,-1,-1,-1,1,1,1,1,-1,-1,1,1,-1,1,1,1,1,1,1,1,1,-1,-1,-1,-1,1,1,1,-1,1,-1,1,-1,1,-1,1,-1,-1,-1,-1,-1], length=60 energy=262}
Best result after 160054 ms running: LabsResult{bits=[-1,1,1,-1,1,-1,1,1,-1,1,-1,1,1,-1,1,1,-1,-1,1,1,-1,-1,-1,1,1,1,1,-1,-1,1,1,-1,1,1,1,1,1,1,1,1,-1,-1,-1,-1,1,1,1,-1,1,-1,1,-1,1,-1,1,-1,-1,-1,-1,-1], length=60 energy=262}
Best result after 165054 ms running: LabsResult{bits=[-1,1,1,-1,1,-1,1,1,-1,1,-1,1,1,-1,1,1,-1,-1,1,1,-1,-1,-1,1,1,1,1,-1,-1,1,1,-1,1,1,1,1,1,1,1,1,-1,-1,-1,-1,1,1,1,-1,1,-1,1,-1,1,-1,1,-1,-1,-1,-1,-1], length=60 energy=262}
Best result after 170055 ms running: LabsResult{bits=[-1,1,1,-1,1,-1,1,1,-1,1,-1,1,1,-1,1,1,-1,-1,1,1,-1,-1,-1,1,1,1,1,-1,-1,1,1,-1,1,1,1,1,1,1,1,1,-1,-1,-1,-1,1,1,1,-1,1,-1,1,-1,1,-1,1,-1,-1,-1,-1,-1], length=60 energy=262}
Best result after 175056 ms running: LabsResult{bits=[-1,1,1,-1,1,-1,1,1,-1,1,-1,1,1,-1,1,1,-1,-1,1,1,-1,-1,-1,1,1,1,1,-1,-1,1,1,-1,1,1,1,1,1,1,1,1,-1,-1,-1,-1,1,1,1,-1,1,-1,1,-1,1,-1,1,-1,-1,-1,-1,-1], length=60 energy=262}
Best result after 180056 ms running: LabsResult{bits=[-1,1,1,-1,1,-1,1,1,-1,1,-1,1,1,-1,1,1,-1,-1,1,1,-1,-1,-1,1,1,1,1,-1,-1,1,1,-1,1,1,1,1,1,1,1,1,-1,-1,-1,-1,1,1,1,-1,1,-1,1,-1,1,-1,1,-1,-1,-1,-1,-1], length=60 energy=262}
Best result after 185057 ms running: LabsResult{bits=[-1,1,1,-1,1,-1,1,1,-1,1,-1,1,1,-1,1,1,-1,-1,1,1,-1,-1,-1,1,1,1,1,-1,-1,1,1,-1,1,1,1,1,1,1,1,1,-1,-1,-1,-1,1,1,1,-1,1,-1,1,-1,1,-1,1,-1,-1,-1,-1,-1], length=60 energy=262}
Best result after 190057 ms running: LabsResult{bits=[-1,-1,1,1,-1,-1,1,1,-1,-1,1,1,1,-1,1,-1,1,1,1,1,-1,1,-1,-1,1,-1,1,-1,1,-1,-1,-1,1,-1,-1,-1,-1,-1,1,1,-1,1,-1,-1,1,1,-1,1,-1,-1,-1,-1,-1,-1,-1,1,1,1,1,-1], length=60 energy=246}
Best result after 195058 ms running: LabsResult{bits=[-1,-1,1,1,-1,-1,1,1,-1,-1,1,1,1,-1,1,-1,1,1,1,1,-1,1,-1,-1,1,-1,1,-1,1,-1,-1,-1,1,-1,-1,-1,-1,-1,1,1,-1,1,-1,-1,1,1,-1,1,-1,-1,-1,-1,-1,-1,-1,1,1,1,1,-1], length=60 energy=246}
Best result after 200059 ms running: LabsResult{bits=[-1,-1,1,1,-1,-1,1,1,-1,-1,1,1,1,-1,1,-1,1,1,1,1,-1,1,-1,-1,1,-1,1,-1,1,-1,-1,-1,1,-1,-1,-1,-1,-1,1,1,-1,1,-1,-1,1,1,-1,1,-1,-1,-1,-1,-1,-1,-1,1,1,1,1,-1], length=60 energy=246}
Best result after 205059 ms running: LabsResult{bits=[-1,-1,1,1,-1,-1,1,1,-1,-1,1,1,1,-1,1,-1,1,1,1,1,-1,1,-1,-1,1,-1,1,-1,1,-1,-1,-1,1,-1,-1,-1,-1,-1,1,1,-1,1,-1,-1,1,1,-1,1,-1,-1,-1,-1,-1,-1,-1,1,1,1,1,-1], length=60 energy=246}
Best result after 210060 ms running: LabsResult{bits=[-1,-1,1,1,-1,-1,1,1,-1,-1,1,1,1,-1,1,-1,1,1,1,1,-1,1,-1,-1,1,-1,1,-1,1,-1,-1,-1,1,-1,-1,-1,-1,-1,1,1,-1,1,-1,-1,1,1,-1,1,-1,-1,-1,-1,-1,-1,-1,1,1,1,1,-1], length=60 energy=246}
Best result after 215062 ms running: LabsResult{bits=[-1,-1,1,1,-1,-1,1,1,-1,-1,1,1,1,-1,1,-1,1,1,1,1,-1,1,-1,-1,1,-1,1,-1,1,-1,-1,-1,1,-1,-1,-1,-1,-1,1,1,-1,1,-1,-1,1,1,-1,1,-1,-1,-1,-1,-1,-1,-1,1,1,1,1,-1], length=60 energy=246}
Best result after 220062 ms running: LabsResult{bits=[-1,-1,1,1,-1,-1,1,1,-1,-1,1,1,1,-1,1,-1,1,1,1,1,-1,1,-1,-1,1,-1,1,-1,1,-1,-1,-1,1,-1,-1,-1,-1,-1,1,1,-1,1,-1,-1,1,1,-1,1,-1,-1,-1,-1,-1,-1,-1,1,1,1,1,-1], length=60 energy=246}
Best result after 225063 ms running: LabsResult{bits=[-1,-1,1,1,-1,-1,1,1,-1,-1,1,1,1,-1,1,-1,1,1,1,1,-1,1,-1,-1,1,-1,1,-1,1,-1,-1,-1,1,-1,-1,-1,-1,-1,1,1,-1,1,-1,-1,1,1,-1,1,-1,-1,-1,-1,-1,-1,-1,1,1,1,1,-1], length=60 energy=246}
Best result after 230064 ms running: LabsResult{bits=[-1,-1,1,1,-1,-1,1,1,-1,-1,1,1,1,-1,1,-1,1,1,1,1,-1,1,-1,-1,1,-1,1,-1,1,-1,-1,-1,1,-1,-1,-1,-1,-1,1,1,-1,1,-1,-1,1,1,-1,1,-1,-1,-1,-1,-1,-1,-1,1,1,1,1,-1], length=60 energy=246}
Best result after 235064 ms running: LabsResult{bits=[-1,-1,1,1,-1,-1,1,1,-1,-1,1,1,1,-1,1,-1,1,1,1,1,-1,1,-1,-1,1,-1,1,-1,1,-1,-1,-1,1,-1,-1,-1,-1,-1,1,1,-1,1,-1,-1,1,1,-1,1,-1,-1,-1,-1,-1,-1,-1,1,1,1,1,-1], length=60 energy=246}
Best result after 240065 ms running: LabsResult{bits=[-1,-1,1,1,-1,-1,1,1,-1,-1,1,1,1,-1,1,-1,1,1,1,1,-1,1,-1,-1,1,-1,1,-1,1,-1,-1,-1,1,-1,-1,-1,-1,-1,1,1,-1,1,-1,-1,1,1,-1,1,-1,-1,-1,-1,-1,-1,-1,1,1,1,1,-1], length=60 energy=246}
Best result after 245065 ms running: LabsResult{bits=[-1,-1,1,1,-1,-1,1,1,-1,-1,1,1,1,-1,1,-1,1,1,1,1,-1,1,-1,-1,1,-1,1,-1,1,-1,-1,-1,1,-1,-1,-1,-1,-1,1,1,-1,1,-1,-1,1,1,-1,1,-1,-1,-1,-1,-1,-1,-1,1,1,1,1,-1], length=60 energy=246}
Best result after 250066 ms running: LabsResult{bits=[-1,-1,1,1,-1,-1,1,1,-1,-1,1,1,1,-1,1,-1,1,1,1,1,-1,1,-1,-1,1,-1,1,-1,1,-1,-1,-1,1,-1,-1,-1,-1,-1,1,1,-1,1,-1,-1,1,1,-1,1,-1,-1,-1,-1,-1,-1,-1,1,1,1,1,-1], length=60 energy=246}
Best result after 255067 ms running: LabsResult{bits=[-1,-1,1,1,-1,-1,1,1,-1,-1,1,1,1,-1,1,-1,1,1,1,1,-1,1,-1,-1,1,-1,1,-1,1,-1,-1,-1,1,-1,-1,-1,-1,-1,1,1,-1,1,-1,-1,1,1,-1,1,-1,-1,-1,-1,-1,-1,-1,1,1,1,1,-1], length=60 energy=246}
Best result after 260068 ms running: LabsResult{bits=[-1,-1,1,1,-1,-1,1,1,-1,-1,1,1,1,-1,1,-1,1,1,1,1,-1,1,-1,-1,1,-1,1,-1,1,-1,-1,-1,1,-1,-1,-1,-1,-1,1,1,-1,1,-1,-1,1,1,-1,1,-1,-1,-1,-1,-1,-1,-1,1,1,1,1,-1], length=60 energy=246}
Best result after 265069 ms running: LabsResult{bits=[-1,-1,1,1,-1,-1,1,1,-1,-1,1,1,1,-1,1,-1,1,1,1,1,-1,1,-1,-1,1,-1,1,-1,1,-1,-1,-1,1,-1,-1,-1,-1,-1,1,1,-1,1,-1,-1,1,1,-1,1,-1,-1,-1,-1,-1,-1,-1,1,1,1,1,-1], length=60 energy=246}
Best result after 270070 ms running: LabsResult{bits=[-1,-1,1,1,-1,-1,1,1,-1,-1,1,1,1,-1,1,-1,1,1,1,1,-1,1,-1,-1,1,-1,1,-1,1,-1,-1,-1,1,-1,-1,-1,-1,-1,1,1,-1,1,-1,-1,1,1,-1,1,-1,-1,-1,-1,-1,-1,-1,1,1,1,1,-1], length=60 energy=246}
Best result after 275070 ms running: LabsResult{bits=[-1,-1,1,1,-1,-1,1,1,-1,-1,1,1,1,-1,1,-1,1,1,1,1,-1,1,-1,-1,1,-1,1,-1,1,-1,-1,-1,1,-1,-1,-1,-1,-1,1,1,-1,1,-1,-1,1,1,-1,1,-1,-1,-1,-1,-1,-1,-1,1,1,1,1,-1], length=60 energy=246}
Best result after 280071 ms running: LabsResult{bits=[-1,-1,1,1,-1,-1,1,1,-1,-1,1,1,1,-1,1,-1,1,1,1,1,-1,1,-1,-1,1,-1,1,-1,1,-1,-1,-1,1,-1,-1,-1,-1,-1,1,1,-1,1,-1,-1,1,1,-1,1,-1,-1,-1,-1,-1,-1,-1,1,1,1,1,-1], length=60 energy=246}
Best result after 285072 ms running: LabsResult{bits=[-1,-1,1,1,-1,-1,1,1,-1,-1,1,1,1,-1,1,-1,1,1,1,1,-1,1,-1,-1,1,-1,1,-1,1,-1,-1,-1,1,-1,-1,-1,-1,-1,1,1,-1,1,-1,-1,1,1,-1,1,-1,-1,-1,-1,-1,-1,-1,1,1,1,1,-1], length=60 energy=246}
Best result after 290072 ms running: LabsResult{bits=[-1,-1,1,1,-1,-1,1,1,-1,-1,1,1,1,-1,1,-1,1,1,1,1,-1,1,-1,-1,1,-1,1,-1,1,-1,-1,-1,1,-1,-1,-1,-1,-1,1,1,-1,1,-1,-1,1,1,-1,1,-1,-1,-1,-1,-1,-1,-1,1,1,1,1,-1], length=60 energy=246}
Best result after 295073 ms running: LabsResult{bits=[-1,-1,1,1,-1,-1,1,1,-1,-1,1,1,1,-1,1,-1,1,1,1,1,-1,1,-1,-1,1,-1,1,-1,1,-1,-1,-1,1,-1,-1,-1,-1,-1,1,1,-1,1,-1,-1,1,1,-1,1,-1,-1,-1,-1,-1,-1,-1,1,1,1,1,-1], length=60 energy=246}
Best result after 300073 ms running: LabsResult{bits=[-1,-1,1,1,-1,-1,1,1,-1,-1,1,1,1,-1,1,-1,1,1,1,1,-1,1,-1,-1,1,-1,1,-1,1,-1,-1,-1,1,-1,-1,-1,-1,-1,1,1,-1,1,-1,-1,1,1,-1,1,-1,-1,-1,-1,-1,-1,-1,1,1,1,1,-1], length=60 energy=246}
Best result after 305074 ms running: LabsResult{bits=[-1,-1,1,1,-1,-1,1,1,-1,-1,1,1,1,-1,1,-1,1,1,1,1,-1,1,-1,-1,1,-1,1,-1,1,-1,-1,-1,1,-1,-1,-1,-1,-1,1,1,-1,1,-1,-1,1,1,-1,1,-1,-1,-1,-1,-1,-1,-1,1,1,1,1,-1], length=60 energy=246}
Best result after 310075 ms running: LabsResult{bits=[-1,-1,1,1,-1,-1,1,1,-1,-1,1,1,1,-1,1,-1,1,1,1,1,-1,1,-1,-1,1,-1,1,-1,1,-1,-1,-1,1,-1,-1,-1,-1,-1,1,1,-1,1,-1,-1,1,1,-1,1,-1,-1,-1,-1,-1,-1,-1,1,1,1,1,-1], length=60 energy=246}
Best result after 315076 ms running: LabsResult{bits=[-1,-1,1,1,-1,-1,1,1,-1,-1,1,1,1,-1,1,-1,1,1,1,1,-1,1,-1,-1,1,-1,1,-1,1,-1,-1,-1,1,-1,-1,-1,-1,-1,1,1,-1,1,-1,-1,1,1,-1,1,-1,-1,-1,-1,-1,-1,-1,1,1,1,1,-1], length=60 energy=246}
Best result after 320077 ms running: LabsResult{bits=[-1,-1,1,1,-1,-1,1,1,-1,-1,1,1,1,-1,1,-1,1,1,1,1,-1,1,-1,-1,1,-1,1,-1,1,-1,-1,-1,1,-1,-1,-1,-1,-1,1,1,-1,1,-1,-1,1,1,-1,1,-1,-1,-1,-1,-1,-1,-1,1,1,1,1,-1], length=60 energy=246}
Best result after 325078 ms running: LabsResult{bits=[-1,-1,1,1,-1,-1,1,1,-1,-1,1,1,1,-1,1,-1,1,1,1,1,-1,1,-1,-1,1,-1,1,-1,1,-1,-1,-1,1,-1,-1,-1,-1,-1,1,1,-1,1,-1,-1,1,1,-1,1,-1,-1,-1,-1,-1,-1,-1,1,1,1,1,-1], length=60 energy=246}
Best result after 330078 ms running: LabsResult{bits=[-1,-1,1,1,-1,-1,1,1,-1,-1,1,1,1,-1,1,-1,1,1,1,1,-1,1,-1,-1,1,-1,1,-1,1,-1,-1,-1,1,-1,-1,-1,-1,-1,1,1,-1,1,-1,-1,1,1,-1,1,-1,-1,-1,-1,-1,-1,-1,1,1,1,1,-1], length=60 energy=246}
Best result after 335079 ms running: LabsResult{bits=[-1,-1,1,1,-1,-1,1,1,-1,-1,1,1,1,-1,1,-1,1,1,1,1,-1,1,-1,-1,1,-1,1,-1,1,-1,-1,-1,1,-1,-1,-1,-1,-1,1,1,-1,1,-1,-1,1,1,-1,1,-1,-1,-1,-1,-1,-1,-1,1,1,1,1,-1], length=60 energy=246}
Best result after 340462 ms running: LabsResult{bits=[-1,-1,1,1,-1,-1,1,1,-1,-1,1,1,1,-1,1,-1,1,1,1,1,-1,1,-1,-1,1,-1,1,-1,1,-1,-1,-1,1,-1,-1,-1,-1,-1,1,1,-1,1,-1,-1,1,1,-1,1,-1,-1,-1,-1,-1,-1,-1,1,1,1,1,-1], length=60 energy=246}
Best result after 345463 ms running: LabsResult{bits=[-1,-1,1,1,-1,-1,1,1,-1,-1,1,1,1,-1,1,-1,1,1,1,1,-1,1,-1,-1,1,-1,1,-1,1,-1,-1,-1,1,-1,-1,-1,-1,-1,1,1,-1,1,-1,-1,1,1,-1,1,-1,-1,-1,-1,-1,-1,-1,1,1,1,1,-1], length=60 energy=246}
Best result after 350464 ms running: LabsResult{bits=[-1,-1,1,1,-1,-1,1,1,-1,-1,1,1,1,-1,1,-1,1,1,1,1,-1,1,-1,-1,1,-1,1,-1,1,-1,-1,-1,1,-1,-1,-1,-1,-1,1,1,-1,1,-1,-1,1,1,-1,1,-1,-1,-1,-1,-1,-1,-1,1,1,1,1,-1], length=60 energy=246}
Best result after 355464 ms running: LabsResult{bits=[-1,-1,1,1,-1,-1,1,1,-1,-1,1,1,1,-1,1,-1,1,1,1,1,-1,1,-1,-1,1,-1,1,-1,1,-1,-1,-1,1,-1,-1,-1,-1,-1,1,1,-1,1,-1,-1,1,1,-1,1,-1,-1,-1,-1,-1,-1,-1,1,1,1,1,-1], length=60 energy=246}
Best result after 360465 ms running: LabsResult{bits=[-1,-1,1,1,-1,-1,1,1,-1,-1,1,1,1,-1,1,-1,1,1,1,1,-1,1,-1,-1,1,-1,1,-1,1,-1,-1,-1,1,-1,-1,-1,-1,-1,1,1,-1,1,-1,-1,1,1,-1,1,-1,-1,-1,-1,-1,-1,-1,1,1,1,1,-1], length=60 energy=246}
Best result after 365466 ms running: LabsResult{bits=[-1,-1,1,1,-1,-1,1,1,-1,-1,1,1,1,-1,1,-1,1,1,1,1,-1,1,-1,-1,1,-1,1,-1,1,-1,-1,-1,1,-1,-1,-1,-1,-1,1,1,-1,1,-1,-1,1,1,-1,1,-1,-1,-1,-1,-1,-1,-1,1,1,1,1,-1], length=60 energy=246}
Best result after 370466 ms running: LabsResult{bits=[-1,-1,1,1,-1,-1,1,1,-1,-1,1,1,1,-1,1,-1,1,1,1,1,-1,1,-1,-1,1,-1,1,-1,1,-1,-1,-1,1,-1,-1,-1,-1,-1,1,1,-1,1,-1,-1,1,1,-1,1,-1,-1,-1,-1,-1,-1,-1,1,1,1,1,-1], length=60 energy=246}
Best result after 375466 ms running: LabsResult{bits=[-1,-1,1,1,-1,-1,1,1,-1,-1,1,1,1,-1,1,-1,1,1,1,1,-1,1,-1,-1,1,-1,1,-1,1,-1,-1,-1,1,-1,-1,-1,-1,-1,1,1,-1,1,-1,-1,1,1,-1,1,-1,-1,-1,-1,-1,-1,-1,1,1,1,1,-1], length=60 energy=246}
Best result after 380467 ms running: LabsResult{bits=[-1,-1,1,1,-1,-1,1,1,-1,-1,1,1,1,-1,1,-1,1,1,1,1,-1,1,-1,-1,1,-1,1,-1,1,-1,-1,-1,1,-1,-1,-1,-1,-1,1,1,-1,1,-1,-1,1,1,-1,1,-1,-1,-1,-1,-1,-1,-1,1,1,1,1,-1], length=60 energy=246}
Best result after 385467 ms running: LabsResult{bits=[-1,-1,1,1,-1,-1,1,1,-1,-1,1,1,1,-1,1,-1,1,1,1,1,-1,1,-1,-1,1,-1,1,-1,1,-1,-1,-1,1,-1,-1,-1,-1,-1,1,1,-1,1,-1,-1,1,1,-1,1,-1,-1,-1,-1,-1,-1,-1,1,1,1,1,-1], length=60 energy=246}
Best result after 390468 ms running: LabsResult{bits=[-1,-1,1,1,-1,-1,1,1,-1,-1,1,1,1,-1,1,-1,1,1,1,1,-1,1,-1,-1,1,-1,1,-1,1,-1,-1,-1,1,-1,-1,-1,-1,-1,1,1,-1,1,-1,-1,1,1,-1,1,-1,-1,-1,-1,-1,-1,-1,1,1,1,1,-1], length=60 energy=246}
Best result after 395469 ms running: LabsResult{bits=[-1,-1,1,1,-1,-1,1,1,-1,-1,1,1,1,-1,1,-1,1,1,1,1,-1,1,-1,-1,1,-1,1,-1,1,-1,-1,-1,1,-1,-1,-1,-1,-1,1,1,-1,1,-1,-1,1,1,-1,1,-1,-1,-1,-1,-1,-1,-1,1,1,1,1,-1], length=60 energy=246}
Best result after 400475 ms running: LabsResult{bits=[-1,-1,1,1,-1,-1,1,1,-1,-1,1,1,1,-1,1,-1,1,1,1,1,-1,1,-1,-1,1,-1,1,-1,1,-1,-1,-1,1,-1,-1,-1,-1,-1,1,1,-1,1,-1,-1,1,1,-1,1,-1,-1,-1,-1,-1,-1,-1,1,1,1,1,-1], length=60 energy=246}
Best result after 405475 ms running: LabsResult{bits=[-1,-1,1,1,-1,-1,1,1,-1,-1,1,1,1,-1,1,-1,1,1,1,1,-1,1,-1,-1,1,-1,1,-1,1,-1,-1,-1,1,-1,-1,-1,-1,-1,1,1,-1,1,-1,-1,1,1,-1,1,-1,-1,-1,-1,-1,-1,-1,1,1,1,1,-1], length=60 energy=246}
Best result after 410476 ms running: LabsResult{bits=[-1,-1,1,1,-1,-1,1,1,-1,-1,1,1,1,-1,1,-1,1,1,1,1,-1,1,-1,-1,1,-1,1,-1,1,-1,-1,-1,1,-1,-1,-1,-1,-1,1,1,-1,1,-1,-1,1,1,-1,1,-1,-1,-1,-1,-1,-1,-1,1,1,1,1,-1], length=60 energy=246}
Best result after 415476 ms running: LabsResult{bits=[-1,-1,1,1,-1,-1,1,1,-1,-1,1,1,1,-1,1,-1,1,1,1,1,-1,1,-1,-1,1,-1,1,-1,1,-1,-1,-1,1,-1,-1,-1,-1,-1,1,1,-1,1,-1,-1,1,1,-1,1,-1,-1,-1,-1,-1,-1,-1,1,1,1,1,-1], length=60 energy=246}
Best result after 420477 ms running: LabsResult{bits=[-1,-1,1,1,-1,-1,1,1,-1,-1,1,1,1,-1,1,-1,1,1,1,1,-1,1,-1,-1,1,-1,1,-1,1,-1,-1,-1,1,-1,-1,-1,-1,-1,1,1,-1,1,-1,-1,1,1,-1,1,-1,-1,-1,-1,-1,-1,-1,1,1,1,1,-1], length=60 energy=246}
Best result after 425478 ms running: LabsResult{bits=[-1,-1,1,1,-1,-1,1,1,-1,-1,1,1,1,-1,1,-1,1,1,1,1,-1,1,-1,-1,1,-1,1,-1,1,-1,-1,-1,1,-1,-1,-1,-1,-1,1,1,-1,1,-1,-1,1,1,-1,1,-1,-1,-1,-1,-1,-1,-1,1,1,1,1,-1], length=60 energy=246}
Best result after 430478 ms running: LabsResult{bits=[-1,-1,1,1,-1,-1,1,1,-1,-1,1,1,1,-1,1,-1,1,1,1,1,-1,1,-1,-1,1,-1,1,-1,1,-1,-1,-1,1,-1,-1,-1,-1,-1,1,1,-1,1,-1,-1,1,1,-1,1,-1,-1,-1,-1,-1,-1,-1,1,1,1,1,-1], length=60 energy=246}
Best result after 435479 ms running: LabsResult{bits=[-1,-1,1,1,-1,-1,1,1,-1,-1,1,1,1,-1,1,-1,1,1,1,1,-1,1,-1,-1,1,-1,1,-1,1,-1,-1,-1,1,-1,-1,-1,-1,-1,1,1,-1,1,-1,-1,1,1,-1,1,-1,-1,-1,-1,-1,-1,-1,1,1,1,1,-1], length=60 energy=246}
Best result after 440480 ms running: LabsResult{bits=[-1,-1,1,1,-1,-1,1,1,-1,-1,1,1,1,-1,1,-1,1,1,1,1,-1,1,-1,-1,1,-1,1,-1,1,-1,-1,-1,1,-1,-1,-1,-1,-1,1,1,-1,1,-1,-1,1,1,-1,1,-1,-1,-1,-1,-1,-1,-1,1,1,1,1,-1], length=60 energy=246}
Best result after 445480 ms running: LabsResult{bits=[-1,-1,1,1,-1,-1,1,1,-1,-1,1,1,1,-1,1,-1,1,1,1,1,-1,1,-1,-1,1,-1,1,-1,1,-1,-1,-1,1,-1,-1,-1,-1,-1,1,1,-1,1,-1,-1,1,1,-1,1,-1,-1,-1,-1,-1,-1,-1,1,1,1,1,-1], length=60 energy=246}
Best result after 450481 ms running: LabsResult{bits=[-1,-1,1,1,-1,-1,1,1,-1,-1,1,1,1,-1,1,-1,1,1,1,1,-1,1,-1,-1,1,-1,1,-1,1,-1,-1,-1,1,-1,-1,-1,-1,-1,1,1,-1,1,-1,-1,1,1,-1,1,-1,-1,-1,-1,-1,-1,-1,1,1,1,1,-1], length=60 energy=246}
Best result after 455482 ms running: LabsResult{bits=[-1,-1,1,1,-1,-1,1,1,-1,-1,1,1,1,-1,1,-1,1,1,1,1,-1,1,-1,-1,1,-1,1,-1,1,-1,-1,-1,1,-1,-1,-1,-1,-1,1,1,-1,1,-1,-1,1,1,-1,1,-1,-1,-1,-1,-1,-1,-1,1,1,1,1,-1], length=60 energy=246}
Best result after 460482 ms running: LabsResult{bits=[-1,-1,1,1,-1,-1,1,1,-1,-1,1,1,1,-1,1,-1,1,1,1,1,-1,1,-1,-1,1,-1,1,-1,1,-1,-1,-1,1,-1,-1,-1,-1,-1,1,1,-1,1,-1,-1,1,1,-1,1,-1,-1,-1,-1,-1,-1,-1,1,1,1,1,-1], length=60 energy=246}
Best result after 465483 ms running: LabsResult{bits=[-1,-1,1,1,-1,-1,1,1,-1,-1,1,1,1,-1,1,-1,1,1,1,1,-1,1,-1,-1,1,-1,1,-1,1,-1,-1,-1,1,-1,-1,-1,-1,-1,1,1,-1,1,-1,-1,1,1,-1,1,-1,-1,-1,-1,-1,-1,-1,1,1,1,1,-1], length=60 energy=246}
Best result after 470483 ms running: LabsResult{bits=[-1,-1,1,1,-1,-1,1,1,-1,-1,1,1,1,-1,1,-1,1,1,1,1,-1,1,-1,-1,1,-1,1,-1,1,-1,-1,-1,1,-1,-1,-1,-1,-1,1,1,-1,1,-1,-1,1,1,-1,1,-1,-1,-1,-1,-1,-1,-1,1,1,1,1,-1], length=60 energy=246}
Best result after 475484 ms running: LabsResult{bits=[-1,-1,1,1,-1,-1,1,1,-1,-1,1,1,1,-1,1,-1,1,1,1,1,-1,1,-1,-1,1,-1,1,-1,1,-1,-1,-1,1,-1,-1,-1,-1,-1,1,1,-1,1,-1,-1,1,1,-1,1,-1,-1,-1,-1,-1,-1,-1,1,1,1,1,-1], length=60 energy=246}
Best result after 480485 ms running: LabsResult{bits=[-1,-1,1,1,-1,-1,1,1,-1,-1,1,1,1,-1,1,-1,1,1,1,1,-1,1,-1,-1,1,-1,1,-1,1,-1,-1,-1,1,-1,-1,-1,-1,-1,1,1,-1,1,-1,-1,1,1,-1,1,-1,-1,-1,-1,-1,-1,-1,1,1,1,1,-1], length=60 energy=246}
Best result after 485485 ms running: LabsResult{bits=[-1,-1,1,1,-1,-1,1,1,-1,-1,1,1,1,-1,1,-1,1,1,1,1,-1,1,-1,-1,1,-1,1,-1,1,-1,-1,-1,1,-1,-1,-1,-1,-1,1,1,-1,1,-1,-1,1,1,-1,1,-1,-1,-1,-1,-1,-1,-1,1,1,1,1,-1], length=60 energy=246}
Best result after 490486 ms running: LabsResult{bits=[-1,-1,1,1,-1,-1,1,1,-1,-1,1,1,1,-1,1,-1,1,1,1,1,-1,1,-1,-1,1,-1,1,-1,1,-1,-1,-1,1,-1,-1,-1,-1,-1,1,1,-1,1,-1,-1,1,1,-1,1,-1,-1,-1,-1,-1,-1,-1,1,1,1,1,-1], length=60 energy=246}
Best result after 495487 ms running: LabsResult{bits=[-1,-1,1,1,-1,-1,1,1,-1,-1,1,1,1,-1,1,-1,1,1,1,1,-1,1,-1,-1,1,-1,1,-1,1,-1,-1,-1,1,-1,-1,-1,-1,-1,1,1,-1,1,-1,-1,1,1,-1,1,-1,-1,-1,-1,-1,-1,-1,1,1,1,1,-1], length=60 energy=246}
Best result after 500487 ms running: LabsResult{bits=[-1,-1,1,1,-1,-1,1,1,-1,-1,1,1,1,-1,1,-1,1,1,1,1,-1,1,-1,-1,1,-1,1,-1,1,-1,-1,-1,1,-1,-1,-1,-1,-1,1,1,-1,1,-1,-1,1,1,-1,1,-1,-1,-1,-1,-1,-1,-1,1,1,1,1,-1], length=60 energy=246}
Best result after 505487 ms running: LabsResult{bits=[-1,-1,1,1,-1,-1,1,1,-1,-1,1,1,1,-1,1,-1,1,1,1,1,-1,1,-1,-1,1,-1,1,-1,1,-1,-1,-1,1,-1,-1,-1,-1,-1,1,1,-1,1,-1,-1,1,1,-1,1,-1,-1,-1,-1,-1,-1,-1,1,1,1,1,-1], length=60 energy=246}
Best result after 510488 ms running: LabsResult{bits=[-1,-1,1,1,-1,-1,1,1,-1,-1,1,1,1,-1,1,-1,1,1,1,1,-1,1,-1,-1,1,-1,1,-1,1,-1,-1,-1,1,-1,-1,-1,-1,-1,1,1,-1,1,-1,-1,1,1,-1,1,-1,-1,-1,-1,-1,-1,-1,1,1,1,1,-1], length=60 energy=246}
Best result after 515489 ms running: LabsResult{bits=[-1,-1,1,1,-1,-1,1,1,-1,-1,1,1,1,-1,1,-1,1,1,1,1,-1,1,-1,-1,1,-1,1,-1,1,-1,-1,-1,1,-1,-1,-1,-1,-1,1,1,-1,1,-1,-1,1,1,-1,1,-1,-1,-1,-1,-1,-1,-1,1,1,1,1,-1], length=60 energy=246}
Best result after 520490 ms running: LabsResult{bits=[-1,-1,1,1,-1,-1,1,1,-1,-1,1,1,1,-1,1,-1,1,1,1,1,-1,1,-1,-1,1,-1,1,-1,1,-1,-1,-1,1,-1,-1,-1,-1,-1,1,1,-1,1,-1,-1,1,1,-1,1,-1,-1,-1,-1,-1,-1,-1,1,1,1,1,-1], length=60 energy=246}
Best result after 525490 ms running: LabsResult{bits=[-1,-1,1,1,-1,-1,1,1,-1,-1,1,1,1,-1,1,-1,1,1,1,1,-1,1,-1,-1,1,-1,1,-1,1,-1,-1,-1,1,-1,-1,-1,-1,-1,1,1,-1,1,-1,-1,1,1,-1,1,-1,-1,-1,-1,-1,-1,-1,1,1,1,1,-1], length=60 energy=246}
Best result after 530491 ms running: LabsResult{bits=[-1,-1,1,1,-1,-1,1,1,-1,-1,1,1,1,-1,1,-1,1,1,1,1,-1,1,-1,-1,1,-1,1,-1,1,-1,-1,-1,1,-1,-1,-1,-1,-1,1,1,-1,1,-1,-1,1,1,-1,1,-1,-1,-1,-1,-1,-1,-1,1,1,1,1,-1], length=60 energy=246}
Best result after 535491 ms running: LabsResult{bits=[-1,-1,1,1,-1,-1,1,1,-1,-1,1,1,1,-1,1,-1,1,1,1,1,-1,1,-1,-1,1,-1,1,-1,1,-1,-1,-1,1,-1,-1,-1,-1,-1,1,1,-1,1,-1,-1,1,1,-1,1,-1,-1,-1,-1,-1,-1,-1,1,1,1,1,-1], length=60 energy=246}
Best result after 540492 ms running: LabsResult{bits=[-1,-1,1,1,-1,-1,1,1,-1,-1,1,1,1,-1,1,-1,1,1,1,1,-1,1,-1,-1,1,-1,1,-1,1,-1,-1,-1,1,-1,-1,-1,-1,-1,1,1,-1,1,-1,-1,1,1,-1,1,-1,-1,-1,-1,-1,-1,-1,1,1,1,1,-1], length=60 energy=246}
Best result after 545493 ms running: LabsResult{bits=[-1,-1,1,1,-1,-1,1,1,-1,-1,1,1,1,-1,1,-1,1,1,1,1,-1,1,-1,-1,1,-1,1,-1,1,-1,-1,-1,1,-1,-1,-1,-1,-1,1,1,-1,1,-1,-1,1,1,-1,1,-1,-1,-1,-1,-1,-1,-1,1,1,1,1,-1], length=60 energy=246}
Best result after 550493 ms running: LabsResult{bits=[-1,-1,1,1,-1,-1,1,1,-1,-1,1,1,1,-1,1,-1,1,1,1,1,-1,1,-1,-1,1,-1,1,-1,1,-1,-1,-1,1,-1,-1,-1,-1,-1,1,1,-1,1,-1,-1,1,1,-1,1,-1,-1,-1,-1,-1,-1,-1,1,1,1,1,-1], length=60 energy=246}
Best result after 555494 ms running: LabsResult{bits=[-1,-1,1,1,-1,-1,1,1,-1,-1,1,1,1,-1,1,-1,1,1,1,1,-1,1,-1,-1,1,-1,1,-1,1,-1,-1,-1,1,-1,-1,-1,-1,-1,1,1,-1,1,-1,-1,1,1,-1,1,-1,-1,-1,-1,-1,-1,-1,1,1,1,1,-1], length=60 energy=246}
Best result after 560495 ms running: LabsResult{bits=[-1,-1,1,1,-1,-1,1,1,-1,-1,1,1,1,-1,1,-1,1,1,1,1,-1,1,-1,-1,1,-1,1,-1,1,-1,-1,-1,1,-1,-1,-1,-1,-1,1,1,-1,1,-1,-1,1,1,-1,1,-1,-1,-1,-1,-1,-1,-1,1,1,1,1,-1], length=60 energy=246}
Best result after 565495 ms running: LabsResult{bits=[-1,-1,1,1,-1,-1,1,1,-1,-1,1,1,1,-1,1,-1,1,1,1,1,-1,1,-1,-1,1,-1,1,-1,1,-1,-1,-1,1,-1,-1,-1,-1,-1,1,1,-1,1,-1,-1,1,1,-1,1,-1,-1,-1,-1,-1,-1,-1,1,1,1,1,-1], length=60 energy=246}
Best result after 570496 ms running: LabsResult{bits=[-1,-1,1,1,-1,-1,1,1,-1,-1,1,1,1,-1,1,-1,1,1,1,1,-1,1,-1,-1,1,-1,1,-1,1,-1,-1,-1,1,-1,-1,-1,-1,-1,1,1,-1,1,-1,-1,1,1,-1,1,-1,-1,-1,-1,-1,-1,-1,1,1,1,1,-1], length=60 energy=246}
Best result after 575496 ms running: LabsResult{bits=[-1,-1,1,1,-1,-1,1,1,-1,-1,1,1,1,-1,1,-1,1,1,1,1,-1,1,-1,-1,1,-1,1,-1,1,-1,-1,-1,1,-1,-1,-1,-1,-1,1,1,-1,1,-1,-1,1,1,-1,1,-1,-1,-1,-1,-1,-1,-1,1,1,1,1,-1], length=60 energy=246}
Best result after 580497 ms running: LabsResult{bits=[-1,-1,1,1,-1,-1,1,1,-1,-1,1,1,1,-1,1,-1,1,1,1,1,-1,1,-1,-1,1,-1,1,-1,1,-1,-1,-1,1,-1,-1,-1,-1,-1,1,1,-1,1,-1,-1,1,1,-1,1,-1,-1,-1,-1,-1,-1,-1,1,1,1,1,-1], length=60 energy=246}
Best result after 585498 ms running: LabsResult{bits=[-1,-1,1,1,-1,-1,1,1,-1,-1,1,1,1,-1,1,-1,1,1,1,1,-1,1,-1,-1,1,-1,1,-1,1,-1,-1,-1,1,-1,-1,-1,-1,-1,1,1,-1,1,-1,-1,1,1,-1,1,-1,-1,-1,-1,-1,-1,-1,1,1,1,1,-1], length=60 energy=246}
Best result after 590498 ms running: LabsResult{bits=[-1,-1,1,1,-1,-1,1,1,-1,-1,1,1,1,-1,1,-1,1,1,1,1,-1,1,-1,-1,1,-1,1,-1,1,-1,-1,-1,1,-1,-1,-1,-1,-1,1,1,-1,1,-1,-1,1,1,-1,1,-1,-1,-1,-1,-1,-1,-1,1,1,1,1,-1], length=60 energy=246}
Best result after 595499 ms running: LabsResult{bits=[-1,-1,1,1,-1,-1,1,1,-1,-1,1,1,1,-1,1,-1,1,1,1,1,-1,1,-1,-1,1,-1,1,-1,1,-1,-1,-1,1,-1,-1,-1,-1,-1,1,1,-1,1,-1,-1,1,1,-1,1,-1,-1,-1,-1,-1,-1,-1,1,1,1,1,-1], length=60 energy=246}
Best result after 600000 ms running: LabsResult{bits=[-1,-1,1,1,-1,-1,1,1,-1,-1,1,1,1,-1,1,-1,1,1,1,1,-1,1,-1,-1,1,-1,1,-1,1,-1,-1,-1,1,-1,-1,-1,-1,-1,1,1,-1,1,-1,-1,1,1,-1,1,-1,-1,-1,-1,-1,-1,-1,1,1,1,1,-1], length=60 energy=246}
Best result: LabsResult{bits=[-1,-1,1,1,-1,-1,1,1,-1,-1,1,1,1,-1,1,-1,1,1,1,1,-1,1,-1,-1,1,-1,1,-1,1,-1,-1,-1,1,-1,-1,-1,-1,-1,1,1,-1,1,-1,-1,1,1,-1,1,-1,-1,-1,-1,-1,-1,-1,1,1,1,1,-1], length=60 energy=246}