Best result after 5001 ms running: LabsResult{bits=[1,-1,-1,1,-1,-1,1,1,-1,-1,1,1,-1,1,1,-1,1,-1,-1,1,-1,-1,1,-1,1,1,1,1,1,-1,-1,-1,-1,-1,-1,-1,-1,-1,-1,-1,1,-1,1,-1,-1,-1,-1,1,1,1,1,-1,1,-1,1,-1,-1,-1,1,1,1,-1,-1,-1,1,1,-1,1,-1,1,-1], length=71 energy=435}
Best result after 10047 ms running: LabsResult{bits=[1,1,1,1,-1,-1,-1,1,1,1,1,1,1,1,1,1,-1,-1,-1,1,1,1,-1,-1,-1,1,-1,-1,-1,1,-1,-1,-1,1,-1,1,1,-1,1,-1,1,-1,1,1,-1,-1,1,-1,-1,-1,1,1,-1,1,-1,1,1,-1,1,1,-1,-1,1,-1,-1,1,-1,1,-1,-1,1], length=71 energy=415}
Best result after 15049 ms running: LabsResult{bits=[1,1,1,1,-1,-1,-1,1,1,1,1,1,1,1,1,1,-1,-1,-1,1,1,1,-1,-1,-1,1,-1,-1,-1,1,-1,-1,-1,1,-1,1,1,-1,1,-1,1,-1,1,1,-1,-1,1,-1,-1,-1,1,1,-1,1,-1,1,1,-1,1,1,-1,-1,1,-1,-1,1,-1,1,-1,-1,1], length=71 energy=415}
Best result after 20052 ms running: LabsResult{bits=[1,1,1,1,-1,-1,-1,1,1,1,1,1,1,1,1,1,-1,-1,-1,1,1,1,-1,-1,-1,1,-1,-1,-1,1,-1,-1,-1,1,-1,1,1,-1,1,-1,1,-1,1,1,-1,-1,1,-1,-1,-1,1,1,-1,1,-1,1,1,-1,1,1,-1,-1,1,-1,-1,1,-1,1,-1,-1,1], length=71 energy=415}
Best result after 25059 ms running: LabsResult{bits=[-1,-1,1,1,-1,-1,1,-1,-1,1,1,-1,-1,1,-1,1,1,1,-1,-1,-1,-1,1,-1,-1,-1,-1,-1,-1,-1,-1,1,-1,1,1,1,-1,-1,1,-1,1,-1,-1,1,-1,-1,1,-1,1,1,1,1,-1,-1,-1,1,-1,1,-1,1,1,1,-1,-1,-1,1,-1,-1,-1,1,1], length=71 energy=391}
Best result after 30062 ms running: LabsResult{bits=[-1,-1,1,1,-1,1,-1,-1,1,1,-1,-1,-1,1,1,1,-1,1,1,-1,-1,1,-1,-1,1,1,-1,1,-1,1,1,-1,1,-1,-1,1,-1,1,1,1,-1,-1,1,-1,1,-1,1,-1,-1,-1,1,1,1,1,-1,1,-1,-1,-1,-1,-1,-1,-1,-1,-1,-1,-1,-1,-1,1,1], length=71 energy=387}
Best result after 35064 ms running: LabsResult{bits=[-1,-1,1,1,-1,1,-1,-1,1,1,-1,-1,-1,1,1,1,-1,1,1,-1,-1,1,-1,-1,1,1,-1,1,-1,1,1,-1,1,-1,-1,1,-1,1,1,1,-1,-1,1,-1,1,-1,1,-1,-1,-1,1,1,1,1,-1,1,-1,-1,-1,-1,-1,-1,-1,-1,-1,-1,-1,-1,-1,1,1], length=71 energy=387}
Best result after 40068 ms running: LabsResult{bits=[-1,-1,1,1,-1,1,-1,-1,1,1,-1,-1,-1,1,1,1,-1,1,1,-1,-1,1,-1,-1,1,1,-1,1,-1,1,1,-1,1,-1,-1,1,-1,1,1,1,-1,-1,1,-1,1,-1,1,-1,-1,-1,1,1,1,1,-1,1,-1,-1,-1,-1,-1,-1,-1,-1,-1,-1,-1,-1,-1,1,1], length=71 energy=387}
Best result after 45073 ms running: LabsResult{bits=[-1,-1,1,1,-1,1,-1,-1,1,1,-1,-1,-1,1,1,1,-1,1,1,-1,-1,1,-1,-1,1,1,-1,1,-1,1,1,-1,1,-1,-1,1,-1,1,1,1,-1,-1,1,-1,1,-1,1,-1,-1,-1,1,1,1,1,-1,1,-1,-1,-1,-1,-1,-1,-1,-1,-1,-1,-1,-1,-1,1,1], length=71 energy=387}
Best result after 50086 ms running: LabsResult{bits=[-1,-1,1,1,-1,1,-1,-1,1,1,-1,-1,-1,1,1,1,-1,1,1,-1,-1,1,-1,-1,1,1,-1,1,-1,1,1,-1,1,-1,-1,1,-1,1,1,1,-1,-1,1,-1,1,-1,1,-1,-1,-1,1,1,1,1,-1,1,-1,-1,-1,-1,-1,-1,-1,-1,-1,-1,-1,-1,-1,1,1], length=71 energy=387}
Best result after 55096 ms running: LabsResult{bits=[-1,-1,1,1,-1,1,-1,-1,1,1,-1,-1,-1,1,1,1,-1,1,1,-1,-1,1,-1,-1,1,1,-1,1,-1,1,1,-1,1,-1,-1,1,-1,1,1,1,-1,-1,1,-1,1,-1,1,-1,-1,-1,1,1,1,1,-1,1,-1,-1,-1,-1,-1,-1,-1,-1,-1,-1,-1,-1,-1,1,1], length=71 energy=387}
Best result after 60106 ms running: LabsResult{bits=[1,1,-1,-1,1,1,-1,-1,1,1,1,1,-1,-1,1,1,-1,-1,1,-1,-1,1,1,-1,-1,-1,1,1,1,1,1,-1,-1,-1,1,-1,1,1,1,1,1,1,1,1,1,1,1,-1,-1,1,-1,1,-1,1,-1,1,-1,-1,1,-1,1,1,-1,1,1,-1,1,-1,-1,1,-1], length=71 energy=383}
Best result after 65109 ms running: LabsResult{bits=[1,1,-1,-1,1,1,-1,-1,1,1,1,1,-1,-1,1,1,-1,-1,1,-1,-1,1,1,-1,-1,-1,1,1,1,1,1,-1,-1,-1,1,-1,1,1,1,1,1,1,1,1,1,1,1,-1,-1,1,-1,1,-1,1,-1,1,-1,-1,1,-1,1,1,-1,1,1,-1,1,-1,-1,1,-1], length=71 energy=383}
Best result after 70112 ms running: LabsResult{bits=[1,1,-1,-1,1,1,-1,-1,1,1,1,1,-1,-1,1,1,-1,-1,1,-1,-1,1,1,-1,-1,-1,1,1,1,1,1,-1,-1,-1,1,-1,1,1,1,1,1,1,1,1,1,1,1,-1,-1,1,-1,1,-1,1,-1,1,-1,-1,1,-1,1,1,-1,1,1,-1,1,-1,-1,1,-1], length=71 energy=383}
Best result after 75114 ms running: LabsResult{bits=[1,1,-1,-1,1,1,-1,-1,1,1,1,1,-1,-1,1,1,-1,-1,1,-1,-1,1,1,-1,-1,-1,1,1,1,1,1,-1,-1,-1,1,-1,1,1,1,1,1,1,1,1,1,1,1,-1,-1,1,-1,1,-1,1,-1,1,-1,-1,1,-1,1,1,-1,1,1,-1,1,-1,-1,1,-1], length=71 energy=383}
Best result after 80116 ms running: LabsResult{bits=[1,1,-1,-1,1,1,-1,-1,1,1,1,1,-1,-1,1,1,-1,-1,1,-1,-1,1,1,-1,-1,-1,1,1,1,1,1,-1,-1,-1,1,-1,1,1,1,1,1,1,1,1,1,1,1,-1,-1,1,-1,1,-1,1,-1,1,-1,-1,1,-1,1,1,-1,1,1,-1,1,-1,-1,1,-1], length=71 energy=383}
Best result after 85118 ms running: LabsResult{bits=[1,1,-1,-1,1,1,-1,-1,1,1,1,1,-1,-1,1,1,-1,-1,1,-1,-1,1,1,-1,-1,-1,1,1,1,1,1,-1,-1,-1,1,-1,1,1,1,1,1,1,1,1,1,1,1,-1,-1,1,-1,1,-1,1,-1,1,-1,-1,1,-1,1,1,-1,1,1,-1,1,-1,-1,1,-1], length=71 energy=383}
Best result after 90120 ms running: LabsResult{bits=[1,1,-1,-1,1,1,-1,-1,1,1,1,1,-1,-1,1,1,-1,-1,1,-1,-1,1,1,-1,-1,-1,1,1,1,1,1,-1,-1,-1,1,-1,1,1,1,1,1,1,1,1,1,1,1,-1,-1,1,-1,1,-1,1,-1,1,-1,-1,1,-1,1,1,-1,1,1,-1,1,-1,-1,1,-1], length=71 energy=383}
Best result after 95123 ms running: LabsResult{bits=[1,1,-1,-1,1,1,-1,-1,1,1,1,1,-1,-1,1,1,-1,-1,1,-1,-1,1,1,-1,-1,-1,1,1,1,1,1,-1,-1,-1,1,-1,1,1,1,1,1,1,1,1,1,1,1,-1,-1,1,-1,1,-1,1,-1,1,-1,-1,1,-1,1,1,-1,1,1,-1,1,-1,-1,1,-1], length=71 energy=383}
Best result after 100126 ms running: LabsResult{bits=[1,1,-1,-1,1,1,-1,-1,1,1,1,1,-1,-1,1,1,-1,-1,1,-1,-1,1,1,-1,-1,-1,1,1,1,1,1,-1,-1,-1,1,-1,1,1,1,1,1,1,1,1,1,1,1,-1,-1,1,-1,1,-1,1,-1,1,-1,-1,1,-1,1,1,-1,1,1,-1,1,-1,-1,1,-1], length=71 energy=383}
Best result after 105128 ms running: LabsResult{bits=[1,1,-1,-1,1,1,-1,-1,1,1,1,1,-1,-1,1,1,-1,-1,1,-1,-1,1,1,-1,-1,-1,1,1,1,1,1,-1,-1,-1,1,-1,1,1,1,1,1,1,1,1,1,1,1,-1,-1,1,-1,1,-1,1,-1,1,-1,-1,1,-1,1,1,-1,1,1,-1,1,-1,-1,1,-1], length=71 energy=383}
Best result after 110131 ms running: LabsResult{bits=[1,1,-1,-1,1,1,-1,-1,1,1,1,1,-1,-1,1,1,-1,-1,1,-1,-1,1,1,-1,-1,-1,1,1,1,1,1,-1,-1,-1,1,-1,1,1,1,1,1,1,1,1,1,1,1,-1,-1,1,-1,1,-1,1,-1,1,-1,-1,1,-1,1,1,-1,1,1,-1,1,-1,-1,1,-1], length=71 energy=383}
Best result after 115135 ms running: LabsResult{bits=[1,1,-1,-1,1,1,-1,-1,1,1,1,1,-1,-1,1,1,-1,-1,1,-1,-1,1,1,-1,-1,-1,1,1,1,1,1,-1,-1,-1,1,-1,1,1,1,1,1,1,1,1,1,1,1,-1,-1,1,-1,1,-1,1,-1,1,-1,-1,1,-1,1,1,-1,1,1,-1,1,-1,-1,1,-1], length=71 energy=383}
Best result after 120138 ms running: LabsResult{bits=[1,1,-1,-1,1,1,-1,-1,1,1,1,1,-1,-1,1,1,-1,-1,1,-1,-1,1,1,-1,-1,-1,1,1,1,1,1,-1,-1,-1,1,-1,1,1,1,1,1,1,1,1,1,1,1,-1,-1,1,-1,1,-1,1,-1,1,-1,-1,1,-1,1,1,-1,1,1,-1,1,-1,-1,1,-1], length=71 energy=383}
Best result after 125141 ms running: LabsResult{bits=[-1,1,1,-1,1,1,-1,1,1,-1,1,-1,-1,1,-1,-1,-1,-1,1,-1,-1,-1,1,1,-1,-1,1,1,1,-1,1,1,1,1,1,1,-1,1,1,-1,-1,-1,1,-1,1,1,1,1,1,1,-1,-1,-1,-1,1,1,1,-1,-1,-1,-1,1,1,1,-1,1,-1,1,-1,1,-1], length=71 energy=367}
Best result after 130143 ms running: LabsResult{bits=[-1,1,1,-1,1,1,-1,1,1,-1,1,-1,-1,1,-1,-1,-1,-1,1,-1,-1,-1,1,1,-1,-1,1,1,1,-1,1,1,1,1,1,1,-1,1,1,-1,-1,-1,1,-1,1,1,1,1,1,1,-1,-1,-1,-1,1,1,1,-1,-1,-1,-1,1,1,1,-1,1,-1,1,-1,1,-1], length=71 energy=367}
Best result after 135146 ms running: LabsResult{bits=[-1,1,1,-1,1,1,-1,1,1,-1,1,-1,-1,1,-1,-1,-1,-1,1,-1,-1,-1,1,1,-1,-1,1,1,1,-1,1,1,1,1,1,1,-1,1,1,-1,-1,-1,1,-1,1,1,1,1,1,1,-1,-1,-1,-1,1,1,1,-1,-1,-1,-1,1,1,1,-1,1,-1,1,-1,1,-1], length=71 energy=367}
Best result after 140148 ms running: LabsResult{bits=[-1,1,1,-1,1,1,-1,1,1,-1,1,-1,-1,1,-1,-1,-1,-1,1,-1,-1,-1,1,1,-1,-1,1,1,1,-1,1,1,1,1,1,1,-1,1,1,-1,-1,-1,1,-1,1,1,1,1,1,1,-1,-1,-1,-1,1,1,1,-1,-1,-1,-1,1,1,1,-1,1,-1,1,-1,1,-1], length=71 energy=367}
Best result after 145151 ms running: LabsResult{bits=[-1,1,1,-1,1,1,-1,1,1,-1,1,-1,-1,1,-1,-1,-1,-1,1,-1,-1,-1,1,1,-1,-1,1,1,1,-1,1,1,1,1,1,1,-1,1,1,-1,-1,-1,1,-1,1,1,1,1,1,1,-1,-1,-1,-1,1,1,1,-1,-1,-1,-1,1,1,1,-1,1,-1,1,-1,1,-1], length=71 energy=367}
Best result after 150153 ms running: LabsResult{bits=[-1,1,1,-1,1,1,-1,1,1,-1,1,-1,-1,1,-1,-1,-1,-1,1,-1,-1,-1,1,1,-1,-1,1,1,1,-1,1,1,1,1,1,1,-1,1,1,-1,-1,-1,1,-1,1,1,1,1,1,1,-1,-1,-1,-1,1,1,1,-1,-1,-1,-1,1,1,1,-1,1,-1,1,-1,1,-1], length=71 energy=367}
Best result after 155161 ms running: LabsResult{bits=[-1,1,1,-1,1,1,-1,1,1,-1,1,-1,-1,1,-1,-1,-1,-1,1,-1,-1,-1,1,1,-1,-1,1,1,1,-1,1,1,1,1,1,1,-1,1,1,-1,-1,-1,1,-1,1,1,1,1,1,1,-1,-1,-1,-1,1,1,1,-1,-1,-1,-1,1,1,1,-1,1,-1,1,-1,1,-1], length=71 energy=367}
Best result after 160163 ms running: LabsResult{bits=[-1,1,1,-1,1,1,-1,1,1,-1,1,-1,-1,1,-1,-1,-1,-1,1,-1,-1,-1,1,1,-1,-1,1,1,1,-1,1,1,1,1,1,1,-1,1,1,-1,-1,-1,1,-1,1,1,1,1,1,1,-1,-1,-1,-1,1,1,1,-1,-1,-1,-1,1,1,1,-1,1,-1,1,-1,1,-1], length=71 energy=367}
Best result after 165166 ms running: LabsResult{bits=[-1,1,1,-1,1,1,-1,1,1,-1,1,-1,-1,1,-1,-1,-1,-1,1,-1,-1,-1,1,1,-1,-1,1,1,1,-1,1,1,1,1,1,1,-1,1,1,-1,-1,-1,1,-1,1,1,1,1,1,1,-1,-1,-1,-1,1,1,1,-1,-1,-1,-1,1,1,1,-1,1,-1,1,-1,1,-1], length=71 energy=367}
Best result after 170174 ms running: LabsResult{bits=[-1,1,1,-1,1,1,-1,1,1,-1,1,-1,-1,1,-1,-1,-1,-1,1,-1,-1,-1,1,1,-1,-1,1,1,1,-1,1,1,1,1,1,1,-1,1,1,-1,-1,-1,1,-1,1,1,1,1,1,1,-1,-1,-1,-1,1,1,1,-1,-1,-1,-1,1,1,1,-1,1,-1,1,-1,1,-1], length=71 energy=367}
Best result after 175177 ms running: LabsResult{bits=[-1,1,1,-1,1,1,-1,1,1,-1,1,-1,-1,1,-1,-1,-1,-1,1,-1,-1,-1,1,1,-1,-1,1,1,1,-1,1,1,1,1,1,1,-1,1,1,-1,-1,-1,1,-1,1,1,1,1,1,1,-1,-1,-1,-1,1,1,1,-1,-1,-1,-1,1,1,1,-1,1,-1,1,-1,1,-1], length=71 energy=367}
Best result after 180180 ms running: LabsResult{bits=[-1,1,1,-1,1,1,-1,1,1,-1,1,-1,-1,1,-1,-1,-1,-1,1,-1,-1,-1,1,1,-1,-1,1,1,1,-1,1,1,1,1,1,1,-1,1,1,-1,-1,-1,1,-1,1,1,1,1,1,1,-1,-1,-1,-1,1,1,1,-1,-1,-1,-1,1,1,1,-1,1,-1,1,-1,1,-1], length=71 energy=367}
Best result after 185181 ms running: LabsResult{bits=[-1,1,1,-1,1,1,-1,1,1,-1,1,-1,-1,1,-1,-1,-1,-1,1,-1,-1,-1,1,1,-1,-1,1,1,1,-1,1,1,1,1,1,1,-1,1,1,-1,-1,-1,1,-1,1,1,1,1,1,1,-1,-1,-1,-1,1,1,1,-1,-1,-1,-1,1,1,1,-1,1,-1,1,-1,1,-1], length=71 energy=367}
Best result after 190183 ms running: LabsResult{bits=[-1,1,1,-1,1,1,-1,1,1,-1,1,-1,-1,1,-1,-1,-1,-1,1,-1,-1,-1,1,1,-1,-1,1,1,1,-1,1,1,1,1,1,1,-1,1,1,-1,-1,-1,1,-1,1,1,1,1,1,1,-1,-1,-1,-1,1,1,1,-1,-1,-1,-1,1,1,1,-1,1,-1,1,-1,1,-1], length=71 energy=367}
Best result after 195186 ms running: LabsResult{bits=[-1,1,1,-1,1,1,-1,1,1,-1,1,-1,-1,1,-1,-1,-1,-1,1,-1,-1,-1,1,1,-1,-1,1,1,1,-1,1,1,1,1,1,1,-1,1,1,-1,-1,-1,1,-1,1,1,1,1,1,1,-1,-1,-1,-1,1,1,1,-1,-1,-1,-1,1,1,1,-1,1,-1,1,-1,1,-1], length=71 energy=367}
Best result after 200188 ms running: LabsResult{bits=[-1,1,1,-1,1,1,-1,1,1,-1,1,-1,-1,1,-1,-1,-1,-1,1,-1,-1,-1,1,1,-1,-1,1,1,1,-1,1,1,1,1,1,1,-1,1,1,-1,-1,-1,1,-1,1,1,1,1,1,1,-1,-1,-1,-1,1,1,1,-1,-1,-1,-1,1,1,1,-1,1,-1,1,-1,1,-1], length=71 energy=367}
Best result after 205191 ms running: LabsResult{bits=[-1,1,1,-1,1,1,-1,1,1,-1,1,-1,-1,1,-1,-1,-1,-1,1,-1,-1,-1,1,1,-1,-1,1,1,1,-1,1,1,1,1,1,1,-1,1,1,-1,-1,-1,1,-1,1,1,1,1,1,1,-1,-1,-1,-1,1,1,1,-1,-1,-1,-1,1,1,1,-1,1,-1,1,-1,1,-1], length=71 energy=367}
Best result after 210194 ms running: LabsResult{bits=[-1,1,1,-1,1,1,-1,1,1,-1,1,-1,-1,1,-1,-1,-1,-1,1,-1,-1,-1,1,1,-1,-1,1,1,1,-1,1,1,1,1,1,1,-1,1,1,-1,-1,-1,1,-1,1,1,1,1,1,1,-1,-1,-1,-1,1,1,1,-1,-1,-1,-1,1,1,1,-1,1,-1,1,-1,1,-1], length=71 energy=367}
Best result after 215204 ms running: LabsResult{bits=[-1,1,1,-1,1,1,-1,1,1,-1,1,-1,-1,1,-1,-1,-1,-1,1,-1,-1,-1,1,1,-1,-1,1,1,1,-1,1,1,1,1,1,1,-1,1,1,-1,-1,-1,1,-1,1,1,1,1,1,1,-1,-1,-1,-1,1,1,1,-1,-1,-1,-1,1,1,1,-1,1,-1,1,-1,1,-1], length=71 energy=367}
Best result after 220206 ms running: LabsResult{bits=[-1,1,1,-1,1,1,-1,1,1,-1,1,-1,-1,1,-1,-1,-1,-1,1,-1,-1,-1,1,1,-1,-1,1,1,1,-1,1,1,1,1,1,1,-1,1,1,-1,-1,-1,1,-1,1,1,1,1,1,1,-1,-1,-1,-1,1,1,1,-1,-1,-1,-1,1,1,1,-1,1,-1,1,-1,1,-1], length=71 energy=367}
Best result after 225209 ms running: LabsResult{bits=[-1,1,1,-1,1,1,-1,1,1,-1,1,-1,-1,1,-1,-1,-1,-1,1,-1,-1,-1,1,1,-1,-1,1,1,1,-1,1,1,1,1,1,1,-1,1,1,-1,-1,-1,1,-1,1,1,1,1,1,1,-1,-1,-1,-1,1,1,1,-1,-1,-1,-1,1,1,1,-1,1,-1,1,-1,1,-1], length=71 energy=367}
Best result after 230211 ms running: LabsResult{bits=[-1,1,1,-1,1,1,-1,1,1,-1,1,-1,-1,1,-1,-1,-1,-1,1,-1,-1,-1,1,1,-1,-1,1,1,1,-1,1,1,1,1,1,1,-1,1,1,-1,-1,-1,1,-1,1,1,1,1,1,1,-1,-1,-1,-1,1,1,1,-1,-1,-1,-1,1,1,1,-1,1,-1,1,-1,1,-1], length=71 energy=367}
Best result after 235214 ms running: LabsResult{bits=[-1,1,1,-1,1,1,-1,1,1,-1,1,-1,-1,1,-1,-1,-1,-1,1,-1,-1,-1,1,1,-1,-1,1,1,1,-1,1,1,1,1,1,1,-1,1,1,-1,-1,-1,1,-1,1,1,1,1,1,1,-1,-1,-1,-1,1,1,1,-1,-1,-1,-1,1,1,1,-1,1,-1,1,-1,1,-1], length=71 energy=367}
Best result after 240216 ms running: LabsResult{bits=[-1,1,1,-1,1,1,-1,1,1,-1,1,-1,-1,1,-1,-1,-1,-1,1,-1,-1,-1,1,1,-1,-1,1,1,1,-1,1,1,1,1,1,1,-1,1,1,-1,-1,-1,1,-1,1,1,1,1,1,1,-1,-1,-1,-1,1,1,1,-1,-1,-1,-1,1,1,1,-1,1,-1,1,-1,1,-1], length=71 energy=367}
Best result after 245219 ms running: LabsResult{bits=[-1,1,1,-1,1,1,-1,1,1,-1,1,-1,-1,1,-1,-1,-1,-1,1,-1,-1,-1,1,1,-1,-1,1,1,1,-1,1,1,1,1,1,1,-1,1,1,-1,-1,-1,1,-1,1,1,1,1,1,1,-1,-1,-1,-1,1,1,1,-1,-1,-1,-1,1,1,1,-1,1,-1,1,-1,1,-1], length=71 energy=367}
Best result after 250222 ms running: LabsResult{bits=[-1,1,1,-1,1,1,-1,1,1,-1,1,-1,-1,1,-1,-1,-1,-1,1,-1,-1,-1,1,1,-1,-1,1,1,1,-1,1,1,1,1,1,1,-1,1,1,-1,-1,-1,1,-1,1,1,1,1,1,1,-1,-1,-1,-1,1,1,1,-1,-1,-1,-1,1,1,1,-1,1,-1,1,-1,1,-1], length=71 energy=367}
Best result after 255224 ms running: LabsResult{bits=[-1,1,1,-1,1,1,-1,1,1,-1,1,-1,-1,1,-1,-1,-1,-1,1,-1,-1,-1,1,1,-1,-1,1,1,1,-1,1,1,1,1,1,1,-1,1,1,-1,-1,-1,1,-1,1,1,1,1,1,1,-1,-1,-1,-1,1,1,1,-1,-1,-1,-1,1,1,1,-1,1,-1,1,-1,1,-1], length=71 energy=367}
Best result after 260227 ms running: LabsResult{bits=[-1,1,1,-1,1,1,-1,1,1,-1,1,-1,-1,1,-1,-1,-1,-1,1,-1,-1,-1,1,1,-1,-1,1,1,1,-1,1,1,1,1,1,1,-1,1,1,-1,-1,-1,1,-1,1,1,1,1,1,1,-1,-1,-1,-1,1,1,1,-1,-1,-1,-1,1,1,1,-1,1,-1,1,-1,1,-1], length=71 energy=367}
Best result after 265234 ms running: LabsResult{bits=[-1,1,1,-1,1,1,-1,1,1,-1,1,-1,-1,1,-1,-1,-1,-1,1,-1,-1,-1,1,1,-1,-1,1,1,1,-1,1,1,1,1,1,1,-1,1,1,-1,-1,-1,1,-1,1,1,1,1,1,1,-1,-1,-1,-1,1,1,1,-1,-1,-1,-1,1,1,1,-1,1,-1,1,-1,1,-1], length=71 energy=367}
Best result after 270234 ms running: LabsResult{bits=[-1,1,1,-1,1,1,-1,1,1,-1,1,-1,-1,1,-1,-1,-1,-1,1,-1,-1,-1,1,1,-1,-1,1,1,1,-1,1,1,1,1,1,1,-1,1,1,-1,-1,-1,1,-1,1,1,1,1,1,1,-1,-1,-1,-1,1,1,1,-1,-1,-1,-1,1,1,1,-1,1,-1,1,-1,1,-1], length=71 energy=367}
Best result after 275237 ms running: LabsResult{bits=[-1,1,1,-1,1,1,-1,1,1,-1,1,-1,-1,1,-1,-1,-1,-1,1,-1,-1,-1,1,1,-1,-1,1,1,1,-1,1,1,1,1,1,1,-1,1,1,-1,-1,-1,1,-1,1,1,1,1,1,1,-1,-1,-1,-1,1,1,1,-1,-1,-1,-1,1,1,1,-1,1,-1,1,-1,1,-1], length=71 energy=367}
Best result after 280240 ms running: LabsResult{bits=[-1,1,1,-1,1,1,-1,1,1,-1,1,-1,-1,1,-1,-1,-1,-1,1,-1,-1,-1,1,1,-1,-1,1,1,1,-1,1,1,1,1,1,1,-1,1,1,-1,-1,-1,1,-1,1,1,1,1,1,1,-1,-1,-1,-1,1,1,1,-1,-1,-1,-1,1,1,1,-1,1,-1,1,-1,1,-1], length=71 energy=367}
Best result after 285242 ms running: LabsResult{bits=[-1,1,1,-1,1,1,-1,1,1,-1,1,-1,-1,1,-1,-1,-1,-1,1,-1,-1,-1,1,1,-1,-1,1,1,1,-1,1,1,1,1,1,1,-1,1,1,-1,-1,-1,1,-1,1,1,1,1,1,1,-1,-1,-1,-1,1,1,1,-1,-1,-1,-1,1,1,1,-1,1,-1,1,-1,1,-1], length=71 energy=367}
Best result after 290243 ms running: LabsResult{bits=[-1,1,1,-1,1,1,-1,1,1,-1,1,-1,-1,1,-1,-1,-1,-1,1,-1,-1,-1,1,1,-1,-1,1,1,1,-1,1,1,1,1,1,1,-1,1,1,-1,-1,-1,1,-1,1,1,1,1,1,1,-1,-1,-1,-1,1,1,1,-1,-1,-1,-1,1,1,1,-1,1,-1,1,-1,1,-1], length=71 energy=367}
Best result after 295246 ms running: LabsResult{bits=[-1,1,1,-1,1,1,-1,1,1,-1,1,-1,-1,1,-1,-1,-1,-1,1,-1,-1,-1,1,1,-1,-1,1,1,1,-1,1,1,1,1,1,1,-1,1,1,-1,-1,-1,1,-1,1,1,1,1,1,1,-1,-1,-1,-1,1,1,1,-1,-1,-1,-1,1,1,1,-1,1,-1,1,-1,1,-1], length=71 energy=367}
Best result after 300248 ms running: LabsResult{bits=[-1,1,1,-1,1,1,-1,1,1,-1,1,-1,-1,1,-1,-1,-1,-1,1,-1,-1,-1,1,1,-1,-1,1,1,1,-1,1,1,1,1,1,1,-1,1,1,-1,-1,-1,1,-1,1,1,1,1,1,1,-1,-1,-1,-1,1,1,1,-1,-1,-1,-1,1,1,1,-1,1,-1,1,-1,1,-1], length=71 energy=367}
Best result after 305250 ms running: LabsResult{bits=[-1,1,1,-1,1,1,-1,1,1,-1,1,-1,-1,1,-1,-1,-1,-1,1,-1,-1,-1,1,1,-1,-1,1,1,1,-1,1,1,1,1,1,1,-1,1,1,-1,-1,-1,1,-1,1,1,1,1,1,1,-1,-1,-1,-1,1,1,1,-1,-1,-1,-1,1,1,1,-1,1,-1,1,-1,1,-1], length=71 energy=367}
Best result after 310253 ms running: LabsResult{bits=[-1,1,1,-1,1,1,-1,1,1,-1,1,-1,-1,1,-1,-1,-1,-1,1,-1,-1,-1,1,1,-1,-1,1,1,1,-1,1,1,1,1,1,1,-1,1,1,-1,-1,-1,1,-1,1,1,1,1,1,1,-1,-1,-1,-1,1,1,1,-1,-1,-1,-1,1,1,1,-1,1,-1,1,-1,1,-1], length=71 energy=367}
Best result after 315255 ms running: LabsResult{bits=[-1,1,1,-1,1,1,-1,1,1,-1,1,-1,-1,1,-1,-1,-1,-1,1,-1,-1,-1,1,1,-1,-1,1,1,1,-1,1,1,1,1,1,1,-1,1,1,-1,-1,-1,1,-1,1,1,1,1,1,1,-1,-1,-1,-1,1,1,1,-1,-1,-1,-1,1,1,1,-1,1,-1,1,-1,1,-1], length=71 energy=367}
Best result after 320256 ms running: LabsResult{bits=[-1,1,1,-1,1,1,-1,1,1,-1,1,-1,-1,1,-1,-1,-1,-1,1,-1,-1,-1,1,1,-1,-1,1,1,1,-1,1,1,1,1,1,1,-1,1,1,-1,-1,-1,1,-1,1,1,1,1,1,1,-1,-1,-1,-1,1,1,1,-1,-1,-1,-1,1,1,1,-1,1,-1,1,-1,1,-1], length=71 energy=367}
Best result after 325258 ms running: LabsResult{bits=[-1,1,1,-1,1,1,-1,1,1,-1,1,-1,-1,1,-1,-1,-1,-1,1,-1,-1,-1,1,1,-1,-1,1,1,1,-1,1,1,1,1,1,1,-1,1,1,-1,-1,-1,1,-1,1,1,1,1,1,1,-1,-1,-1,-1,1,1,1,-1,-1,-1,-1,1,1,1,-1,1,-1,1,-1,1,-1], length=71 energy=367}
Best result after 330263 ms running: LabsResult{bits=[-1,1,1,-1,1,1,-1,1,1,-1,1,-1,-1,1,-1,-1,-1,-1,1,-1,-1,-1,1,1,-1,-1,1,1,1,-1,1,1,1,1,1,1,-1,1,1,-1,-1,-1,1,-1,1,1,1,1,1,1,-1,-1,-1,-1,1,1,1,-1,-1,-1,-1,1,1,1,-1,1,-1,1,-1,1,-1], length=71 energy=367}
Best result after 335266 ms running: LabsResult{bits=[-1,1,1,-1,1,1,-1,1,1,-1,1,-1,-1,1,-1,-1,-1,-1,1,-1,-1,-1,1,1,-1,-1,1,1,1,-1,1,1,1,1,1,1,-1,1,1,-1,-1,-1,1,-1,1,1,1,1,1,1,-1,-1,-1,-1,1,1,1,-1,-1,-1,-1,1,1,1,-1,1,-1,1,-1,1,-1], length=71 energy=367}
Best result after 340268 ms running: LabsResult{bits=[-1,1,1,-1,1,1,-1,1,1,-1,1,-1,-1,1,-1,-1,-1,-1,1,-1,-1,-1,1,1,-1,-1,1,1,1,-1,1,1,1,1,1,1,-1,1,1,-1,-1,-1,1,-1,1,1,1,1,1,1,-1,-1,-1,-1,1,1,1,-1,-1,-1,-1,1,1,1,-1,1,-1,1,-1,1,-1], length=71 energy=367}
Best result after 345269 ms running: LabsResult{bits=[-1,1,1,-1,1,1,-1,1,1,-1,1,-1,-1,1,-1,-1,-1,-1,1,-1,-1,-1,1,1,-1,-1,1,1,1,-1,1,1,1,1,1,1,-1,1,1,-1,-1,-1,1,-1,1,1,1,1,1,1,-1,-1,-1,-1,1,1,1,-1,-1,-1,-1,1,1,1,-1,1,-1,1,-1,1,-1], length=71 energy=367}
Best result after 350271 ms running: LabsResult{bits=[-1,1,1,-1,1,1,-1,1,1,-1,1,-1,-1,1,-1,-1,-1,-1,1,-1,-1,-1,1,1,-1,-1,1,1,1,-1,1,1,1,1,1,1,-1,1,1,-1,-1,-1,1,-1,1,1,1,1,1,1,-1,-1,-1,-1,1,1,1,-1,-1,-1,-1,1,1,1,-1,1,-1,1,-1,1,-1], length=71 energy=367}
Best result after 355279 ms running: LabsResult{bits=[-1,1,1,-1,1,1,-1,1,1,-1,1,-1,-1,1,-1,-1,-1,-1,1,-1,-1,-1,1,1,-1,-1,1,1,1,-1,1,1,1,1,1,1,-1,1,1,-1,-1,-1,1,-1,1,1,1,1,1,1,-1,-1,-1,-1,1,1,1,-1,-1,-1,-1,1,1,1,-1,1,-1,1,-1,1,-1], length=71 energy=367}
Best result after 360282 ms running: LabsResult{bits=[-1,1,1,-1,1,1,-1,1,1,-1,1,-1,-1,1,-1,-1,-1,-1,1,-1,-1,-1,1,1,-1,-1,1,1,1,-1,1,1,1,1,1,1,-1,1,1,-1,-1,-1,1,-1,1,1,1,1,1,1,-1,-1,-1,-1,1,1,1,-1,-1,-1,-1,1,1,1,-1,1,-1,1,-1,1,-1], length=71 energy=367}
Best result after 365284 ms running: LabsResult{bits=[-1,1,1,-1,1,1,-1,1,1,-1,1,-1,-1,1,-1,-1,-1,-1,1,-1,-1,-1,1,1,-1,-1,1,1,1,-1,1,1,1,1,1,1,-1,1,1,-1,-1,-1,1,-1,1,1,1,1,1,1,-1,-1,-1,-1,1,1,1,-1,-1,-1,-1,1,1,1,-1,1,-1,1,-1,1,-1], length=71 energy=367}
Best result after 370292 ms running: LabsResult{bits=[-1,-1,1,-1,1,-1,1,1,-1,1,-1,-1,-1,-1,1,-1,1,-1,1,1,1,1,1,1,1,-1,-1,1,-1,-1,1,1,1,-1,1,1,-1,-1,1,1,1,1,1,1,-1,1,-1,-1,1,1,-1,1,-1,-1,1,-1,-1,1,1,-1,-1,-1,1,1,1,-1,-1,-1,1,1,1], length=71 energy=355}
Best result after 375292 ms running: LabsResult{bits=[-1,-1,1,-1,1,-1,1,1,-1,1,-1,-1,-1,-1,1,-1,1,-1,1,1,1,1,1,1,1,-1,-1,1,-1,-1,1,1,1,-1,1,1,-1,-1,1,1,1,1,1,1,-1,1,-1,-1,1,1,-1,1,-1,-1,1,-1,-1,1,1,-1,-1,-1,1,1,1,-1,-1,-1,1,1,1], length=71 energy=355}
Best result after 380295 ms running: LabsResult{bits=[-1,-1,1,-1,1,-1,1,1,-1,1,-1,-1,-1,-1,1,-1,1,-1,1,1,1,1,1,1,1,-1,-1,1,-1,-1,1,1,1,-1,1,1,-1,-1,1,1,1,1,1,1,-1,1,-1,-1,1,1,-1,1,-1,-1,1,-1,-1,1,1,-1,-1,-1,1,1,1,-1,-1,-1,1,1,1], length=71 energy=355}
Best result after 385297 ms running: LabsResult{bits=[-1,-1,1,-1,1,-1,1,1,-1,1,-1,-1,-1,-1,1,-1,1,-1,1,1,1,1,1,1,1,-1,-1,1,-1,-1,1,1,1,-1,1,1,-1,-1,1,1,1,1,1,1,-1,1,-1,-1,1,1,-1,1,-1,-1,1,-1,-1,1,1,-1,-1,-1,1,1,1,-1,-1,-1,1,1,1], length=71 energy=355}
Best result after 390300 ms running: LabsResult{bits=[-1,-1,1,-1,1,-1,1,1,-1,1,-1,-1,-1,-1,1,-1,1,-1,1,1,1,1,1,1,1,-1,-1,1,-1,-1,1,1,1,-1,1,1,-1,-1,1,1,1,1,1,1,-1,1,-1,-1,1,1,-1,1,-1,-1,1,-1,-1,1,1,-1,-1,-1,1,1,1,-1,-1,-1,1,1,1], length=71 energy=355}
Best result after 395303 ms running: LabsResult{bits=[-1,-1,1,-1,1,-1,1,1,-1,1,-1,-1,-1,-1,1,-1,1,-1,1,1,1,1,1,1,1,-1,-1,1,-1,-1,1,1,1,-1,1,1,-1,-1,1,1,1,1,1,1,-1,1,-1,-1,1,1,-1,1,-1,-1,1,-1,-1,1,1,-1,-1,-1,1,1,1,-1,-1,-1,1,1,1], length=71 energy=355}
Best result after 400310 ms running: LabsResult{bits=[-1,-1,1,-1,1,-1,1,1,-1,1,-1,-1,-1,-1,1,-1,1,-1,1,1,1,1,1,1,1,-1,-1,1,-1,-1,1,1,1,-1,1,1,-1,-1,1,1,1,1,1,1,-1,1,-1,-1,1,1,-1,1,-1,-1,1,-1,-1,1,1,-1,-1,-1,1,1,1,-1,-1,-1,1,1,1], length=71 energy=355}
Best result after 405313 ms running: LabsResult{bits=[-1,-1,1,-1,1,-1,1,1,-1,1,-1,-1,-1,-1,1,-1,1,-1,1,1,1,1,1,1,1,-1,-1,1,-1,-1,1,1,1,-1,1,1,-1,-1,1,1,1,1,1,1,-1,1,-1,-1,1,1,-1,1,-1,-1,1,-1,-1,1,1,-1,-1,-1,1,1,1,-1,-1,-1,1,1,1], length=71 energy=355}
Best result after 410315 ms running: LabsResult{bits=[-1,-1,1,-1,1,-1,1,1,-1,1,-1,-1,-1,-1,1,-1,1,-1,1,1,1,1,1,1,1,-1,-1,1,-1,-1,1,1,1,-1,1,1,-1,-1,1,1,1,1,1,1,-1,1,-1,-1,1,1,-1,1,-1,-1,1,-1,-1,1,1,-1,-1,-1,1,1,1,-1,-1,-1,1,1,1], length=71 energy=355}
Best result after 415318 ms running: LabsResult{bits=[-1,-1,1,-1,1,-1,1,1,-1,1,-1,-1,-1,-1,1,-1,1,-1,1,1,1,1,1,1,1,-1,-1,1,-1,-1,1,1,1,-1,1,1,-1,-1,1,1,1,1,1,1,-1,1,-1,-1,1,1,-1,1,-1,-1,1,-1,-1,1,1,-1,-1,-1,1,1,1,-1,-1,-1,1,1,1], length=71 energy=355}
Best result after 420323 ms running: LabsResult{bits=[-1,-1,1,-1,1,-1,1,1,-1,1,-1,-1,-1,-1,1,-1,1,-1,1,1,1,1,1,1,1,-1,-1,1,-1,-1,1,1,1,-1,1,1,-1,-1,1,1,1,1,1,1,-1,1,-1,-1,1,1,-1,1,-1,-1,1,-1,-1,1,1,-1,-1,-1,1,1,1,-1,-1,-1,1,1,1], length=71 energy=355}
Best result after 425326 ms running: LabsResult{bits=[-1,-1,1,-1,1,-1,1,1,-1,1,-1,-1,-1,-1,1,-1,1,-1,1,1,1,1,1,1,1,-1,-1,1,-1,-1,1,1,1,-1,1,1,-1,-1,1,1,1,1,1,1,-1,1,-1,-1,1,1,-1,1,-1,-1,1,-1,-1,1,1,-1,-1,-1,1,1,1,-1,-1,-1,1,1,1], length=71 energy=355}
Best result after 430329 ms running: LabsResult{bits=[-1,-1,1,-1,1,-1,1,1,-1,1,-1,-1,-1,-1,1,-1,1,-1,1,1,1,1,1,1,1,-1,-1,1,-1,-1,1,1,1,-1,1,1,-1,-1,1,1,1,1,1,1,-1,1,-1,-1,1,1,-1,1,-1,-1,1,-1,-1,1,1,-1,-1,-1,1,1,1,-1,-1,-1,1,1,1], length=71 energy=355}
Best result after 435332 ms running: LabsResult{bits=[-1,-1,1,-1,1,-1,1,1,-1,1,-1,-1,-1,-1,1,-1,1,-1,1,1,1,1,1,1,1,-1,-1,1,-1,-1,1,1,1,-1,1,1,-1,-1,1,1,1,1,1,1,-1,1,-1,-1,1,1,-1,1,-1,-1,1,-1,-1,1,1,-1,-1,-1,1,1,1,-1,-1,-1,1,1,1], length=71 energy=355}
Best result after 440334 ms running: LabsResult{bits=[-1,-1,1,-1,1,-1,1,1,-1,1,-1,-1,-1,-1,1,-1,1,-1,1,1,1,1,1,1,1,-1,-1,1,-1,-1,1,1,1,-1,1,1,-1,-1,1,1,1,1,1,1,-1,1,-1,-1,1,1,-1,1,-1,-1,1,-1,-1,1,1,-1,-1,-1,1,1,1,-1,-1,-1,1,1,1], length=71 energy=355}
Best result after 445337 ms running: LabsResult{bits=[-1,-1,1,-1,1,-1,1,1,-1,1,-1,-1,-1,-1,1,-1,1,-1,1,1,1,1,1,1,1,-1,-1,1,-1,-1,1,1,1,-1,1,1,-1,-1,1,1,1,1,1,1,-1,1,-1,-1,1,1,-1,1,-1,-1,1,-1,-1,1,1,-1,-1,-1,1,1,1,-1,-1,-1,1,1,1], length=71 energy=355}
Best result after 450339 ms running: LabsResult{bits=[-1,-1,1,-1,1,-1,1,1,-1,1,-1,-1,-1,-1,1,-1,1,-1,1,1,1,1,1,1,1,-1,-1,1,-1,-1,1,1,1,-1,1,1,-1,-1,1,1,1,1,1,1,-1,1,-1,-1,1,1,-1,1,-1,-1,1,-1,-1,1,1,-1,-1,-1,1,1,1,-1,-1,-1,1,1,1], length=71 energy=355}
Best result after 455342 ms running: LabsResult{bits=[-1,-1,1,-1,1,-1,1,1,-1,1,-1,-1,-1,-1,1,-1,1,-1,1,1,1,1,1,1,1,-1,-1,1,-1,-1,1,1,1,-1,1,1,-1,-1,1,1,1,1,1,1,-1,1,-1,-1,1,1,-1,1,-1,-1,1,-1,-1,1,1,-1,-1,-1,1,1,1,-1,-1,-1,1,1,1], length=71 energy=355}
Best result after 460345 ms running: LabsResult{bits=[-1,-1,1,-1,1,-1,1,1,-1,1,-1,-1,-1,-1,1,-1,1,-1,1,1,1,1,1,1,1,-1,-1,1,-1,-1,1,1,1,-1,1,1,-1,-1,1,1,1,1,1,1,-1,1,-1,-1,1,1,-1,1,-1,-1,1,-1,-1,1,1,-1,-1,-1,1,1,1,-1,-1,-1,1,1,1], length=71 energy=355}
Best result after 465353 ms running: LabsResult{bits=[-1,-1,1,-1,1,-1,1,1,-1,1,-1,-1,-1,-1,1,-1,1,-1,1,1,1,1,1,1,1,-1,-1,1,-1,-1,1,1,1,-1,1,1,-1,-1,1,1,1,1,1,1,-1,1,-1,-1,1,1,-1,1,-1,-1,1,-1,-1,1,1,-1,-1,-1,1,1,1,-1,-1,-1,1,1,1], length=71 energy=355}
Best result after 470356 ms running: LabsResult{bits=[-1,-1,1,-1,1,-1,1,1,-1,1,-1,-1,-1,-1,1,-1,1,-1,1,1,1,1,1,1,1,-1,-1,1,-1,-1,1,1,1,-1,1,1,-1,-1,1,1,1,1,1,1,-1,1,-1,-1,1,1,-1,1,-1,-1,1,-1,-1,1,1,-1,-1,-1,1,1,1,-1,-1,-1,1,1,1], length=71 energy=355}
Best result after 475359 ms running: LabsResult{bits=[-1,-1,1,-1,1,-1,1,1,-1,1,-1,-1,-1,-1,1,-1,1,-1,1,1,1,1,1,1,1,-1,-1,1,-1,-1,1,1,1,-1,1,1,-1,-1,1,1,1,1,1,1,-1,1,-1,-1,1,1,-1,1,-1,-1,1,-1,-1,1,1,-1,-1,-1,1,1,1,-1,-1,-1,1,1,1], length=71 energy=355}
Best result after 480362 ms running: LabsResult{bits=[-1,-1,1,-1,1,-1,1,1,-1,1,-1,-1,-1,-1,1,-1,1,-1,1,1,1,1,1,1,1,-1,-1,1,-1,-1,1,1,1,-1,1,1,-1,-1,1,1,1,1,1,1,-1,1,-1,-1,1,1,-1,1,-1,-1,1,-1,-1,1,1,-1,-1,-1,1,1,1,-1,-1,-1,1,1,1], length=71 energy=355}
Best result after 485366 ms running: LabsResult{bits=[-1,-1,1,-1,1,-1,1,1,-1,1,-1,-1,-1,-1,1,-1,1,-1,1,1,1,1,1,1,1,-1,-1,1,-1,-1,1,1,1,-1,1,1,-1,-1,1,1,1,1,1,1,-1,1,-1,-1,1,1,-1,1,-1,-1,1,-1,-1,1,1,-1,-1,-1,1,1,1,-1,-1,-1,1,1,1], length=71 energy=355}
Best result after 490368 ms running: LabsResult{bits=[-1,-1,1,-1,1,-1,1,1,-1,1,-1,-1,-1,-1,1,-1,1,-1,1,1,1,1,1,1,1,-1,-1,1,-1,-1,1,1,1,-1,1,1,-1,-1,1,1,1,1,1,1,-1,1,-1,-1,1,1,-1,1,-1,-1,1,-1,-1,1,1,-1,-1,-1,1,1,1,-1,-1,-1,1,1,1], length=71 energy=355}
Best result after 495371 ms running: LabsResult{bits=[-1,-1,1,-1,1,-1,1,1,-1,1,-1,-1,-1,-1,1,-1,1,-1,1,1,1,1,1,1,1,-1,-1,1,-1,-1,1,1,1,-1,1,1,-1,-1,1,1,1,1,1,1,-1,1,-1,-1,1,1,-1,1,-1,-1,1,-1,-1,1,1,-1,-1,-1,1,1,1,-1,-1,-1,1,1,1], length=71 energy=355}
Best result after 500380 ms running: LabsResult{bits=[-1,-1,1,-1,1,-1,1,1,-1,1,-1,-1,-1,-1,1,-1,1,-1,1,1,1,1,1,1,1,-1,-1,1,-1,-1,1,1,1,-1,1,1,-1,-1,1,1,1,1,1,1,-1,1,-1,-1,1,1,-1,1,-1,-1,1,-1,-1,1,1,-1,-1,-1,1,1,1,-1,-1,-1,1,1,1], length=71 energy=355}
Best result after 505396 ms running: LabsResult{bits=[-1,-1,1,-1,1,-1,1,1,-1,1,-1,-1,-1,-1,1,-1,1,-1,1,1,1,1,1,1,1,-1,-1,1,-1,-1,1,1,1,-1,1,1,-1,-1,1,1,1,1,1,1,-1,1,-1,-1,1,1,-1,1,-1,-1,1,-1,-1,1,1,-1,-1,-1,1,1,1,-1,-1,-1,1,1,1], length=71 energy=355}
Best result after 510399 ms running: LabsResult{bits=[-1,-1,1,-1,1,-1,1,1,-1,1,-1,-1,-1,-1,1,-1,1,-1,1,1,1,1,1,1,1,-1,-1,1,-1,-1,1,1,1,-1,1,1,-1,-1,1,1,1,1,1,1,-1,1,-1,-1,1,1,-1,1,-1,-1,1,-1,-1,1,1,-1,-1,-1,1,1,1,-1,-1,-1,1,1,1], length=71 energy=355}
Best result after 515402 ms running: LabsResult{bits=[-1,-1,1,-1,1,-1,1,1,-1,1,-1,-1,-1,-1,1,-1,1,-1,1,1,1,1,1,1,1,-1,-1,1,-1,-1,1,1,1,-1,1,1,-1,-1,1,1,1,1,1,1,-1,1,-1,-1,1,1,-1,1,-1,-1,1,-1,-1,1,1,-1,-1,-1,1,1,1,-1,-1,-1,1,1,1], length=71 energy=355}
Best result after 520404 ms running: LabsResult{bits=[-1,-1,1,-1,1,-1,1,1,-1,1,-1,-1,-1,-1,1,-1,1,-1,1,1,1,1,1,1,1,-1,-1,1,-1,-1,1,1,1,-1,1,1,-1,-1,1,1,1,1,1,1,-1,1,-1,-1,1,1,-1,1,-1,-1,1,-1,-1,1,1,-1,-1,-1,1,1,1,-1,-1,-1,1,1,1], length=71 energy=355}
Best result after 525407 ms running: LabsResult{bits=[-1,-1,1,-1,1,-1,1,1,-1,1,-1,-1,-1,-1,1,-1,1,-1,1,1,1,1,1,1,1,-1,-1,1,-1,-1,1,1,1,-1,1,1,-1,-1,1,1,1,1,1,1,-1,1,-1,-1,1,1,-1,1,-1,-1,1,-1,-1,1,1,-1,-1,-1,1,1,1,-1,-1,-1,1,1,1], length=71 energy=355}
Best result after 530408 ms running: LabsResult{bits=[-1,-1,1,-1,1,-1,1,1,-1,1,-1,-1,-1,-1,1,-1,1,-1,1,1,1,1,1,1,1,-1,-1,1,-1,-1,1,1,1,-1,1,1,-1,-1,1,1,1,1,1,1,-1,1,-1,-1,1,1,-1,1,-1,-1,1,-1,-1,1,1,-1,-1,-1,1,1,1,-1,-1,-1,1,1,1], length=71 energy=355}
Best result after 535411 ms running: LabsResult{bits=[-1,-1,1,-1,1,-1,1,1,-1,1,-1,-1,-1,-1,1,-1,1,-1,1,1,1,1,1,1,1,-1,-1,1,-1,-1,1,1,1,-1,1,1,-1,-1,1,1,1,1,1,1,-1,1,-1,-1,1,1,-1,1,-1,-1,1,-1,-1,1,1,-1,-1,-1,1,1,1,-1,-1,-1,1,1,1], length=71 energy=355}
Best result after 540414 ms running: LabsResult{bits=[-1,-1,1,-1,1,-1,1,1,-1,1,-1,-1,-1,-1,1,-1,1,-1,1,1,1,1,1,1,1,-1,-1,1,-1,-1,1,1,1,-1,1,1,-1,-1,1,1,1,1,1,1,-1,1,-1,-1,1,1,-1,1,-1,-1,1,-1,-1,1,1,-1,-1,-1,1,1,1,-1,-1,-1,1,1,1], length=71 energy=355}
Best result after 545416 ms running: LabsResult{bits=[-1,-1,1,-1,1,-1,1,1,-1,1,-1,-1,-1,-1,1,-1,1,-1,1,1,1,1,1,1,1,-1,-1,1,-1,-1,1,1,1,-1,1,1,-1,-1,1,1,1,1,1,1,-1,1,-1,-1,1,1,-1,1,-1,-1,1,-1,-1,1,1,-1,-1,-1,1,1,1,-1,-1,-1,1,1,1], length=71 energy=355}
Best result after 550419 ms running: LabsResult{bits=[-1,-1,1,-1,1,-1,1,1,-1,1,-1,-1,-1,-1,1,-1,1,-1,1,1,1,1,1,1,1,-1,-1,1,-1,-1,1,1,1,-1,1,1,-1,-1,1,1,1,1,1,1,-1,1,-1,-1,1,1,-1,1,-1,-1,1,-1,-1,1,1,-1,-1,-1,1,1,1,-1,-1,-1,1,1,1], length=71 energy=355}
Best result after 555422 ms running: LabsResult{bits=[-1,-1,1,-1,1,-1,1,1,-1,1,-1,-1,-1,-1,1,-1,1,-1,1,1,1,1,1,1,1,-1,-1,1,-1,-1,1,1,1,-1,1,1,-1,-1,1,1,1,1,1,1,-1,1,-1,-1,1,1,-1,1,-1,-1,1,-1,-1,1,1,-1,-1,-1,1,1,1,-1,-1,-1,1,1,1], length=71 energy=355}
Best result after 560429 ms running: LabsResult{bits=[-1,-1,1,-1,1,-1,1,1,-1,1,-1,-1,-1,-1,1,-1,1,-1,1,1,1,1,1,1,1,-1,-1,1,-1,-1,1,1,1,-1,1,1,-1,-1,1,1,1,1,1,1,-1,1,-1,-1,1,1,-1,1,-1,-1,1,-1,-1,1,1,-1,-1,-1,1,1,1,-1,-1,-1,1,1,1], length=71 energy=355}
Best result after 565432 ms running: LabsResult{bits=[-1,-1,1,-1,1,-1,1,1,-1,1,-1,-1,-1,-1,1,-1,1,-1,1,1,1,1,1,1,1,-1,-1,1,-1,-1,1,1,1,-1,1,1,-1,-1,1,1,1,1,1,1,-1,1,-1,-1,1,1,-1,1,-1,-1,1,-1,-1,1,1,-1,-1,-1,1,1,1,-1,-1,-1,1,1,1], length=71 energy=355}
Best result after 570435 ms running: LabsResult{bits=[-1,-1,1,-1,1,-1,1,1,-1,1,-1,-1,-1,-1,1,-1,1,-1,1,1,1,1,1,1,1,-1,-1,1,-1,-1,1,1,1,-1,1,1,-1,-1,1,1,1,1,1,1,-1,1,-1,-1,1,1,-1,1,-1,-1,1,-1,-1,1,1,-1,-1,-1,1,1,1,-1,-1,-1,1,1,1], length=71 energy=355}
Best result after 575443 ms running: LabsResult{bits=[-1,-1,1,-1,1,-1,1,1,-1,1,-1,-1,-1,-1,1,-1,1,-1,1,1,1,1,1,1,1,-1,-1,1,-1,-1,1,1,1,-1,1,1,-1,-1,1,1,1,1,1,1,-1,1,-1,-1,1,1,-1,1,-1,-1,1,-1,-1,1,1,-1,-1,-1,1,1,1,-1,-1,-1,1,1,1], length=71 energy=355}
Best result after 580446 ms running: LabsResult{bits=[-1,-1,1,-1,1,-1,1,1,-1,1,-1,-1,-1,-1,1,-1,1,-1,1,1,1,1,1,1,1,-1,-1,1,-1,-1,1,1,1,-1,1,1,-1,-1,1,1,1,1,1,1,-1,1,-1,-1,1,1,-1,1,-1,-1,1,-1,-1,1,1,-1,-1,-1,1,1,1,-1,-1,-1,1,1,1], length=71 energy=355}
Best result after 585449 ms running: LabsResult{bits=[-1,-1,1,-1,1,-1,1,1,-1,1,-1,-1,-1,-1,1,-1,1,-1,1,1,1,1,1,1,1,-1,-1,1,-1,-1,1,1,1,-1,1,1,-1,-1,1,1,1,1,1,1,-1,1,-1,-1,1,1,-1,1,-1,-1,1,-1,-1,1,1,-1,-1,-1,1,1,1,-1,-1,-1,1,1,1], length=71 energy=355}
Best result after 590454 ms running: LabsResult{bits=[-1,-1,1,-1,1,-1,1,1,-1,1,-1,-1,-1,-1,1,-1,1,-1,1,1,1,1,1,1,1,-1,-1,1,-1,-1,1,1,1,-1,1,1,-1,-1,1,1,1,1,1,1,-1,1,-1,-1,1,1,-1,1,-1,-1,1,-1,-1,1,1,-1,-1,-1,1,1,1,-1,-1,-1,1,1,1], length=71 energy=355}
Best result after 595469 ms running: LabsResult{bits=[-1,-1,1,-1,1,-1,1,1,-1,1,-1,-1,-1,-1,1,-1,1,-1,1,1,1,1,1,1,1,-1,-1,1,-1,-1,1,1,1,-1,1,1,-1,-1,1,1,1,1,1,1,-1,1,-1,-1,1,1,-1,1,-1,-1,1,-1,-1,1,1,-1,-1,-1,1,1,1,-1,-1,-1,1,1,1], length=71 energy=355}
Best result after 600477 ms running: LabsResult{bits=[-1,-1,1,-1,1,-1,1,1,-1,1,-1,-1,-1,-1,1,-1,1,-1,1,1,1,1,1,1,1,-1,-1,1,-1,-1,1,1,1,-1,1,1,-1,-1,1,1,1,1,1,1,-1,1,-1,-1,1,1,-1,1,-1,-1,1,-1,-1,1,1,-1,-1,-1,1,1,1,-1,-1,-1,1,1,1], length=71 energy=355}
Best result after 605480 ms running: LabsResult{bits=[-1,-1,1,-1,1,-1,1,1,-1,1,-1,-1,-1,-1,1,-1,1,-1,1,1,1,1,1,1,1,-1,-1,1,-1,-1,1,1,1,-1,1,1,-1,-1,1,1,1,1,1,1,-1,1,-1,-1,1,1,-1,1,-1,-1,1,-1,-1,1,1,-1,-1,-1,1,1,1,-1,-1,-1,1,1,1], length=71 energy=355}
Best result after 610484 ms running: LabsResult{bits=[-1,-1,1,-1,1,-1,1,1,-1,1,-1,-1,-1,-1,1,-1,1,-1,1,1,1,1,1,1,1,-1,-1,1,-1,-1,1,1,1,-1,1,1,-1,-1,1,1,1,1,1,1,-1,1,-1,-1,1,1,-1,1,-1,-1,1,-1,-1,1,1,-1,-1,-1,1,1,1,-1,-1,-1,1,1,1], length=71 energy=355}
Best result after 615487 ms running: LabsResult{bits=[-1,-1,1,-1,1,-1,1,1,-1,1,-1,-1,-1,-1,1,-1,1,-1,1,1,1,1,1,1,1,-1,-1,1,-1,-1,1,1,1,-1,1,1,-1,-1,1,1,1,1,1,1,-1,1,-1,-1,1,1,-1,1,-1,-1,1,-1,-1,1,1,-1,-1,-1,1,1,1,-1,-1,-1,1,1,1], length=71 energy=355}
Best result after 620489 ms running: LabsResult{bits=[-1,-1,1,-1,1,-1,1,1,-1,1,-1,-1,-1,-1,1,-1,1,-1,1,1,1,1,1,1,1,-1,-1,1,-1,-1,1,1,1,-1,1,1,-1,-1,1,1,1,1,1,1,-1,1,-1,-1,1,1,-1,1,-1,-1,1,-1,-1,1,1,-1,-1,-1,1,1,1,-1,-1,-1,1,1,1], length=71 energy=355}
Best result after 625489 ms running: LabsResult{bits=[-1,-1,1,-1,1,-1,1,1,-1,1,-1,-1,-1,-1,1,-1,1,-1,1,1,1,1,1,1,1,-1,-1,1,-1,-1,1,1,1,-1,1,1,-1,-1,1,1,1,1,1,1,-1,1,-1,-1,1,1,-1,1,-1,-1,1,-1,-1,1,1,-1,-1,-1,1,1,1,-1,-1,-1,1,1,1], length=71 energy=355}
Best result after 630493 ms running: LabsResult{bits=[-1,-1,1,-1,1,-1,1,1,-1,1,-1,-1,-1,-1,1,-1,1,-1,1,1,1,1,1,1,1,-1,-1,1,-1,-1,1,1,1,-1,1,1,-1,-1,1,1,1,1,1,1,-1,1,-1,-1,1,1,-1,1,-1,-1,1,-1,-1,1,1,-1,-1,-1,1,1,1,-1,-1,-1,1,1,1], length=71 energy=355}
Best result after 635495 ms running: LabsResult{bits=[-1,-1,1,-1,1,-1,1,1,-1,1,-1,-1,-1,-1,1,-1,1,-1,1,1,1,1,1,1,1,-1,-1,1,-1,-1,1,1,1,-1,1,1,-1,-1,1,1,1,1,1,1,-1,1,-1,-1,1,1,-1,1,-1,-1,1,-1,-1,1,1,-1,-1,-1,1,1,1,-1,-1,-1,1,1,1], length=71 energy=355}
Best result after 640498 ms running: LabsResult{bits=[-1,-1,1,-1,1,-1,1,1,-1,1,-1,-1,-1,-1,1,-1,1,-1,1,1,1,1,1,1,1,-1,-1,1,-1,-1,1,1,1,-1,1,1,-1,-1,1,1,1,1,1,1,-1,1,-1,-1,1,1,-1,1,-1,-1,1,-1,-1,1,1,-1,-1,-1,1,1,1,-1,-1,-1,1,1,1], length=71 energy=355}
Best result after 645500 ms running: LabsResult{bits=[-1,-1,1,-1,1,-1,1,1,-1,1,-1,-1,-1,-1,1,-1,1,-1,1,1,1,1,1,1,1,-1,-1,1,-1,-1,1,1,1,-1,1,1,-1,-1,1,1,1,1,1,1,-1,1,-1,-1,1,1,-1,1,-1,-1,1,-1,-1,1,1,-1,-1,-1,1,1,1,-1,-1,-1,1,1,1], length=71 energy=355}
Best result after 650508 ms running: LabsResult{bits=[-1,-1,1,-1,1,-1,1,1,-1,1,-1,-1,-1,-1,1,-1,1,-1,1,1,1,1,1,1,1,-1,-1,1,-1,-1,1,1,1,-1,1,1,-1,-1,1,1,1,1,1,1,-1,1,-1,-1,1,1,-1,1,-1,-1,1,-1,-1,1,1,-1,-1,-1,1,1,1,-1,-1,-1,1,1,1], length=71 energy=355}
Best result after 655511 ms running: LabsResult{bits=[-1,-1,1,-1,1,-1,1,1,-1,1,-1,-1,-1,-1,1,-1,1,-1,1,1,1,1,1,1,1,-1,-1,1,-1,-1,1,1,1,-1,1,1,-1,-1,1,1,1,1,1,1,-1,1,-1,-1,1,1,-1,1,-1,-1,1,-1,-1,1,1,-1,-1,-1,1,1,1,-1,-1,-1,1,1,1], length=71 energy=355}
Best result after 660515 ms running: LabsResult{bits=[-1,-1,1,-1,1,-1,1,1,-1,1,-1,-1,-1,-1,1,-1,1,-1,1,1,1,1,1,1,1,-1,-1,1,-1,-1,1,1,1,-1,1,1,-1,-1,1,1,1,1,1,1,-1,1,-1,-1,1,1,-1,1,-1,-1,1,-1,-1,1,1,-1,-1,-1,1,1,1,-1,-1,-1,1,1,1], length=71 energy=355}
Best result after 665519 ms running: LabsResult{bits=[-1,-1,1,-1,1,-1,1,1,-1,1,-1,-1,-1,-1,1,-1,1,-1,1,1,1,1,1,1,1,-1,-1,1,-1,-1,1,1,1,-1,1,1,-1,-1,1,1,1,1,1,1,-1,1,-1,-1,1,1,-1,1,-1,-1,1,-1,-1,1,1,-1,-1,-1,1,1,1,-1,-1,-1,1,1,1], length=71 energy=355}
Best result after 670522 ms running: LabsResult{bits=[-1,-1,1,-1,1,-1,1,1,-1,1,-1,-1,-1,-1,1,-1,1,-1,1,1,1,1,1,1,1,-1,-1,1,-1,-1,1,1,1,-1,1,1,-1,-1,1,1,1,1,1,1,-1,1,-1,-1,1,1,-1,1,-1,-1,1,-1,-1,1,1,-1,-1,-1,1,1,1,-1,-1,-1,1,1,1], length=71 energy=355}
Best result after 675523 ms running: LabsResult{bits=[-1,-1,1,-1,1,-1,1,1,-1,1,-1,-1,-1,-1,1,-1,1,-1,1,1,1,1,1,1,1,-1,-1,1,-1,-1,1,1,1,-1,1,1,-1,-1,1,1,1,1,1,1,-1,1,-1,-1,1,1,-1,1,-1,-1,1,-1,-1,1,1,-1,-1,-1,1,1,1,-1,-1,-1,1,1,1], length=71 energy=355}
Best result after 680525 ms running: LabsResult{bits=[-1,-1,1,-1,1,-1,1,1,-1,1,-1,-1,-1,-1,1,-1,1,-1,1,1,1,1,1,1,1,-1,-1,1,-1,-1,1,1,1,-1,1,1,-1,-1,1,1,1,1,1,1,-1,1,-1,-1,1,1,-1,1,-1,-1,1,-1,-1,1,1,-1,-1,-1,1,1,1,-1,-1,-1,1,1,1], length=71 energy=355}
Best result after 685527 ms running: LabsResult{bits=[-1,-1,1,-1,1,-1,1,1,-1,1,-1,-1,-1,-1,1,-1,1,-1,1,1,1,1,1,1,1,-1,-1,1,-1,-1,1,1,1,-1,1,1,-1,-1,1,1,1,1,1,1,-1,1,-1,-1,1,1,-1,1,-1,-1,1,-1,-1,1,1,-1,-1,-1,1,1,1,-1,-1,-1,1,1,1], length=71 energy=355}
Best result after 690529 ms running: LabsResult{bits=[-1,-1,1,-1,1,-1,1,1,-1,1,-1,-1,-1,-1,1,-1,1,-1,1,1,1,1,1,1,1,-1,-1,1,-1,-1,1,1,1,-1,1,1,-1,-1,1,1,1,1,1,1,-1,1,-1,-1,1,1,-1,1,-1,-1,1,-1,-1,1,1,-1,-1,-1,1,1,1,-1,-1,-1,1,1,1], length=71 energy=355}
Best result after 695531 ms running: LabsResult{bits=[-1,-1,1,-1,1,-1,1,1,-1,1,-1,-1,-1,-1,1,-1,1,-1,1,1,1,1,1,1,1,-1,-1,1,-1,-1,1,1,1,-1,1,1,-1,-1,1,1,1,1,1,1,-1,1,-1,-1,1,1,-1,1,-1,-1,1,-1,-1,1,1,-1,-1,-1,1,1,1,-1,-1,-1,1,1,1], length=71 energy=355}
Best result after 700534 ms running: LabsResult{bits=[-1,-1,1,-1,1,-1,1,1,-1,1,-1,-1,-1,-1,1,-1,1,-1,1,1,1,1,1,1,1,-1,-1,1,-1,-1,1,1,1,-1,1,1,-1,-1,1,1,1,1,1,1,-1,1,-1,-1,1,1,-1,1,-1,-1,1,-1,-1,1,1,-1,-1,-1,1,1,1,-1,-1,-1,1,1,1], length=71 energy=355}
Best result after 705536 ms running: LabsResult{bits=[-1,-1,1,-1,1,-1,1,1,-1,1,-1,-1,-1,-1,1,-1,1,-1,1,1,1,1,1,1,1,-1,-1,1,-1,-1,1,1,1,-1,1,1,-1,-1,1,1,1,1,1,1,-1,1,-1,-1,1,1,-1,1,-1,-1,1,-1,-1,1,1,-1,-1,-1,1,1,1,-1,-1,-1,1,1,1], length=71 energy=355}
Best result after 710540 ms running: LabsResult{bits=[-1,-1,1,-1,1,-1,1,1,-1,1,-1,-1,-1,-1,1,-1,1,-1,1,1,1,1,1,1,1,-1,-1,1,-1,-1,1,1,1,-1,1,1,-1,-1,1,1,1,1,1,1,-1,1,-1,-1,1,1,-1,1,-1,-1,1,-1,-1,1,1,-1,-1,-1,1,1,1,-1,-1,-1,1,1,1], length=71 energy=355}
Best result after 715543 ms running: LabsResult{bits=[-1,-1,1,-1,1,-1,1,1,-1,1,-1,-1,-1,-1,1,-1,1,-1,1,1,1,1,1,1,1,-1,-1,1,-1,-1,1,1,1,-1,1,1,-1,-1,1,1,1,1,1,1,-1,1,-1,-1,1,1,-1,1,-1,-1,1,-1,-1,1,1,-1,-1,-1,1,1,1,-1,-1,-1,1,1,1], length=71 energy=355}
Best result after 720545 ms running: LabsResult{bits=[-1,-1,1,-1,1,-1,1,1,-1,1,-1,-1,-1,-1,1,-1,1,-1,1,1,1,1,1,1,1,-1,-1,1,-1,-1,1,1,1,-1,1,1,-1,-1,1,1,1,1,1,1,-1,1,-1,-1,1,1,-1,1,-1,-1,1,-1,-1,1,1,-1,-1,-1,1,1,1,-1,-1,-1,1,1,1], length=71 energy=355}
Best result after 725548 ms running: LabsResult{bits=[-1,-1,1,-1,1,-1,1,1,-1,1,-1,-1,-1,-1,1,-1,1,-1,1,1,1,1,1,1,1,-1,-1,1,-1,-1,1,1,1,-1,1,1,-1,-1,1,1,1,1,1,1,-1,1,-1,-1,1,1,-1,1,-1,-1,1,-1,-1,1,1,-1,-1,-1,1,1,1,-1,-1,-1,1,1,1], length=71 energy=355}
Best result after 730554 ms running: LabsResult{bits=[-1,-1,1,-1,1,-1,1,1,-1,1,-1,-1,-1,-1,1,-1,1,-1,1,1,1,1,1,1,1,-1,-1,1,-1,-1,1,1,1,-1,1,1,-1,-1,1,1,1,1,1,1,-1,1,-1,-1,1,1,-1,1,-1,-1,1,-1,-1,1,1,-1,-1,-1,1,1,1,-1,-1,-1,1,1,1], length=71 energy=355}
Best result after 735555 ms running: LabsResult{bits=[-1,-1,1,-1,1,-1,1,1,-1,1,-1,-1,-1,-1,1,-1,1,-1,1,1,1,1,1,1,1,-1,-1,1,-1,-1,1,1,1,-1,1,1,-1,-1,1,1,1,1,1,1,-1,1,-1,-1,1,1,-1,1,-1,-1,1,-1,-1,1,1,-1,-1,-1,1,1,1,-1,-1,-1,1,1,1], length=71 energy=355}
Best result after 740558 ms running: LabsResult{bits=[-1,-1,1,-1,1,-1,1,1,-1,1,-1,-1,-1,-1,1,-1,1,-1,1,1,1,1,1,1,1,-1,-1,1,-1,-1,1,1,1,-1,1,1,-1,-1,1,1,1,1,1,1,-1,1,-1,-1,1,1,-1,1,-1,-1,1,-1,-1,1,1,-1,-1,-1,1,1,1,-1,-1,-1,1,1,1], length=71 energy=355}
Best result after 745560 ms running: LabsResult{bits=[-1,-1,1,-1,1,-1,1,1,-1,1,-1,-1,-1,-1,1,-1,1,-1,1,1,1,1,1,1,1,-1,-1,1,-1,-1,1,1,1,-1,1,1,-1,-1,1,1,1,1,1,1,-1,1,-1,-1,1,1,-1,1,-1,-1,1,-1,-1,1,1,-1,-1,-1,1,1,1,-1,-1,-1,1,1,1], length=71 energy=355}
Best result after 750563 ms running: LabsResult{bits=[-1,-1,1,-1,1,-1,1,1,-1,1,-1,-1,-1,-1,1,-1,1,-1,1,1,1,1,1,1,1,-1,-1,1,-1,-1,1,1,1,-1,1,1,-1,-1,1,1,1,1,1,1,-1,1,-1,-1,1,1,-1,1,-1,-1,1,-1,-1,1,1,-1,-1,-1,1,1,1,-1,-1,-1,1,1,1], length=71 energy=355}
Best result after 755566 ms running: LabsResult{bits=[-1,-1,1,-1,1,-1,1,1,-1,1,-1,-1,-1,-1,1,-1,1,-1,1,1,1,1,1,1,1,-1,-1,1,-1,-1,1,1,1,-1,1,1,-1,-1,1,1,1,1,1,1,-1,1,-1,-1,1,1,-1,1,-1,-1,1,-1,-1,1,1,-1,-1,-1,1,1,1,-1,-1,-1,1,1,1], length=71 energy=355}
Best result after 760568 ms running: LabsResult{bits=[-1,-1,1,-1,1,-1,1,1,-1,1,-1,-1,-1,-1,1,-1,1,-1,1,1,1,1,1,1,1,-1,-1,1,-1,-1,1,1,1,-1,1,1,-1,-1,1,1,1,1,1,1,-1,1,-1,-1,1,1,-1,1,-1,-1,1,-1,-1,1,1,-1,-1,-1,1,1,1,-1,-1,-1,1,1,1], length=71 energy=355}
Best result after 765570 ms running: LabsResult{bits=[-1,-1,1,-1,1,-1,1,1,-1,1,-1,-1,-1,-1,1,-1,1,-1,1,1,1,1,1,1,1,-1,-1,1,-1,-1,1,1,1,-1,1,1,-1,-1,1,1,1,1,1,1,-1,1,-1,-1,1,1,-1,1,-1,-1,1,-1,-1,1,1,-1,-1,-1,1,1,1,-1,-1,-1,1,1,1], length=71 energy=355}
Best result after 770579 ms running: LabsResult{bits=[-1,-1,1,-1,1,-1,1,1,-1,1,-1,-1,-1,-1,1,-1,1,-1,1,1,1,1,1,1,1,-1,-1,1,-1,-1,1,1,1,-1,1,1,-1,-1,1,1,1,1,1,1,-1,1,-1,-1,1,1,-1,1,-1,-1,1,-1,-1,1,1,-1,-1,-1,1,1,1,-1,-1,-1,1,1,1], length=71 energy=355}
Best result after 775581 ms running: LabsResult{bits=[-1,-1,1,-1,1,-1,1,1,-1,1,-1,-1,-1,-1,1,-1,1,-1,1,1,1,1,1,1,1,-1,-1,1,-1,-1,1,1,1,-1,1,1,-1,-1,1,1,1,1,1,1,-1,1,-1,-1,1,1,-1,1,-1,-1,1,-1,-1,1,1,-1,-1,-1,1,1,1,-1,-1,-1,1,1,1], length=71 energy=355}
Best result after 780582 ms running: LabsResult{bits=[-1,-1,1,-1,1,-1,1,1,-1,1,-1,-1,-1,-1,1,-1,1,-1,1,1,1,1,1,1,1,-1,-1,1,-1,-1,1,1,1,-1,1,1,-1,-1,1,1,1,1,1,1,-1,1,-1,-1,1,1,-1,1,-1,-1,1,-1,-1,1,1,-1,-1,-1,1,1,1,-1,-1,-1,1,1,1], length=71 energy=355}
Best result after 785584 ms running: LabsResult{bits=[-1,-1,1,-1,1,-1,1,1,-1,1,-1,-1,-1,-1,1,-1,1,-1,1,1,1,1,1,1,1,-1,-1,1,-1,-1,1,1,1,-1,1,1,-1,-1,1,1,1,1,1,1,-1,1,-1,-1,1,1,-1,1,-1,-1,1,-1,-1,1,1,-1,-1,-1,1,1,1,-1,-1,-1,1,1,1], length=71 energy=355}
Best result after 790587 ms running: LabsResult{bits=[-1,-1,1,-1,1,-1,1,1,-1,1,-1,-1,-1,-1,1,-1,1,-1,1,1,1,1,1,1,1,-1,-1,1,-1,-1,1,1,1,-1,1,1,-1,-1,1,1,1,1,1,1,-1,1,-1,-1,1,1,-1,1,-1,-1,1,-1,-1,1,1,-1,-1,-1,1,1,1,-1,-1,-1,1,1,1], length=71 energy=355}
Best result after 795590 ms running: LabsResult{bits=[-1,-1,1,-1,1,-1,1,1,-1,1,-1,-1,-1,-1,1,-1,1,-1,1,1,1,1,1,1,1,-1,-1,1,-1,-1,1,1,1,-1,1,1,-1,-1,1,1,1,1,1,1,-1,1,-1,-1,1,1,-1,1,-1,-1,1,-1,-1,1,1,-1,-1,-1,1,1,1,-1,-1,-1,1,1,1], length=71 energy=355}
Best result after 800593 ms running: LabsResult{bits=[-1,-1,1,-1,1,-1,1,1,-1,1,-1,-1,-1,-1,1,-1,1,-1,1,1,1,1,1,1,1,-1,-1,1,-1,-1,1,1,1,-1,1,1,-1,-1,1,1,1,1,1,1,-1,1,-1,-1,1,1,-1,1,-1,-1,1,-1,-1,1,1,-1,-1,-1,1,1,1,-1,-1,-1,1,1,1], length=71 energy=355}
Best result after 805595 ms running: LabsResult{bits=[-1,-1,1,-1,1,-1,1,1,-1,1,-1,-1,-1,-1,1,-1,1,-1,1,1,1,1,1,1,1,-1,-1,1,-1,-1,1,1,1,-1,1,1,-1,-1,1,1,1,1,1,1,-1,1,-1,-1,1,1,-1,1,-1,-1,1,-1,-1,1,1,-1,-1,-1,1,1,1,-1,-1,-1,1,1,1], length=71 energy=355}
Best result after 810598 ms running: LabsResult{bits=[-1,-1,1,-1,1,-1,1,1,-1,1,-1,-1,-1,-1,1,-1,1,-1,1,1,1,1,1,1,1,-1,-1,1,-1,-1,1,1,1,-1,1,1,-1,-1,1,1,1,1,1,1,-1,1,-1,-1,1,1,-1,1,-1,-1,1,-1,-1,1,1,-1,-1,-1,1,1,1,-1,-1,-1,1,1,1], length=71 energy=355}
Best result after 815601 ms running: LabsResult{bits=[-1,-1,1,-1,1,-1,1,1,-1,1,-1,-1,-1,-1,1,-1,1,-1,1,1,1,1,1,1,1,-1,-1,1,-1,-1,1,1,1,-1,1,1,-1,-1,1,1,1,1,1,1,-1,1,-1,-1,1,1,-1,1,-1,-1,1,-1,-1,1,1,-1,-1,-1,1,1,1,-1,-1,-1,1,1,1], length=71 energy=355}
Best result after 820602 ms running: LabsResult{bits=[-1,-1,1,-1,1,-1,1,1,-1,1,-1,-1,-1,-1,1,-1,1,-1,1,1,1,1,1,1,1,-1,-1,1,-1,-1,1,1,1,-1,1,1,-1,-1,1,1,1,1,1,1,-1,1,-1,-1,1,1,-1,1,-1,-1,1,-1,-1,1,1,-1,-1,-1,1,1,1,-1,-1,-1,1,1,1], length=71 energy=355}
Best result after 825603 ms running: LabsResult{bits=[-1,-1,1,-1,1,-1,1,1,-1,1,-1,-1,-1,-1,1,-1,1,-1,1,1,1,1,1,1,1,-1,-1,1,-1,-1,1,1,1,-1,1,1,-1,-1,1,1,1,1,1,1,-1,1,-1,-1,1,1,-1,1,-1,-1,1,-1,-1,1,1,-1,-1,-1,1,1,1,-1,-1,-1,1,1,1], length=71 energy=355}
Best result after 830607 ms running: LabsResult{bits=[-1,-1,1,-1,1,-1,1,1,-1,1,-1,-1,-1,-1,1,-1,1,-1,1,1,1,1,1,1,1,-1,-1,1,-1,-1,1,1,1,-1,1,1,-1,-1,1,1,1,1,1,1,-1,1,-1,-1,1,1,-1,1,-1,-1,1,-1,-1,1,1,-1,-1,-1,1,1,1,-1,-1,-1,1,1,1], length=71 energy=355}
Best result after 835611 ms running: LabsResult{bits=[-1,-1,1,-1,1,-1,1,1,-1,1,-1,-1,-1,-1,1,-1,1,-1,1,1,1,1,1,1,1,-1,-1,1,-1,-1,1,1,1,-1,1,1,-1,-1,1,1,1,1,1,1,-1,1,-1,-1,1,1,-1,1,-1,-1,1,-1,-1,1,1,-1,-1,-1,1,1,1,-1,-1,-1,1,1,1], length=71 energy=355}
Best result after 840614 ms running: LabsResult{bits=[-1,-1,1,-1,1,-1,1,1,-1,1,-1,-1,-1,-1,1,-1,1,-1,1,1,1,1,1,1,1,-1,-1,1,-1,-1,1,1,1,-1,1,1,-1,-1,1,1,1,1,1,1,-1,1,-1,-1,1,1,-1,1,-1,-1,1,-1,-1,1,1,-1,-1,-1,1,1,1,-1,-1,-1,1,1,1], length=71 energy=355}
Best result after 845616 ms running: LabsResult{bits=[-1,-1,1,-1,1,-1,1,1,-1,1,-1,-1,-1,-1,1,-1,1,-1,1,1,1,1,1,1,1,-1,-1,1,-1,-1,1,1,1,-1,1,1,-1,-1,1,1,1,1,1,1,-1,1,-1,-1,1,1,-1,1,-1,-1,1,-1,-1,1,1,-1,-1,-1,1,1,1,-1,-1,-1,1,1,1], length=71 energy=355}
Best result after 850618 ms running: LabsResult{bits=[-1,-1,1,-1,1,-1,1,1,-1,1,-1,-1,-1,-1,1,-1,1,-1,1,1,1,1,1,1,1,-1,-1,1,-1,-1,1,1,1,-1,1,1,-1,-1,1,1,1,1,1,1,-1,1,-1,-1,1,1,-1,1,-1,-1,1,-1,-1,1,1,-1,-1,-1,1,1,1,-1,-1,-1,1,1,1], length=71 energy=355}
Best result after 855622 ms running: LabsResult{bits=[-1,-1,1,-1,1,-1,1,1,-1,1,-1,-1,-1,-1,1,-1,1,-1,1,1,1,1,1,1,1,-1,-1,1,-1,-1,1,1,1,-1,1,1,-1,-1,1,1,1,1,1,1,-1,1,-1,-1,1,1,-1,1,-1,-1,1,-1,-1,1,1,-1,-1,-1,1,1,1,-1,-1,-1,1,1,1], length=71 energy=355}
Best result after 860624 ms running: LabsResult{bits=[-1,-1,1,-1,1,-1,1,1,-1,1,-1,-1,-1,-1,1,-1,1,-1,1,1,1,1,1,1,1,-1,-1,1,-1,-1,1,1,1,-1,1,1,-1,-1,1,1,1,1,1,1,-1,1,-1,-1,1,1,-1,1,-1,-1,1,-1,-1,1,1,-1,-1,-1,1,1,1,-1,-1,-1,1,1,1], length=71 energy=355}
Best result after 865627 ms running: LabsResult{bits=[-1,-1,1,-1,1,-1,1,1,-1,1,-1,-1,-1,-1,1,-1,1,-1,1,1,1,1,1,1,1,-1,-1,1,-1,-1,1,1,1,-1,1,1,-1,-1,1,1,1,1,1,1,-1,1,-1,-1,1,1,-1,1,-1,-1,1,-1,-1,1,1,-1,-1,-1,1,1,1,-1,-1,-1,1,1,1], length=71 energy=355}
Best result after 870630 ms running: LabsResult{bits=[-1,-1,1,-1,1,-1,1,1,-1,1,-1,-1,-1,-1,1,-1,1,-1,1,1,1,1,1,1,1,-1,-1,1,-1,-1,1,1,1,-1,1,1,-1,-1,1,1,1,1,1,1,-1,1,-1,-1,1,1,-1,1,-1,-1,1,-1,-1,1,1,-1,-1,-1,1,1,1,-1,-1,-1,1,1,1], length=71 energy=355}
Best result after 875633 ms running: LabsResult{bits=[-1,-1,1,-1,1,-1,1,1,-1,1,-1,-1,-1,-1,1,-1,1,-1,1,1,1,1,1,1,1,-1,-1,1,-1,-1,1,1,1,-1,1,1,-1,-1,1,1,1,1,1,1,-1,1,-1,-1,1,1,-1,1,-1,-1,1,-1,-1,1,1,-1,-1,-1,1,1,1,-1,-1,-1,1,1,1], length=71 energy=355}
Best result after 880637 ms running: LabsResult{bits=[-1,-1,1,-1,1,-1,1,1,-1,1,-1,-1,-1,-1,1,-1,1,-1,1,1,1,1,1,1,1,-1,-1,1,-1,-1,1,1,1,-1,1,1,-1,-1,1,1,1,1,1,1,-1,1,-1,-1,1,1,-1,1,-1,-1,1,-1,-1,1,1,-1,-1,-1,1,1,1,-1,-1,-1,1,1,1], length=71 energy=355}
Best result after 885639 ms running: LabsResult{bits=[-1,-1,1,-1,1,-1,1,1,-1,1,-1,-1,-1,-1,1,-1,1,-1,1,1,1,1,1,1,1,-1,-1,1,-1,-1,1,1,1,-1,1,1,-1,-1,1,1,1,1,1,1,-1,1,-1,-1,1,1,-1,1,-1,-1,1,-1,-1,1,1,-1,-1,-1,1,1,1,-1,-1,-1,1,1,1], length=71 energy=355}
Best result after 890642 ms running: LabsResult{bits=[-1,-1,1,-1,1,-1,1,1,-1,1,-1,-1,-1,-1,1,-1,1,-1,1,1,1,1,1,1,1,-1,-1,1,-1,-1,1,1,1,-1,1,1,-1,-1,1,1,1,1,1,1,-1,1,-1,-1,1,1,-1,1,-1,-1,1,-1,-1,1,1,-1,-1,-1,1,1,1,-1,-1,-1,1,1,1], length=71 energy=355}
Best result after 895646 ms running: LabsResult{bits=[-1,-1,1,-1,1,-1,1,1,-1,1,-1,-1,-1,-1,1,-1,1,-1,1,1,1,1,1,1,1,-1,-1,1,-1,-1,1,1,1,-1,1,1,-1,-1,1,1,1,1,1,1,-1,1,-1,-1,1,1,-1,1,-1,-1,1,-1,-1,1,1,-1,-1,-1,1,1,1,-1,-1,-1,1,1,1], length=71 energy=355}
Best result after 900649 ms running: LabsResult{bits=[-1,-1,1,-1,1,-1,1,1,-1,1,-1,-1,-1,-1,1,-1,1,-1,1,1,1,1,1,1,1,-1,-1,1,-1,-1,1,1,1,-1,1,1,-1,-1,1,1,1,1,1,1,-1,1,-1,-1,1,1,-1,1,-1,-1,1,-1,-1,1,1,-1,-1,-1,1,1,1,-1,-1,-1,1,1,1], length=71 energy=355}
Best result after 905650 ms running: LabsResult{bits=[-1,-1,1,-1,1,-1,1,1,-1,1,-1,-1,-1,-1,1,-1,1,-1,1,1,1,1,1,1,1,-1,-1,1,-1,-1,1,1,1,-1,1,1,-1,-1,1,1,1,1,1,1,-1,1,-1,-1,1,1,-1,1,-1,-1,1,-1,-1,1,1,-1,-1,-1,1,1,1,-1,-1,-1,1,1,1], length=71 energy=355}
Best result after 910652 ms running: LabsResult{bits=[-1,-1,1,-1,1,-1,1,1,-1,1,-1,-1,-1,-1,1,-1,1,-1,1,1,1,1,1,1,1,-1,-1,1,-1,-1,1,1,1,-1,1,1,-1,-1,1,1,1,1,1,1,-1,1,-1,-1,1,1,-1,1,-1,-1,1,-1,-1,1,1,-1,-1,-1,1,1,1,-1,-1,-1,1,1,1], length=71 energy=355}
Best result after 915661 ms running: LabsResult{bits=[-1,-1,1,-1,1,-1,1,1,-1,1,-1,-1,-1,-1,1,-1,1,-1,1,1,1,1,1,1,1,-1,-1,1,-1,-1,1,1,1,-1,1,1,-1,-1,1,1,1,1,1,1,-1,1,-1,-1,1,1,-1,1,-1,-1,1,-1,-1,1,1,-1,-1,-1,1,1,1,-1,-1,-1,1,1,1], length=71 energy=355}
Best result after 920663 ms running: LabsResult{bits=[-1,-1,1,-1,1,-1,1,1,-1,1,-1,-1,-1,-1,1,-1,1,-1,1,1,1,1,1,1,1,-1,-1,1,-1,-1,1,1,1,-1,1,1,-1,-1,1,1,1,1,1,1,-1,1,-1,-1,1,1,-1,1,-1,-1,1,-1,-1,1,1,-1,-1,-1,1,1,1,-1,-1,-1,1,1,1], length=71 energy=355}
Best result after 925666 ms running: LabsResult{bits=[-1,-1,1,-1,1,-1,1,1,-1,1,-1,-1,-1,-1,1,-1,1,-1,1,1,1,1,1,1,1,-1,-1,1,-1,-1,1,1,1,-1,1,1,-1,-1,1,1,1,1,1,1,-1,1,-1,-1,1,1,-1,1,-1,-1,1,-1,-1,1,1,-1,-1,-1,1,1,1,-1,-1,-1,1,1,1], length=71 energy=355}
Best result after 930671 ms running: LabsResult{bits=[-1,-1,1,-1,1,-1,1,1,-1,1,-1,-1,-1,-1,1,-1,1,-1,1,1,1,1,1,1,1,-1,-1,1,-1,-1,1,1,1,-1,1,1,-1,-1,1,1,1,1,1,1,-1,1,-1,-1,1,1,-1,1,-1,-1,1,-1,-1,1,1,-1,-1,-1,1,1,1,-1,-1,-1,1,1,1], length=71 energy=355}
Best result after 935673 ms running: LabsResult{bits=[-1,-1,1,-1,1,-1,1,1,-1,1,-1,-1,-1,-1,1,-1,1,-1,1,1,1,1,1,1,1,-1,-1,1,-1,-1,1,1,1,-1,1,1,-1,-1,1,1,1,1,1,1,-1,1,-1,-1,1,1,-1,1,-1,-1,1,-1,-1,1,1,-1,-1,-1,1,1,1,-1,-1,-1,1,1,1], length=71 energy=355}
Best result after 940676 ms running: LabsResult{bits=[-1,-1,1,-1,1,-1,1,1,-1,1,-1,-1,-1,-1,1,-1,1,-1,1,1,1,1,1,1,1,-1,-1,1,-1,-1,1,1,1,-1,1,1,-1,-1,1,1,1,1,1,1,-1,1,-1,-1,1,1,-1,1,-1,-1,1,-1,-1,1,1,-1,-1,-1,1,1,1,-1,-1,-1,1,1,1], length=71 energy=355}
Best result after 945679 ms running: LabsResult{bits=[-1,-1,1,-1,1,-1,1,1,-1,1,-1,-1,-1,-1,1,-1,1,-1,1,1,1,1,1,1,1,-1,-1,1,-1,-1,1,1,1,-1,1,1,-1,-1,1,1,1,1,1,1,-1,1,-1,-1,1,1,-1,1,-1,-1,1,-1,-1,1,1,-1,-1,-1,1,1,1,-1,-1,-1,1,1,1], length=71 energy=355}
Best result after 950685 ms running: LabsResult{bits=[-1,-1,1,-1,1,-1,1,1,-1,1,-1,-1,-1,-1,1,-1,1,-1,1,1,1,1,1,1,1,-1,-1,1,-1,-1,1,1,1,-1,1,1,-1,-1,1,1,1,1,1,1,-1,1,-1,-1,1,1,-1,1,-1,-1,1,-1,-1,1,1,-1,-1,-1,1,1,1,-1,-1,-1,1,1,1], length=71 energy=355}
Best result after 955687 ms running: LabsResult{bits=[-1,-1,1,-1,1,-1,1,1,-1,1,-1,-1,-1,-1,1,-1,1,-1,1,1,1,1,1,1,1,-1,-1,1,-1,-1,1,1,1,-1,1,1,-1,-1,1,1,1,1,1,1,-1,1,-1,-1,1,1,-1,1,-1,-1,1,-1,-1,1,1,-1,-1,-1,1,1,1,-1,-1,-1,1,1,1], length=71 energy=355}
Best result after 960689 ms running: LabsResult{bits=[-1,-1,1,-1,1,-1,1,1,-1,1,-1,-1,-1,-1,1,-1,1,-1,1,1,1,1,1,1,1,-1,-1,1,-1,-1,1,1,1,-1,1,1,-1,-1,1,1,1,1,1,1,-1,1,-1,-1,1,1,-1,1,-1,-1,1,-1,-1,1,1,-1,-1,-1,1,1,1,-1,-1,-1,1,1,1], length=71 energy=355}
Best result after 965699 ms running: LabsResult{bits=[-1,-1,1,-1,1,-1,1,1,-1,1,-1,-1,-1,-1,1,-1,1,-1,1,1,1,1,1,1,1,-1,-1,1,-1,-1,1,1,1,-1,1,1,-1,-1,1,1,1,1,1,1,-1,1,-1,-1,1,1,-1,1,-1,-1,1,-1,-1,1,1,-1,-1,-1,1,1,1,-1,-1,-1,1,1,1], length=71 energy=355}
Best result after 970702 ms running: LabsResult{bits=[-1,-1,1,-1,1,-1,1,1,-1,1,-1,-1,-1,-1,1,-1,1,-1,1,1,1,1,1,1,1,-1,-1,1,-1,-1,1,1,1,-1,1,1,-1,-1,1,1,1,1,1,1,-1,1,-1,-1,1,1,-1,1,-1,-1,1,-1,-1,1,1,-1,-1,-1,1,1,1,-1,-1,-1,1,1,1], length=71 energy=355}
Best result after 975704 ms running: LabsResult{bits=[-1,-1,1,-1,1,-1,1,1,-1,1,-1,-1,-1,-1,1,-1,1,-1,1,1,1,1,1,1,1,-1,-1,1,-1,-1,1,1,1,-1,1,1,-1,-1,1,1,1,1,1,1,-1,1,-1,-1,1,1,-1,1,-1,-1,1,-1,-1,1,1,-1,-1,-1,1,1,1,-1,-1,-1,1,1,1], length=71 energy=355}
Best result after 980708 ms running: LabsResult{bits=[-1,-1,1,-1,1,-1,1,1,-1,1,-1,-1,-1,-1,1,-1,1,-1,1,1,1,1,1,1,1,-1,-1,1,-1,-1,1,1,1,-1,1,1,-1,-1,1,1,1,1,1,1,-1,1,-1,-1,1,1,-1,1,-1,-1,1,-1,-1,1,1,-1,-1,-1,1,1,1,-1,-1,-1,1,1,1], length=71 energy=355}
Best result after 985710 ms running: LabsResult{bits=[-1,-1,1,-1,1,-1,1,1,-1,1,-1,-1,-1,-1,1,-1,1,-1,1,1,1,1,1,1,1,-1,-1,1,-1,-1,1,1,1,-1,1,1,-1,-1,1,1,1,1,1,1,-1,1,-1,-1,1,1,-1,1,-1,-1,1,-1,-1,1,1,-1,-1,-1,1,1,1,-1,-1,-1,1,1,1], length=71 energy=355}
Best result after 990713 ms running: LabsResult{bits=[-1,-1,1,-1,1,-1,1,1,-1,1,-1,-1,-1,-1,1,-1,1,-1,1,1,1,1,1,1,1,-1,-1,1,-1,-1,1,1,1,-1,1,1,-1,-1,1,1,1,1,1,1,-1,1,-1,-1,1,1,-1,1,-1,-1,1,-1,-1,1,1,-1,-1,-1,1,1,1,-1,-1,-1,1,1,1], length=71 energy=355}
Best result after 995715 ms running: LabsResult{bits=[-1,-1,1,-1,1,-1,1,1,-1,1,-1,-1,-1,-1,1,-1,1,-1,1,1,1,1,1,1,1,-1,-1,1,-1,-1,1,1,1,-1,1,1,-1,-1,1,1,1,1,1,1,-1,1,-1,-1,1,1,-1,1,-1,-1,1,-1,-1,1,1,-1,-1,-1,1,1,1,-1,-1,-1,1,1,1], length=71 energy=355}
Best result after 1000720 ms running: LabsResult{bits=[-1,-1,1,-1,1,-1,1,1,-1,1,-1,-1,-1,-1,1,-1,1,-1,1,1,1,1,1,1,1,-1,-1,1,-1,-1,1,1,1,-1,1,1,-1,-1,1,1,1,1,1,1,-1,1,-1,-1,1,1,-1,1,-1,-1,1,-1,-1,1,1,-1,-1,-1,1,1,1,-1,-1,-1,1,1,1], length=71 energy=355}
Best result after 1005723 ms running: LabsResult{bits=[-1,-1,1,-1,1,-1,1,1,-1,1,-1,-1,-1,-1,1,-1,1,-1,1,1,1,1,1,1,1,-1,-1,1,-1,-1,1,1,1,-1,1,1,-1,-1,1,1,1,1,1,1,-1,1,-1,-1,1,1,-1,1,-1,-1,1,-1,-1,1,1,-1,-1,-1,1,1,1,-1,-1,-1,1,1,1], length=71 energy=355}
Best result after 1010726 ms running: LabsResult{bits=[-1,-1,1,-1,1,-1,1,1,-1,1,-1,-1,-1,-1,1,-1,1,-1,1,1,1,1,1,1,1,-1,-1,1,-1,-1,1,1,1,-1,1,1,-1,-1,1,1,1,1,1,1,-1,1,-1,-1,1,1,-1,1,-1,-1,1,-1,-1,1,1,-1,-1,-1,1,1,1,-1,-1,-1,1,1,1], length=71 energy=355}
Best result after 1015728 ms running: LabsResult{bits=[-1,-1,1,-1,1,-1,1,1,-1,1,-1,-1,-1,-1,1,-1,1,-1,1,1,1,1,1,1,1,-1,-1,1,-1,-1,1,1,1,-1,1,1,-1,-1,1,1,1,1,1,1,-1,1,-1,-1,1,1,-1,1,-1,-1,1,-1,-1,1,1,-1,-1,-1,1,1,1,-1,-1,-1,1,1,1], length=71 energy=355}
Best result after 1020733 ms running: LabsResult{bits=[-1,-1,1,-1,1,-1,1,1,-1,1,-1,-1,-1,-1,1,-1,1,-1,1,1,1,1,1,1,1,-1,-1,1,-1,-1,1,1,1,-1,1,1,-1,-1,1,1,1,1,1,1,-1,1,-1,-1,1,1,-1,1,-1,-1,1,-1,-1,1,1,-1,-1,-1,1,1,1,-1,-1,-1,1,1,1], length=71 energy=355}
Best result after 1025734 ms running: LabsResult{bits=[-1,-1,1,-1,1,-1,1,1,-1,1,-1,-1,-1,-1,1,-1,1,-1,1,1,1,1,1,1,1,-1,-1,1,-1,-1,1,1,1,-1,1,1,-1,-1,1,1,1,1,1,1,-1,1,-1,-1,1,1,-1,1,-1,-1,1,-1,-1,1,1,-1,-1,-1,1,1,1,-1,-1,-1,1,1,1], length=71 energy=355}
Best result after 1030736 ms running: LabsResult{bits=[-1,-1,1,-1,1,-1,1,1,-1,1,-1,-1,-1,-1,1,-1,1,-1,1,1,1,1,1,1,1,-1,-1,1,-1,-1,1,1,1,-1,1,1,-1,-1,1,1,1,1,1,1,-1,1,-1,-1,1,1,-1,1,-1,-1,1,-1,-1,1,1,-1,-1,-1,1,1,1,-1,-1,-1,1,1,1], length=71 energy=355}
Best result after 1035737 ms running: LabsResult{bits=[-1,-1,1,-1,1,-1,1,1,-1,1,-1,-1,-1,-1,1,-1,1,-1,1,1,1,1,1,1,1,-1,-1,1,-1,-1,1,1,1,-1,1,1,-1,-1,1,1,1,1,1,1,-1,1,-1,-1,1,1,-1,1,-1,-1,1,-1,-1,1,1,-1,-1,-1,1,1,1,-1,-1,-1,1,1,1], length=71 energy=355}
Best result after 1040740 ms running: LabsResult{bits=[-1,-1,1,-1,1,-1,1,1,-1,1,-1,-1,-1,-1,1,-1,1,-1,1,1,1,1,1,1,1,-1,-1,1,-1,-1,1,1,1,-1,1,1,-1,-1,1,1,1,1,1,1,-1,1,-1,-1,1,1,-1,1,-1,-1,1,-1,-1,1,1,-1,-1,-1,1,1,1,-1,-1,-1,1,1,1], length=71 energy=355}
Best result after 1045743 ms running: LabsResult{bits=[-1,-1,1,-1,1,-1,1,1,-1,1,-1,-1,-1,-1,1,-1,1,-1,1,1,1,1,1,1,1,-1,-1,1,-1,-1,1,1,1,-1,1,1,-1,-1,1,1,1,1,1,1,-1,1,-1,-1,1,1,-1,1,-1,-1,1,-1,-1,1,1,-1,-1,-1,1,1,1,-1,-1,-1,1,1,1], length=71 energy=355}
Best result after 1050745 ms running: LabsResult{bits=[-1,-1,1,-1,1,-1,1,1,-1,1,-1,-1,-1,-1,1,-1,1,-1,1,1,1,1,1,1,1,-1,-1,1,-1,-1,1,1,1,-1,1,1,-1,-1,1,1,1,1,1,1,-1,1,-1,-1,1,1,-1,1,-1,-1,1,-1,-1,1,1,-1,-1,-1,1,1,1,-1,-1,-1,1,1,1], length=71 energy=355}
Best result after 1055748 ms running: LabsResult{bits=[-1,-1,1,-1,1,-1,1,1,-1,1,-1,-1,-1,-1,1,-1,1,-1,1,1,1,1,1,1,1,-1,-1,1,-1,-1,1,1,1,-1,1,1,-1,-1,1,1,1,1,1,1,-1,1,-1,-1,1,1,-1,1,-1,-1,1,-1,-1,1,1,-1,-1,-1,1,1,1,-1,-1,-1,1,1,1], length=71 energy=355}
Best result after 1060751 ms running: LabsResult{bits=[-1,-1,1,-1,1,-1,1,1,-1,1,-1,-1,-1,-1,1,-1,1,-1,1,1,1,1,1,1,1,-1,-1,1,-1,-1,1,1,1,-1,1,1,-1,-1,1,1,1,1,1,1,-1,1,-1,-1,1,1,-1,1,-1,-1,1,-1,-1,1,1,-1,-1,-1,1,1,1,-1,-1,-1,1,1,1], length=71 energy=355}
Best result after 1065753 ms running: LabsResult{bits=[-1,-1,1,-1,1,-1,1,1,-1,1,-1,-1,-1,-1,1,-1,1,-1,1,1,1,1,1,1,1,-1,-1,1,-1,-1,1,1,1,-1,1,1,-1,-1,1,1,1,1,1,1,-1,1,-1,-1,1,1,-1,1,-1,-1,1,-1,-1,1,1,-1,-1,-1,1,1,1,-1,-1,-1,1,1,1], length=71 energy=355}
Best result after 1070756 ms running: LabsResult{bits=[-1,-1,1,-1,1,-1,1,1,-1,1,-1,-1,-1,-1,1,-1,1,-1,1,1,1,1,1,1,1,-1,-1,1,-1,-1,1,1,1,-1,1,1,-1,-1,1,1,1,1,1,1,-1,1,-1,-1,1,1,-1,1,-1,-1,1,-1,-1,1,1,-1,-1,-1,1,1,1,-1,-1,-1,1,1,1], length=71 energy=355}
Best result after 1075759 ms running: LabsResult{bits=[-1,-1,1,-1,1,-1,1,1,-1,1,-1,-1,-1,-1,1,-1,1,-1,1,1,1,1,1,1,1,-1,-1,1,-1,-1,1,1,1,-1,1,1,-1,-1,1,1,1,1,1,1,-1,1,-1,-1,1,1,-1,1,-1,-1,1,-1,-1,1,1,-1,-1,-1,1,1,1,-1,-1,-1,1,1,1], length=71 energy=355}
Best result after 1080767 ms running: LabsResult{bits=[-1,-1,1,-1,1,-1,1,1,-1,1,-1,-1,-1,-1,1,-1,1,-1,1,1,1,1,1,1,1,-1,-1,1,-1,-1,1,1,1,-1,1,1,-1,-1,1,1,1,1,1,1,-1,1,-1,-1,1,1,-1,1,-1,-1,1,-1,-1,1,1,-1,-1,-1,1,1,1,-1,-1,-1,1,1,1], length=71 energy=355}
Best result after 1085770 ms running: LabsResult{bits=[-1,-1,1,-1,1,-1,1,1,-1,1,-1,-1,-1,-1,1,-1,1,-1,1,1,1,1,1,1,1,-1,-1,1,-1,-1,1,1,1,-1,1,1,-1,-1,1,1,1,1,1,1,-1,1,-1,-1,1,1,-1,1,-1,-1,1,-1,-1,1,1,-1,-1,-1,1,1,1,-1,-1,-1,1,1,1], length=71 energy=355}
Best result after 1090779 ms running: LabsResult{bits=[-1,-1,1,-1,1,-1,1,1,-1,1,-1,-1,-1,-1,1,-1,1,-1,1,1,1,1,1,1,1,-1,-1,1,-1,-1,1,1,1,-1,1,1,-1,-1,1,1,1,1,1,1,-1,1,-1,-1,1,1,-1,1,-1,-1,1,-1,-1,1,1,-1,-1,-1,1,1,1,-1,-1,-1,1,1,1], length=71 energy=355}
Best result after 1095782 ms running: LabsResult{bits=[-1,-1,1,-1,1,-1,1,1,-1,1,-1,-1,-1,-1,1,-1,1,-1,1,1,1,1,1,1,1,-1,-1,1,-1,-1,1,1,1,-1,1,1,-1,-1,1,1,1,1,1,1,-1,1,-1,-1,1,1,-1,1,-1,-1,1,-1,-1,1,1,-1,-1,-1,1,1,1,-1,-1,-1,1,1,1], length=71 energy=355}
Best result after 1100784 ms running: LabsResult{bits=[-1,-1,1,-1,1,-1,1,1,-1,1,-1,-1,-1,-1,1,-1,1,-1,1,1,1,1,1,1,1,-1,-1,1,-1,-1,1,1,1,-1,1,1,-1,-1,1,1,1,1,1,1,-1,1,-1,-1,1,1,-1,1,-1,-1,1,-1,-1,1,1,-1,-1,-1,1,1,1,-1,-1,-1,1,1,1], length=71 energy=355}
Best result after 1105787 ms running: LabsResult{bits=[-1,-1,1,-1,1,-1,1,1,-1,1,-1,-1,-1,-1,1,-1,1,-1,1,1,1,1,1,1,1,-1,-1,1,-1,-1,1,1,1,-1,1,1,-1,-1,1,1,1,1,1,1,-1,1,-1,-1,1,1,-1,1,-1,-1,1,-1,-1,1,1,-1,-1,-1,1,1,1,-1,-1,-1,1,1,1], length=71 energy=355}
Best result after 1110797 ms running: LabsResult{bits=[-1,-1,1,-1,1,-1,1,1,-1,1,-1,-1,-1,-1,1,-1,1,-1,1,1,1,1,1,1,1,-1,-1,1,-1,-1,1,1,1,-1,1,1,-1,-1,1,1,1,1,1,1,-1,1,-1,-1,1,1,-1,1,-1,-1,1,-1,-1,1,1,-1,-1,-1,1,1,1,-1,-1,-1,1,1,1], length=71 energy=355}
Best result after 1115799 ms running: LabsResult{bits=[-1,-1,1,-1,1,-1,1,1,-1,1,-1,-1,-1,-1,1,-1,1,-1,1,1,1,1,1,1,1,-1,-1,1,-1,-1,1,1,1,-1,1,1,-1,-1,1,1,1,1,1,1,-1,1,-1,-1,1,1,-1,1,-1,-1,1,-1,-1,1,1,-1,-1,-1,1,1,1,-1,-1,-1,1,1,1], length=71 energy=355}
Best result after 1120800 ms running: LabsResult{bits=[-1,-1,1,-1,1,-1,1,1,-1,1,-1,-1,-1,-1,1,-1,1,-1,1,1,1,1,1,1,1,-1,-1,1,-1,-1,1,1,1,-1,1,1,-1,-1,1,1,1,1,1,1,-1,1,-1,-1,1,1,-1,1,-1,-1,1,-1,-1,1,1,-1,-1,-1,1,1,1,-1,-1,-1,1,1,1], length=71 energy=355}
Best result after 1125800 ms running: LabsResult{bits=[-1,-1,1,-1,1,-1,1,1,-1,1,-1,-1,-1,-1,1,-1,1,-1,1,1,1,1,1,1,1,-1,-1,1,-1,-1,1,1,1,-1,1,1,-1,-1,1,1,1,1,1,1,-1,1,-1,-1,1,1,-1,1,-1,-1,1,-1,-1,1,1,-1,-1,-1,1,1,1,-1,-1,-1,1,1,1], length=71 energy=355}
Best result after 1130804 ms running: LabsResult{bits=[-1,-1,1,-1,1,-1,1,1,-1,1,-1,-1,-1,-1,1,-1,1,-1,1,1,1,1,1,1,1,-1,-1,1,-1,-1,1,1,1,-1,1,1,-1,-1,1,1,1,1,1,1,-1,1,-1,-1,1,1,-1,1,-1,-1,1,-1,-1,1,1,-1,-1,-1,1,1,1,-1,-1,-1,1,1,1], length=71 energy=355}
Best result after 1135806 ms running: LabsResult{bits=[-1,-1,1,-1,1,-1,1,1,-1,1,-1,-1,-1,-1,1,-1,1,-1,1,1,1,1,1,1,1,-1,-1,1,-1,-1,1,1,1,-1,1,1,-1,-1,1,1,1,1,1,1,-1,1,-1,-1,1,1,-1,1,-1,-1,1,-1,-1,1,1,-1,-1,-1,1,1,1,-1,-1,-1,1,1,1], length=71 energy=355}
Best result after 1140809 ms running: LabsResult{bits=[-1,-1,1,-1,1,-1,1,1,-1,1,-1,-1,-1,-1,1,-1,1,-1,1,1,1,1,1,1,1,-1,-1,1,-1,-1,1,1,1,-1,1,1,-1,-1,1,1,1,1,1,1,-1,1,-1,-1,1,1,-1,1,-1,-1,1,-1,-1,1,1,-1,-1,-1,1,1,1,-1,-1,-1,1,1,1], length=71 energy=355}
Best result after 1145811 ms running: LabsResult{bits=[-1,-1,1,-1,1,-1,1,1,-1,1,-1,-1,-1,-1,1,-1,1,-1,1,1,1,1,1,1,1,-1,-1,1,-1,-1,1,1,1,-1,1,1,-1,-1,1,1,1,1,1,1,-1,1,-1,-1,1,1,-1,1,-1,-1,1,-1,-1,1,1,-1,-1,-1,1,1,1,-1,-1,-1,1,1,1], length=71 energy=355}
Best result after 1150819 ms running: LabsResult{bits=[-1,-1,1,-1,1,-1,1,1,-1,1,-1,-1,-1,-1,1,-1,1,-1,1,1,1,1,1,1,1,-1,-1,1,-1,-1,1,1,1,-1,1,1,-1,-1,1,1,1,1,1,1,-1,1,-1,-1,1,1,-1,1,-1,-1,1,-1,-1,1,1,-1,-1,-1,1,1,1,-1,-1,-1,1,1,1], length=71 energy=355}
Best result after 1155821 ms running: LabsResult{bits=[-1,-1,1,-1,1,-1,1,1,-1,1,-1,-1,-1,-1,1,-1,1,-1,1,1,1,1,1,1,1,-1,-1,1,-1,-1,1,1,1,-1,1,1,-1,-1,1,1,1,1,1,1,-1,1,-1,-1,1,1,-1,1,-1,-1,1,-1,-1,1,1,-1,-1,-1,1,1,1,-1,-1,-1,1,1,1], length=71 energy=355}
Best result after 1160823 ms running: LabsResult{bits=[-1,-1,1,-1,1,-1,1,1,-1,1,-1,-1,-1,-1,1,-1,1,-1,1,1,1,1,1,1,1,-1,-1,1,-1,-1,1,1,1,-1,1,1,-1,-1,1,1,1,1,1,1,-1,1,-1,-1,1,1,-1,1,-1,-1,1,-1,-1,1,1,-1,-1,-1,1,1,1,-1,-1,-1,1,1,1], length=71 energy=355}
Best result after 1165832 ms running: LabsResult{bits=[-1,-1,1,-1,1,-1,1,1,-1,1,-1,-1,-1,-1,1,-1,1,-1,1,1,1,1,1,1,1,-1,-1,1,-1,-1,1,1,1,-1,1,1,-1,-1,1,1,1,1,1,1,-1,1,-1,-1,1,1,-1,1,-1,-1,1,-1,-1,1,1,-1,-1,-1,1,1,1,-1,-1,-1,1,1,1], length=71 energy=355}
Best result after 1170835 ms running: LabsResult{bits=[-1,-1,1,-1,1,-1,1,1,-1,1,-1,-1,-1,-1,1,-1,1,-1,1,1,1,1,1,1,1,-1,-1,1,-1,-1,1,1,1,-1,1,1,-1,-1,1,1,1,1,1,1,-1,1,-1,-1,1,1,-1,1,-1,-1,1,-1,-1,1,1,-1,-1,-1,1,1,1,-1,-1,-1,1,1,1], length=71 energy=355}
Best result after 1175837 ms running: LabsResult{bits=[-1,-1,1,-1,1,-1,1,1,-1,1,-1,-1,-1,-1,1,-1,1,-1,1,1,1,1,1,1,1,-1,-1,1,-1,-1,1,1,1,-1,1,1,-1,-1,1,1,1,1,1,1,-1,1,-1,-1,1,1,-1,1,-1,-1,1,-1,-1,1,1,-1,-1,-1,1,1,1,-1,-1,-1,1,1,1], length=71 energy=355}
Best result after 1180846 ms running: LabsResult{bits=[-1,-1,1,-1,1,-1,1,1,-1,1,-1,-1,-1,-1,1,-1,1,-1,1,1,1,1,1,1,1,-1,-1,1,-1,-1,1,1,1,-1,1,1,-1,-1,1,1,1,1,1,1,-1,1,-1,-1,1,1,-1,1,-1,-1,1,-1,-1,1,1,-1,-1,-1,1,1,1,-1,-1,-1,1,1,1], length=71 energy=355}
Best result after 1185848 ms running: LabsResult{bits=[-1,-1,1,-1,1,-1,1,1,-1,1,-1,-1,-1,-1,1,-1,1,-1,1,1,1,1,1,1,1,-1,-1,1,-1,-1,1,1,1,-1,1,1,-1,-1,1,1,1,1,1,1,-1,1,-1,-1,1,1,-1,1,-1,-1,1,-1,-1,1,1,-1,-1,-1,1,1,1,-1,-1,-1,1,1,1], length=71 energy=355}
Best result after 1190851 ms running: LabsResult{bits=[-1,-1,1,-1,1,-1,1,1,-1,1,-1,-1,-1,-1,1,-1,1,-1,1,1,1,1,1,1,1,-1,-1,1,-1,-1,1,1,1,-1,1,1,-1,-1,1,1,1,1,1,1,-1,1,-1,-1,1,1,-1,1,-1,-1,1,-1,-1,1,1,-1,-1,-1,1,1,1,-1,-1,-1,1,1,1], length=71 energy=355}
Best result after 1195857 ms running: LabsResult{bits=[-1,-1,1,-1,1,-1,1,1,-1,1,-1,-1,-1,-1,1,-1,1,-1,1,1,1,1,1,1,1,-1,-1,1,-1,-1,1,1,1,-1,1,1,-1,-1,1,1,1,1,1,1,-1,1,-1,-1,1,1,-1,1,-1,-1,1,-1,-1,1,1,-1,-1,-1,1,1,1,-1,-1,-1,1,1,1], length=71 energy=355}
Best result after 1200001 ms running: LabsResult{bits=[-1,-1,1,-1,1,-1,1,1,-1,1,-1,-1,-1,-1,1,-1,1,-1,1,1,1,1,1,1,1,-1,-1,1,-1,-1,1,1,1,-1,1,1,-1,-1,1,1,1,1,1,1,-1,1,-1,-1,1,1,-1,1,-1,-1,1,-1,-1,1,1,-1,-1,-1,1,1,1,-1,-1,-1,1,1,1], length=71 energy=355}
Best result: LabsResult{bits=[-1,-1,1,-1,1,-1,1,1,-1,1,-1,-1,-1,-1,1,-1,1,-1,1,1,1,1,1,1,1,-1,-1,1,-1,-1,1,1,1,-1,1,1,-1,-1,1,1,1,1,1,1,-1,1,-1,-1,1,1,-1,1,-1,-1,1,-1,-1,1,1,-1,-1,-1,1,1,1,-1,-1,-1,1,1,1], length=71 energy=355}