Best result after 5000 ms running: LabsResult{bits=[1,1,-1,-1,1,-1,-1,-1,1,1,-1,1,1,1,-1,-1,-1,-1,-1,-1,1,-1,1,1,-1,1,1,-1,1,1,-1,1,-1,-1,-1,-1,-1,-1,1,-1,-1,-1,-1,-1,1,-1,1,-1,1,-1,-1,-1,1,1,1,-1,-1,-1,1,1], length=60 energy=278}
Best result after 10047 ms running: LabsResult{bits=[1,1,-1,-1,1,-1,-1,-1,1,1,-1,1,1,1,-1,-1,-1,-1,-1,-1,1,-1,1,1,-1,1,1,-1,1,1,-1,1,-1,-1,-1,-1,-1,-1,1,-1,-1,-1,-1,-1,1,-1,1,-1,1,-1,-1,-1,1,1,1,-1,-1,-1,1,1], length=60 energy=278}
Best result after 15048 ms running: LabsResult{bits=[1,1,-1,-1,1,-1,-1,-1,1,1,-1,1,1,1,-1,-1,-1,-1,-1,-1,1,-1,1,1,-1,1,1,-1,1,1,-1,1,-1,-1,-1,-1,-1,-1,1,-1,-1,-1,-1,-1,1,-1,1,-1,1,-1,-1,-1,1,1,1,-1,-1,-1,1,1], length=60 energy=278}
Best result after 20049 ms running: LabsResult{bits=[-1,-1,1,1,-1,1,1,-1,1,1,-1,1,1,-1,-1,1,1,-1,-1,1,1,1,-1,1,1,1,1,-1,-1,-1,-1,1,1,-1,1,1,1,1,-1,1,-1,1,1,1,1,-1,1,-1,1,-1,1,-1,-1,-1,-1,-1,1,-1,1,-1], length=60 energy=270}
Best result after 25049 ms running: LabsResult{bits=[-1,-1,1,1,-1,1,1,-1,1,1,-1,1,1,-1,-1,1,1,-1,-1,1,1,1,-1,1,1,1,1,-1,-1,-1,-1,1,1,-1,1,1,1,1,-1,1,-1,1,1,1,1,-1,1,-1,1,-1,1,-1,-1,-1,-1,-1,1,-1,1,-1], length=60 energy=270}
Best result after 30050 ms running: LabsResult{bits=[-1,-1,1,1,-1,1,1,-1,1,1,-1,1,1,-1,-1,1,1,-1,-1,1,1,1,-1,1,1,1,1,-1,-1,-1,-1,1,1,-1,1,1,1,1,-1,1,-1,1,1,1,1,-1,1,-1,1,-1,1,-1,-1,-1,-1,-1,1,-1,1,-1], length=60 energy=270}
Best result after 35051 ms running: LabsResult{bits=[-1,-1,1,1,-1,1,1,-1,1,1,-1,1,1,-1,-1,1,1,-1,-1,1,1,1,-1,1,1,1,1,-1,-1,-1,-1,1,1,-1,1,1,1,1,-1,1,-1,1,1,1,1,-1,1,-1,1,-1,1,-1,-1,-1,-1,-1,1,-1,1,-1], length=60 energy=270}
Best result after 40051 ms running: LabsResult{bits=[-1,-1,1,1,-1,1,1,-1,1,1,-1,1,1,-1,-1,1,1,-1,-1,1,1,1,-1,1,1,1,1,-1,-1,-1,-1,1,1,-1,1,1,1,1,-1,1,-1,1,1,1,1,-1,1,-1,1,-1,1,-1,-1,-1,-1,-1,1,-1,1,-1], length=60 energy=270}
Best result after 45052 ms running: LabsResult{bits=[1,1,1,1,1,-1,1,1,1,1,-1,-1,-1,-1,1,1,1,1,-1,1,1,1,1,-1,1,1,1,-1,-1,-1,1,-1,1,-1,1,1,-1,-1,-1,-1,-1,1,-1,1,1,-1,1,1,-1,-1,1,1,-1,1,1,1,-1,1,1,-1], length=60 energy=266}
Best result after 50052 ms running: LabsResult{bits=[-1,1,-1,1,-1,1,1,-1,1,-1,1,1,-1,-1,-1,1,-1,1,-1,1,1,-1,-1,1,-1,1,-1,-1,1,1,1,1,-1,-1,-1,-1,1,1,1,-1,1,1,-1,-1,1,-1,-1,1,1,-1,-1,1,1,1,1,1,1,1,1,1], length=60 energy=258}
Best result after 55054 ms running: LabsResult{bits=[-1,1,-1,1,-1,1,1,-1,1,-1,1,1,-1,-1,-1,1,-1,1,-1,1,1,-1,-1,1,-1,1,-1,-1,1,1,1,1,-1,-1,-1,-1,1,1,1,-1,1,1,-1,-1,1,-1,-1,1,1,-1,-1,1,1,1,1,1,1,1,1,1], length=60 energy=258}
Best result after 60054 ms running: LabsResult{bits=[-1,1,-1,1,-1,1,1,-1,1,-1,1,1,-1,-1,-1,1,-1,1,-1,1,1,-1,-1,1,-1,1,-1,-1,1,1,1,1,-1,-1,-1,-1,1,1,1,-1,1,1,-1,-1,1,-1,-1,1,1,-1,-1,1,1,1,1,1,1,1,1,1], length=60 energy=258}
Best result after 65055 ms running: LabsResult{bits=[-1,1,-1,1,-1,1,1,-1,1,-1,1,1,-1,-1,-1,1,-1,1,-1,1,1,-1,-1,1,-1,1,-1,-1,1,1,1,1,-1,-1,-1,-1,1,1,1,-1,1,1,-1,-1,1,-1,-1,1,1,-1,-1,1,1,1,1,1,1,1,1,1], length=60 energy=258}
Best result after 70056 ms running: LabsResult{bits=[-1,1,-1,1,-1,1,1,-1,1,-1,1,1,-1,-1,-1,1,-1,1,-1,1,1,-1,-1,1,-1,1,-1,-1,1,1,1,1,-1,-1,-1,-1,1,1,1,-1,1,1,-1,-1,1,-1,-1,1,1,-1,-1,1,1,1,1,1,1,1,1,1], length=60 energy=258}
Best result after 75056 ms running: LabsResult{bits=[-1,1,-1,1,-1,1,1,-1,1,-1,1,1,-1,-1,-1,1,-1,1,-1,1,1,-1,-1,1,-1,1,-1,-1,1,1,1,1,-1,-1,-1,-1,1,1,1,-1,1,1,-1,-1,1,-1,-1,1,1,-1,-1,1,1,1,1,1,1,1,1,1], length=60 energy=258}
Best result after 80057 ms running: LabsResult{bits=[-1,1,-1,1,-1,1,1,-1,1,-1,1,1,-1,-1,-1,1,-1,1,-1,1,1,-1,-1,1,-1,1,-1,-1,1,1,1,1,-1,-1,-1,-1,1,1,1,-1,1,1,-1,-1,1,-1,-1,1,1,-1,-1,1,1,1,1,1,1,1,1,1], length=60 energy=258}
Best result after 85058 ms running: LabsResult{bits=[1,1,1,-1,-1,1,1,1,-1,-1,1,1,1,-1,1,1,1,1,1,1,1,-1,-1,-1,-1,-1,-1,1,-1,1,-1,1,-1,-1,-1,1,1,-1,1,1,-1,-1,1,1,-1,1,1,-1,-1,1,-1,1,1,-1,1,-1,-1,1,-1,1], length=60 energy=254}
Best result after 90058 ms running: LabsResult{bits=[1,1,1,-1,-1,1,1,1,-1,-1,1,1,1,-1,1,1,1,1,1,1,1,-1,-1,-1,-1,-1,-1,1,-1,1,-1,1,-1,-1,-1,1,1,-1,1,1,-1,-1,1,1,-1,1,1,-1,-1,1,-1,1,1,-1,1,-1,-1,1,-1,1], length=60 energy=254}
Best result after 95059 ms running: LabsResult{bits=[1,1,1,-1,-1,1,1,1,-1,-1,1,1,1,-1,1,1,1,1,1,1,1,-1,-1,-1,-1,-1,-1,1,-1,1,-1,1,-1,-1,-1,1,1,-1,1,1,-1,-1,1,1,-1,1,1,-1,-1,1,-1,1,1,-1,1,-1,-1,1,-1,1], length=60 energy=254}
Best result after 100060 ms running: LabsResult{bits=[1,1,1,-1,-1,1,1,1,-1,-1,1,1,1,-1,1,1,1,1,1,1,1,-1,-1,-1,-1,-1,-1,1,-1,1,-1,1,-1,-1,-1,1,1,-1,1,1,-1,-1,1,1,-1,1,1,-1,-1,1,-1,1,1,-1,1,-1,-1,1,-1,1], length=60 energy=254}
Best result after 105060 ms running: LabsResult{bits=[1,1,-1,-1,1,1,1,-1,-1,1,-1,1,1,-1,-1,-1,1,1,-1,-1,1,-1,1,-1,1,1,-1,1,-1,1,1,1,-1,1,1,-1,1,1,-1,1,-1,-1,-1,1,-1,-1,-1,-1,-1,-1,-1,1,1,1,1,-1,-1,-1,-1,-1], length=60 energy=226}
Best result after 110061 ms running: LabsResult{bits=[1,1,-1,-1,1,1,1,-1,-1,1,-1,1,1,-1,-1,-1,1,1,-1,-1,1,-1,1,-1,1,1,-1,1,-1,1,1,1,-1,1,1,-1,1,1,-1,1,-1,-1,-1,1,-1,-1,-1,-1,-1,-1,-1,1,1,1,1,-1,-1,-1,-1,-1], length=60 energy=226}
Best result after 115062 ms running: LabsResult{bits=[1,1,-1,-1,1,1,1,-1,-1,1,-1,1,1,-1,-1,-1,1,1,-1,-1,1,-1,1,-1,1,1,-1,1,-1,1,1,1,-1,1,1,-1,1,1,-1,1,-1,-1,-1,1,-1,-1,-1,-1,-1,-1,-1,1,1,1,1,-1,-1,-1,-1,-1], length=60 energy=226}
Best result after 120062 ms running: LabsResult{bits=[1,1,-1,-1,1,1,1,-1,-1,1,-1,1,1,-1,-1,-1,1,1,-1,-1,1,-1,1,-1,1,1,-1,1,-1,1,1,1,-1,1,1,-1,1,1,-1,1,-1,-1,-1,1,-1,-1,-1,-1,-1,-1,-1,1,1,1,1,-1,-1,-1,-1,-1], length=60 energy=226}
Best result after 125063 ms running: LabsResult{bits=[1,1,-1,-1,1,1,1,-1,-1,1,-1,1,1,-1,-1,-1,1,1,-1,-1,1,-1,1,-1,1,1,-1,1,-1,1,1,1,-1,1,1,-1,1,1,-1,1,-1,-1,-1,1,-1,-1,-1,-1,-1,-1,-1,1,1,1,1,-1,-1,-1,-1,-1], length=60 energy=226}
Best result after 130064 ms running: LabsResult{bits=[1,1,-1,-1,1,1,1,-1,-1,1,-1,1,1,-1,-1,-1,1,1,-1,-1,1,-1,1,-1,1,1,-1,1,-1,1,1,1,-1,1,1,-1,1,1,-1,1,-1,-1,-1,1,-1,-1,-1,-1,-1,-1,-1,1,1,1,1,-1,-1,-1,-1,-1], length=60 energy=226}
Best result after 135065 ms running: LabsResult{bits=[1,1,-1,-1,1,1,1,-1,-1,1,-1,1,1,-1,-1,-1,1,1,-1,-1,1,-1,1,-1,1,1,-1,1,-1,1,1,1,-1,1,1,-1,1,1,-1,1,-1,-1,-1,1,-1,-1,-1,-1,-1,-1,-1,1,1,1,1,-1,-1,-1,-1,-1], length=60 energy=226}
Best result after 140066 ms running: LabsResult{bits=[1,1,-1,-1,1,1,1,-1,-1,1,-1,1,1,-1,-1,-1,1,1,-1,-1,1,-1,1,-1,1,1,-1,1,-1,1,1,1,-1,1,1,-1,1,1,-1,1,-1,-1,-1,1,-1,-1,-1,-1,-1,-1,-1,1,1,1,1,-1,-1,-1,-1,-1], length=60 energy=226}
Best result after 145067 ms running: LabsResult{bits=[1,1,-1,-1,1,1,1,-1,-1,1,-1,1,1,-1,-1,-1,1,1,-1,-1,1,-1,1,-1,1,1,-1,1,-1,1,1,1,-1,1,1,-1,1,1,-1,1,-1,-1,-1,1,-1,-1,-1,-1,-1,-1,-1,1,1,1,1,-1,-1,-1,-1,-1], length=60 energy=226}
Best result after 150067 ms running: LabsResult{bits=[1,1,-1,-1,1,1,1,-1,-1,1,-1,1,1,-1,-1,-1,1,1,-1,-1,1,-1,1,-1,1,1,-1,1,-1,1,1,1,-1,1,1,-1,1,1,-1,1,-1,-1,-1,1,-1,-1,-1,-1,-1,-1,-1,1,1,1,1,-1,-1,-1,-1,-1], length=60 energy=226}
Best result after 155068 ms running: LabsResult{bits=[1,1,-1,-1,1,1,1,-1,-1,1,-1,1,1,-1,-1,-1,1,1,-1,-1,1,-1,1,-1,1,1,-1,1,-1,1,1,1,-1,1,1,-1,1,1,-1,1,-1,-1,-1,1,-1,-1,-1,-1,-1,-1,-1,1,1,1,1,-1,-1,-1,-1,-1], length=60 energy=226}
Best result after 160069 ms running: LabsResult{bits=[1,1,-1,-1,1,1,1,-1,-1,1,-1,1,1,-1,-1,-1,1,1,-1,-1,1,-1,1,-1,1,1,-1,1,-1,1,1,1,-1,1,1,-1,1,1,-1,1,-1,-1,-1,1,-1,-1,-1,-1,-1,-1,-1,1,1,1,1,-1,-1,-1,-1,-1], length=60 energy=226}
Best result after 165070 ms running: LabsResult{bits=[1,1,-1,-1,1,1,1,-1,-1,1,-1,1,1,-1,-1,-1,1,1,-1,-1,1,-1,1,-1,1,1,-1,1,-1,1,1,1,-1,1,1,-1,1,1,-1,1,-1,-1,-1,1,-1,-1,-1,-1,-1,-1,-1,1,1,1,1,-1,-1,-1,-1,-1], length=60 energy=226}
Best result after 170082 ms running: LabsResult{bits=[1,1,-1,-1,1,1,1,-1,-1,1,-1,1,1,-1,-1,-1,1,1,-1,-1,1,-1,1,-1,1,1,-1,1,-1,1,1,1,-1,1,1,-1,1,1,-1,1,-1,-1,-1,1,-1,-1,-1,-1,-1,-1,-1,1,1,1,1,-1,-1,-1,-1,-1], length=60 energy=226}
Best result after 175082 ms running: LabsResult{bits=[1,1,-1,-1,1,1,1,-1,-1,1,-1,1,1,-1,-1,-1,1,1,-1,-1,1,-1,1,-1,1,1,-1,1,-1,1,1,1,-1,1,1,-1,1,1,-1,1,-1,-1,-1,1,-1,-1,-1,-1,-1,-1,-1,1,1,1,1,-1,-1,-1,-1,-1], length=60 energy=226}
Best result after 180082 ms running: LabsResult{bits=[1,1,-1,-1,1,1,1,-1,-1,1,-1,1,1,-1,-1,-1,1,1,-1,-1,1,-1,1,-1,1,1,-1,1,-1,1,1,1,-1,1,1,-1,1,1,-1,1,-1,-1,-1,1,-1,-1,-1,-1,-1,-1,-1,1,1,1,1,-1,-1,-1,-1,-1], length=60 energy=226}
Best result after 185083 ms running: LabsResult{bits=[1,1,-1,-1,1,1,1,-1,-1,1,-1,1,1,-1,-1,-1,1,1,-1,-1,1,-1,1,-1,1,1,-1,1,-1,1,1,1,-1,1,1,-1,1,1,-1,1,-1,-1,-1,1,-1,-1,-1,-1,-1,-1,-1,1,1,1,1,-1,-1,-1,-1,-1], length=60 energy=226}
Best result after 190083 ms running: LabsResult{bits=[1,1,-1,-1,1,1,1,-1,-1,1,-1,1,1,-1,-1,-1,1,1,-1,-1,1,-1,1,-1,1,1,-1,1,-1,1,1,1,-1,1,1,-1,1,1,-1,1,-1,-1,-1,1,-1,-1,-1,-1,-1,-1,-1,1,1,1,1,-1,-1,-1,-1,-1], length=60 energy=226}
Best result after 195084 ms running: LabsResult{bits=[1,1,-1,-1,1,1,1,-1,-1,1,-1,1,1,-1,-1,-1,1,1,-1,-1,1,-1,1,-1,1,1,-1,1,-1,1,1,1,-1,1,1,-1,1,1,-1,1,-1,-1,-1,1,-1,-1,-1,-1,-1,-1,-1,1,1,1,1,-1,-1,-1,-1,-1], length=60 energy=226}
Best result after 200084 ms running: LabsResult{bits=[1,1,-1,-1,1,1,1,-1,-1,1,-1,1,1,-1,-1,-1,1,1,-1,-1,1,-1,1,-1,1,1,-1,1,-1,1,1,1,-1,1,1,-1,1,1,-1,1,-1,-1,-1,1,-1,-1,-1,-1,-1,-1,-1,1,1,1,1,-1,-1,-1,-1,-1], length=60 energy=226}
Best result after 205086 ms running: LabsResult{bits=[1,1,-1,-1,1,1,1,-1,-1,1,-1,1,1,-1,-1,-1,1,1,-1,-1,1,-1,1,-1,1,1,-1,1,-1,1,1,1,-1,1,1,-1,1,1,-1,1,-1,-1,-1,1,-1,-1,-1,-1,-1,-1,-1,1,1,1,1,-1,-1,-1,-1,-1], length=60 energy=226}
Best result after 210086 ms running: LabsResult{bits=[1,1,1,-1,1,1,1,-1,-1,1,1,-1,-1,-1,1,-1,1,1,1,1,1,1,1,-1,1,-1,1,-1,1,1,-1,1,1,1,-1,1,-1,-1,-1,1,-1,-1,1,-1,1,1,-1,-1,-1,-1,1,1,1,1,-1,-1,1,-1,1,1], length=60 energy=222}
Best result after 215086 ms running: LabsResult{bits=[1,1,1,-1,1,1,1,-1,-1,1,1,-1,-1,-1,1,-1,1,1,1,1,1,1,1,-1,1,-1,1,-1,1,1,-1,1,1,1,-1,1,-1,-1,-1,1,-1,-1,1,-1,1,1,-1,-1,-1,-1,1,1,1,1,-1,-1,1,-1,1,1], length=60 energy=222}
Best result after 220087 ms running: LabsResult{bits=[1,1,1,-1,1,1,1,-1,-1,1,1,-1,-1,-1,1,-1,1,1,1,1,1,1,1,-1,1,-1,1,-1,1,1,-1,1,1,1,-1,1,-1,-1,-1,1,-1,-1,1,-1,1,1,-1,-1,-1,-1,1,1,1,1,-1,-1,1,-1,1,1], length=60 energy=222}
Best result after 225088 ms running: LabsResult{bits=[1,1,1,-1,1,1,1,-1,-1,1,1,-1,-1,-1,1,-1,1,1,1,1,1,1,1,-1,1,-1,1,-1,1,1,-1,1,1,1,-1,1,-1,-1,-1,1,-1,-1,1,-1,1,1,-1,-1,-1,-1,1,1,1,1,-1,-1,1,-1,1,1], length=60 energy=222}
Best result after 230088 ms running: LabsResult{bits=[1,1,1,-1,1,1,1,-1,-1,1,1,-1,-1,-1,1,-1,1,1,1,1,1,1,1,-1,1,-1,1,-1,1,1,-1,1,1,1,-1,1,-1,-1,-1,1,-1,-1,1,-1,1,1,-1,-1,-1,-1,1,1,1,1,-1,-1,1,-1,1,1], length=60 energy=222}
Best result after 235089 ms running: LabsResult{bits=[1,1,1,-1,1,1,1,-1,-1,1,1,-1,-1,-1,1,-1,1,1,1,1,1,1,1,-1,1,-1,1,-1,1,1,-1,1,1,1,-1,1,-1,-1,-1,1,-1,-1,1,-1,1,1,-1,-1,-1,-1,1,1,1,1,-1,-1,1,-1,1,1], length=60 energy=222}
Best result after 240089 ms running: LabsResult{bits=[1,1,1,-1,1,1,1,-1,-1,1,1,-1,-1,-1,1,-1,1,1,1,1,1,1,1,-1,1,-1,1,-1,1,1,-1,1,1,1,-1,1,-1,-1,-1,1,-1,-1,1,-1,1,1,-1,-1,-1,-1,1,1,1,1,-1,-1,1,-1,1,1], length=60 energy=222}
Best result after 245090 ms running: LabsResult{bits=[1,1,1,-1,1,1,1,-1,-1,1,1,-1,-1,-1,1,-1,1,1,1,1,1,1,1,-1,1,-1,1,-1,1,1,-1,1,1,1,-1,1,-1,-1,-1,1,-1,-1,1,-1,1,1,-1,-1,-1,-1,1,1,1,1,-1,-1,1,-1,1,1], length=60 energy=222}
Best result after 250091 ms running: LabsResult{bits=[1,1,1,-1,1,1,1,-1,-1,1,1,-1,-1,-1,1,-1,1,1,1,1,1,1,1,-1,1,-1,1,-1,1,1,-1,1,1,1,-1,1,-1,-1,-1,1,-1,-1,1,-1,1,1,-1,-1,-1,-1,1,1,1,1,-1,-1,1,-1,1,1], length=60 energy=222}
Best result after 255091 ms running: LabsResult{bits=[1,1,1,-1,1,1,1,-1,-1,1,1,-1,-1,-1,1,-1,1,1,1,1,1,1,1,-1,1,-1,1,-1,1,1,-1,1,1,1,-1,1,-1,-1,-1,1,-1,-1,1,-1,1,1,-1,-1,-1,-1,1,1,1,1,-1,-1,1,-1,1,1], length=60 energy=222}
Best result after 260092 ms running: LabsResult{bits=[1,1,1,-1,1,1,1,-1,-1,1,1,-1,-1,-1,1,-1,1,1,1,1,1,1,1,-1,1,-1,1,-1,1,1,-1,1,1,1,-1,1,-1,-1,-1,1,-1,-1,1,-1,1,1,-1,-1,-1,-1,1,1,1,1,-1,-1,1,-1,1,1], length=60 energy=222}
Best result after 265092 ms running: LabsResult{bits=[1,1,1,-1,1,1,1,-1,-1,1,1,-1,-1,-1,1,-1,1,1,1,1,1,1,1,-1,1,-1,1,-1,1,1,-1,1,1,1,-1,1,-1,-1,-1,1,-1,-1,1,-1,1,1,-1,-1,-1,-1,1,1,1,1,-1,-1,1,-1,1,1], length=60 energy=222}
Best result after 270093 ms running: LabsResult{bits=[1,1,1,-1,1,1,1,-1,-1,1,1,-1,-1,-1,1,-1,1,1,1,1,1,1,1,-1,1,-1,1,-1,1,1,-1,1,1,1,-1,1,-1,-1,-1,1,-1,-1,1,-1,1,1,-1,-1,-1,-1,1,1,1,1,-1,-1,1,-1,1,1], length=60 energy=222}
Best result after 275093 ms running: LabsResult{bits=[1,1,1,-1,1,1,1,-1,-1,1,1,-1,-1,-1,1,-1,1,1,1,1,1,1,1,-1,1,-1,1,-1,1,1,-1,1,1,1,-1,1,-1,-1,-1,1,-1,-1,1,-1,1,1,-1,-1,-1,-1,1,1,1,1,-1,-1,1,-1,1,1], length=60 energy=222}
Best result after 280094 ms running: LabsResult{bits=[1,1,1,-1,1,1,1,-1,-1,1,1,-1,-1,-1,1,-1,1,1,1,1,1,1,1,-1,1,-1,1,-1,1,1,-1,1,1,1,-1,1,-1,-1,-1,1,-1,-1,1,-1,1,1,-1,-1,-1,-1,1,1,1,1,-1,-1,1,-1,1,1], length=60 energy=222}
Best result after 285095 ms running: LabsResult{bits=[1,1,1,-1,1,1,1,-1,-1,1,1,-1,-1,-1,1,-1,1,1,1,1,1,1,1,-1,1,-1,1,-1,1,1,-1,1,1,1,-1,1,-1,-1,-1,1,-1,-1,1,-1,1,1,-1,-1,-1,-1,1,1,1,1,-1,-1,1,-1,1,1], length=60 energy=222}
Best result after 290095 ms running: LabsResult{bits=[1,1,1,-1,1,1,1,-1,-1,1,1,-1,-1,-1,1,-1,1,1,1,1,1,1,1,-1,1,-1,1,-1,1,1,-1,1,1,1,-1,1,-1,-1,-1,1,-1,-1,1,-1,1,1,-1,-1,-1,-1,1,1,1,1,-1,-1,1,-1,1,1], length=60 energy=222}
Best result after 295096 ms running: LabsResult{bits=[1,1,1,-1,1,1,1,-1,-1,1,1,-1,-1,-1,1,-1,1,1,1,1,1,1,1,-1,1,-1,1,-1,1,1,-1,1,1,1,-1,1,-1,-1,-1,1,-1,-1,1,-1,1,1,-1,-1,-1,-1,1,1,1,1,-1,-1,1,-1,1,1], length=60 energy=222}
Best result after 300096 ms running: LabsResult{bits=[1,1,1,-1,1,1,1,-1,-1,1,1,-1,-1,-1,1,-1,1,1,1,1,1,1,1,-1,1,-1,1,-1,1,1,-1,1,1,1,-1,1,-1,-1,-1,1,-1,-1,1,-1,1,1,-1,-1,-1,-1,1,1,1,1,-1,-1,1,-1,1,1], length=60 energy=222}
Best result after 305097 ms running: LabsResult{bits=[1,1,1,-1,1,1,1,-1,-1,1,1,-1,-1,-1,1,-1,1,1,1,1,1,1,1,-1,1,-1,1,-1,1,1,-1,1,1,1,-1,1,-1,-1,-1,1,-1,-1,1,-1,1,1,-1,-1,-1,-1,1,1,1,1,-1,-1,1,-1,1,1], length=60 energy=222}
Best result after 310098 ms running: LabsResult{bits=[1,1,1,-1,1,1,1,-1,-1,1,1,-1,-1,-1,1,-1,1,1,1,1,1,1,1,-1,1,-1,1,-1,1,1,-1,1,1,1,-1,1,-1,-1,-1,1,-1,-1,1,-1,1,1,-1,-1,-1,-1,1,1,1,1,-1,-1,1,-1,1,1], length=60 energy=222}
Best result after 315098 ms running: LabsResult{bits=[1,1,1,-1,1,1,1,-1,-1,1,1,-1,-1,-1,1,-1,1,1,1,1,1,1,1,-1,1,-1,1,-1,1,1,-1,1,1,1,-1,1,-1,-1,-1,1,-1,-1,1,-1,1,1,-1,-1,-1,-1,1,1,1,1,-1,-1,1,-1,1,1], length=60 energy=222}
Best result after 320099 ms running: LabsResult{bits=[1,1,1,-1,1,1,1,-1,-1,1,1,-1,-1,-1,1,-1,1,1,1,1,1,1,1,-1,1,-1,1,-1,1,1,-1,1,1,1,-1,1,-1,-1,-1,1,-1,-1,1,-1,1,1,-1,-1,-1,-1,1,1,1,1,-1,-1,1,-1,1,1], length=60 energy=222}
Best result after 325100 ms running: LabsResult{bits=[1,1,1,-1,1,1,1,-1,-1,1,1,-1,-1,-1,1,-1,1,1,1,1,1,1,1,-1,1,-1,1,-1,1,1,-1,1,1,1,-1,1,-1,-1,-1,1,-1,-1,1,-1,1,1,-1,-1,-1,-1,1,1,1,1,-1,-1,1,-1,1,1], length=60 energy=222}
Best result after 330100 ms running: LabsResult{bits=[1,1,1,-1,1,1,1,-1,-1,1,1,-1,-1,-1,1,-1,1,1,1,1,1,1,1,-1,1,-1,1,-1,1,1,-1,1,1,1,-1,1,-1,-1,-1,1,-1,-1,1,-1,1,1,-1,-1,-1,-1,1,1,1,1,-1,-1,1,-1,1,1], length=60 energy=222}
Best result after 335101 ms running: LabsResult{bits=[1,1,1,-1,1,1,1,-1,-1,1,1,-1,-1,-1,1,-1,1,1,1,1,1,1,1,-1,1,-1,1,-1,1,1,-1,1,1,1,-1,1,-1,-1,-1,1,-1,-1,1,-1,1,1,-1,-1,-1,-1,1,1,1,1,-1,-1,1,-1,1,1], length=60 energy=222}
Best result after 340101 ms running: LabsResult{bits=[1,1,1,-1,1,1,1,-1,-1,1,1,-1,-1,-1,1,-1,1,1,1,1,1,1,1,-1,1,-1,1,-1,1,1,-1,1,1,1,-1,1,-1,-1,-1,1,-1,-1,1,-1,1,1,-1,-1,-1,-1,1,1,1,1,-1,-1,1,-1,1,1], length=60 energy=222}
Best result after 345102 ms running: LabsResult{bits=[1,1,1,-1,1,1,1,-1,-1,1,1,-1,-1,-1,1,-1,1,1,1,1,1,1,1,-1,1,-1,1,-1,1,1,-1,1,1,1,-1,1,-1,-1,-1,1,-1,-1,1,-1,1,1,-1,-1,-1,-1,1,1,1,1,-1,-1,1,-1,1,1], length=60 energy=222}
Best result after 350103 ms running: LabsResult{bits=[1,1,1,-1,1,1,1,-1,-1,1,1,-1,-1,-1,1,-1,1,1,1,1,1,1,1,-1,1,-1,1,-1,1,1,-1,1,1,1,-1,1,-1,-1,-1,1,-1,-1,1,-1,1,1,-1,-1,-1,-1,1,1,1,1,-1,-1,1,-1,1,1], length=60 energy=222}
Best result after 355103 ms running: LabsResult{bits=[1,1,1,-1,1,1,1,-1,-1,1,1,-1,-1,-1,1,-1,1,1,1,1,1,1,1,-1,1,-1,1,-1,1,1,-1,1,1,1,-1,1,-1,-1,-1,1,-1,-1,1,-1,1,1,-1,-1,-1,-1,1,1,1,1,-1,-1,1,-1,1,1], length=60 energy=222}
Best result after 360104 ms running: LabsResult{bits=[1,1,1,-1,1,1,1,-1,-1,1,1,-1,-1,-1,1,-1,1,1,1,1,1,1,1,-1,1,-1,1,-1,1,1,-1,1,1,1,-1,1,-1,-1,-1,1,-1,-1,1,-1,1,1,-1,-1,-1,-1,1,1,1,1,-1,-1,1,-1,1,1], length=60 energy=222}
Best result after 365105 ms running: LabsResult{bits=[1,1,1,-1,1,1,1,-1,-1,1,1,-1,-1,-1,1,-1,1,1,1,1,1,1,1,-1,1,-1,1,-1,1,1,-1,1,1,1,-1,1,-1,-1,-1,1,-1,-1,1,-1,1,1,-1,-1,-1,-1,1,1,1,1,-1,-1,1,-1,1,1], length=60 energy=222}
Best result after 370109 ms running: LabsResult{bits=[1,1,1,-1,1,1,1,-1,-1,1,1,-1,-1,-1,1,-1,1,1,1,1,1,1,1,-1,1,-1,1,-1,1,1,-1,1,1,1,-1,1,-1,-1,-1,1,-1,-1,1,-1,1,1,-1,-1,-1,-1,1,1,1,1,-1,-1,1,-1,1,1], length=60 energy=222}
Best result after 375110 ms running: LabsResult{bits=[1,1,1,-1,1,1,1,-1,-1,1,1,-1,-1,-1,1,-1,1,1,1,1,1,1,1,-1,1,-1,1,-1,1,1,-1,1,1,1,-1,1,-1,-1,-1,1,-1,-1,1,-1,1,1,-1,-1,-1,-1,1,1,1,1,-1,-1,1,-1,1,1], length=60 energy=222}
Best result after 380111 ms running: LabsResult{bits=[1,1,1,-1,1,1,1,-1,-1,1,1,-1,-1,-1,1,-1,1,1,1,1,1,1,1,-1,1,-1,1,-1,1,1,-1,1,1,1,-1,1,-1,-1,-1,1,-1,-1,1,-1,1,1,-1,-1,-1,-1,1,1,1,1,-1,-1,1,-1,1,1], length=60 energy=222}
Best result after 385115 ms running: LabsResult{bits=[1,1,1,-1,1,1,1,-1,-1,1,1,-1,-1,-1,1,-1,1,1,1,1,1,1,1,-1,1,-1,1,-1,1,1,-1,1,1,1,-1,1,-1,-1,-1,1,-1,-1,1,-1,1,1,-1,-1,-1,-1,1,1,1,1,-1,-1,1,-1,1,1], length=60 energy=222}
Best result after 390116 ms running: LabsResult{bits=[1,1,1,-1,1,1,1,-1,-1,1,1,-1,-1,-1,1,-1,1,1,1,1,1,1,1,-1,1,-1,1,-1,1,1,-1,1,1,1,-1,1,-1,-1,-1,1,-1,-1,1,-1,1,1,-1,-1,-1,-1,1,1,1,1,-1,-1,1,-1,1,1], length=60 energy=222}
Best result after 395117 ms running: LabsResult{bits=[1,1,1,-1,1,1,1,-1,-1,1,1,-1,-1,-1,1,-1,1,1,1,1,1,1,1,-1,1,-1,1,-1,1,1,-1,1,1,1,-1,1,-1,-1,-1,1,-1,-1,1,-1,1,1,-1,-1,-1,-1,1,1,1,1,-1,-1,1,-1,1,1], length=60 energy=222}
Best result after 400117 ms running: LabsResult{bits=[1,1,1,-1,1,1,1,-1,-1,1,1,-1,-1,-1,1,-1,1,1,1,1,1,1,1,-1,1,-1,1,-1,1,1,-1,1,1,1,-1,1,-1,-1,-1,1,-1,-1,1,-1,1,1,-1,-1,-1,-1,1,1,1,1,-1,-1,1,-1,1,1], length=60 energy=222}
Best result after 405118 ms running: LabsResult{bits=[1,1,1,-1,1,1,1,-1,-1,1,1,-1,-1,-1,1,-1,1,1,1,1,1,1,1,-1,1,-1,1,-1,1,1,-1,1,1,1,-1,1,-1,-1,-1,1,-1,-1,1,-1,1,1,-1,-1,-1,-1,1,1,1,1,-1,-1,1,-1,1,1], length=60 energy=222}
Best result after 410119 ms running: LabsResult{bits=[1,1,1,-1,1,1,1,-1,-1,1,1,-1,-1,-1,1,-1,1,1,1,1,1,1,1,-1,1,-1,1,-1,1,1,-1,1,1,1,-1,1,-1,-1,-1,1,-1,-1,1,-1,1,1,-1,-1,-1,-1,1,1,1,1,-1,-1,1,-1,1,1], length=60 energy=222}
Best result after 415119 ms running: LabsResult{bits=[1,1,1,-1,1,1,1,-1,-1,1,1,-1,-1,-1,1,-1,1,1,1,1,1,1,1,-1,1,-1,1,-1,1,1,-1,1,1,1,-1,1,-1,-1,-1,1,-1,-1,1,-1,1,1,-1,-1,-1,-1,1,1,1,1,-1,-1,1,-1,1,1], length=60 energy=222}
Best result after 420120 ms running: LabsResult{bits=[1,1,1,-1,1,1,1,-1,-1,1,1,-1,-1,-1,1,-1,1,1,1,1,1,1,1,-1,1,-1,1,-1,1,1,-1,1,1,1,-1,1,-1,-1,-1,1,-1,-1,1,-1,1,1,-1,-1,-1,-1,1,1,1,1,-1,-1,1,-1,1,1], length=60 energy=222}
Best result after 425121 ms running: LabsResult{bits=[1,1,1,-1,1,1,1,-1,-1,1,1,-1,-1,-1,1,-1,1,1,1,1,1,1,1,-1,1,-1,1,-1,1,1,-1,1,1,1,-1,1,-1,-1,-1,1,-1,-1,1,-1,1,1,-1,-1,-1,-1,1,1,1,1,-1,-1,1,-1,1,1], length=60 energy=222}
Best result after 430121 ms running: LabsResult{bits=[1,1,1,-1,1,1,1,-1,-1,1,1,-1,-1,-1,1,-1,1,1,1,1,1,1,1,-1,1,-1,1,-1,1,1,-1,1,1,1,-1,1,-1,-1,-1,1,-1,-1,1,-1,1,1,-1,-1,-1,-1,1,1,1,1,-1,-1,1,-1,1,1], length=60 energy=222}
Best result after 435122 ms running: LabsResult{bits=[1,1,1,-1,1,1,1,-1,-1,1,1,-1,-1,-1,1,-1,1,1,1,1,1,1,1,-1,1,-1,1,-1,1,1,-1,1,1,1,-1,1,-1,-1,-1,1,-1,-1,1,-1,1,1,-1,-1,-1,-1,1,1,1,1,-1,-1,1,-1,1,1], length=60 energy=222}
Best result after 440126 ms running: LabsResult{bits=[1,1,1,-1,1,1,1,-1,-1,1,1,-1,-1,-1,1,-1,1,1,1,1,1,1,1,-1,1,-1,1,-1,1,1,-1,1,1,1,-1,1,-1,-1,-1,1,-1,-1,1,-1,1,1,-1,-1,-1,-1,1,1,1,1,-1,-1,1,-1,1,1], length=60 energy=222}
Best result after 445126 ms running: LabsResult{bits=[1,1,1,-1,1,1,1,-1,-1,1,1,-1,-1,-1,1,-1,1,1,1,1,1,1,1,-1,1,-1,1,-1,1,1,-1,1,1,1,-1,1,-1,-1,-1,1,-1,-1,1,-1,1,1,-1,-1,-1,-1,1,1,1,1,-1,-1,1,-1,1,1], length=60 energy=222}
Best result after 450127 ms running: LabsResult{bits=[1,1,1,-1,1,1,1,-1,-1,1,1,-1,-1,-1,1,-1,1,1,1,1,1,1,1,-1,1,-1,1,-1,1,1,-1,1,1,1,-1,1,-1,-1,-1,1,-1,-1,1,-1,1,1,-1,-1,-1,-1,1,1,1,1,-1,-1,1,-1,1,1], length=60 energy=222}
Best result after 455127 ms running: LabsResult{bits=[1,1,1,-1,1,1,1,-1,-1,1,1,-1,-1,-1,1,-1,1,1,1,1,1,1,1,-1,1,-1,1,-1,1,1,-1,1,1,1,-1,1,-1,-1,-1,1,-1,-1,1,-1,1,1,-1,-1,-1,-1,1,1,1,1,-1,-1,1,-1,1,1], length=60 energy=222}
Best result after 460132 ms running: LabsResult{bits=[1,1,1,-1,1,1,1,-1,-1,1,1,-1,-1,-1,1,-1,1,1,1,1,1,1,1,-1,1,-1,1,-1,1,1,-1,1,1,1,-1,1,-1,-1,-1,1,-1,-1,1,-1,1,1,-1,-1,-1,-1,1,1,1,1,-1,-1,1,-1,1,1], length=60 energy=222}
Best result after 465134 ms running: LabsResult{bits=[1,1,1,-1,1,1,1,-1,-1,1,1,-1,-1,-1,1,-1,1,1,1,1,1,1,1,-1,1,-1,1,-1,1,1,-1,1,1,1,-1,1,-1,-1,-1,1,-1,-1,1,-1,1,1,-1,-1,-1,-1,1,1,1,1,-1,-1,1,-1,1,1], length=60 energy=222}
Best result after 470134 ms running: LabsResult{bits=[1,1,1,-1,1,1,1,-1,-1,1,1,-1,-1,-1,1,-1,1,1,1,1,1,1,1,-1,1,-1,1,-1,1,1,-1,1,1,1,-1,1,-1,-1,-1,1,-1,-1,1,-1,1,1,-1,-1,-1,-1,1,1,1,1,-1,-1,1,-1,1,1], length=60 energy=222}
Best result after 475135 ms running: LabsResult{bits=[1,1,1,-1,1,1,1,-1,-1,1,1,-1,-1,-1,1,-1,1,1,1,1,1,1,1,-1,1,-1,1,-1,1,1,-1,1,1,1,-1,1,-1,-1,-1,1,-1,-1,1,-1,1,1,-1,-1,-1,-1,1,1,1,1,-1,-1,1,-1,1,1], length=60 energy=222}
Best result after 480136 ms running: LabsResult{bits=[1,1,1,-1,1,1,1,-1,-1,1,1,-1,-1,-1,1,-1,1,1,1,1,1,1,1,-1,1,-1,1,-1,1,1,-1,1,1,1,-1,1,-1,-1,-1,1,-1,-1,1,-1,1,1,-1,-1,-1,-1,1,1,1,1,-1,-1,1,-1,1,1], length=60 energy=222}
Best result after 485136 ms running: LabsResult{bits=[1,1,1,-1,1,1,1,-1,-1,1,1,-1,-1,-1,1,-1,1,1,1,1,1,1,1,-1,1,-1,1,-1,1,1,-1,1,1,1,-1,1,-1,-1,-1,1,-1,-1,1,-1,1,1,-1,-1,-1,-1,1,1,1,1,-1,-1,1,-1,1,1], length=60 energy=222}
Best result after 490136 ms running: LabsResult{bits=[1,1,1,-1,1,1,1,-1,-1,1,1,-1,-1,-1,1,-1,1,1,1,1,1,1,1,-1,1,-1,1,-1,1,1,-1,1,1,1,-1,1,-1,-1,-1,1,-1,-1,1,-1,1,1,-1,-1,-1,-1,1,1,1,1,-1,-1,1,-1,1,1], length=60 energy=222}
Best result after 495137 ms running: LabsResult{bits=[1,1,1,-1,1,1,1,-1,-1,1,1,-1,-1,-1,1,-1,1,1,1,1,1,1,1,-1,1,-1,1,-1,1,1,-1,1,1,1,-1,1,-1,-1,-1,1,-1,-1,1,-1,1,1,-1,-1,-1,-1,1,1,1,1,-1,-1,1,-1,1,1], length=60 energy=222}
Best result after 500137 ms running: LabsResult{bits=[1,1,1,-1,1,1,1,-1,-1,1,1,-1,-1,-1,1,-1,1,1,1,1,1,1,1,-1,1,-1,1,-1,1,1,-1,1,1,1,-1,1,-1,-1,-1,1,-1,-1,1,-1,1,1,-1,-1,-1,-1,1,1,1,1,-1,-1,1,-1,1,1], length=60 energy=222}
Best result after 505138 ms running: LabsResult{bits=[1,1,1,-1,1,1,1,-1,-1,1,1,-1,-1,-1,1,-1,1,1,1,1,1,1,1,-1,1,-1,1,-1,1,1,-1,1,1,1,-1,1,-1,-1,-1,1,-1,-1,1,-1,1,1,-1,-1,-1,-1,1,1,1,1,-1,-1,1,-1,1,1], length=60 energy=222}
Best result after 510139 ms running: LabsResult{bits=[1,1,1,-1,1,1,1,-1,-1,1,1,-1,-1,-1,1,-1,1,1,1,1,1,1,1,-1,1,-1,1,-1,1,1,-1,1,1,1,-1,1,-1,-1,-1,1,-1,-1,1,-1,1,1,-1,-1,-1,-1,1,1,1,1,-1,-1,1,-1,1,1], length=60 energy=222}
Best result after 515139 ms running: LabsResult{bits=[1,1,1,-1,1,1,1,-1,-1,1,1,-1,-1,-1,1,-1,1,1,1,1,1,1,1,-1,1,-1,1,-1,1,1,-1,1,1,1,-1,1,-1,-1,-1,1,-1,-1,1,-1,1,1,-1,-1,-1,-1,1,1,1,1,-1,-1,1,-1,1,1], length=60 energy=222}
Best result after 520140 ms running: LabsResult{bits=[1,1,1,-1,1,1,1,-1,-1,1,1,-1,-1,-1,1,-1,1,1,1,1,1,1,1,-1,1,-1,1,-1,1,1,-1,1,1,1,-1,1,-1,-1,-1,1,-1,-1,1,-1,1,1,-1,-1,-1,-1,1,1,1,1,-1,-1,1,-1,1,1], length=60 energy=222}
Best result after 525140 ms running: LabsResult{bits=[1,1,1,-1,1,1,1,-1,-1,1,1,-1,-1,-1,1,-1,1,1,1,1,1,1,1,-1,1,-1,1,-1,1,1,-1,1,1,1,-1,1,-1,-1,-1,1,-1,-1,1,-1,1,1,-1,-1,-1,-1,1,1,1,1,-1,-1,1,-1,1,1], length=60 energy=222}
Best result after 530141 ms running: LabsResult{bits=[1,1,1,-1,1,1,1,-1,-1,1,1,-1,-1,-1,1,-1,1,1,1,1,1,1,1,-1,1,-1,1,-1,1,1,-1,1,1,1,-1,1,-1,-1,-1,1,-1,-1,1,-1,1,1,-1,-1,-1,-1,1,1,1,1,-1,-1,1,-1,1,1], length=60 energy=222}
Best result after 535142 ms running: LabsResult{bits=[1,1,1,-1,1,1,1,-1,-1,1,1,-1,-1,-1,1,-1,1,1,1,1,1,1,1,-1,1,-1,1,-1,1,1,-1,1,1,1,-1,1,-1,-1,-1,1,-1,-1,1,-1,1,1,-1,-1,-1,-1,1,1,1,1,-1,-1,1,-1,1,1], length=60 energy=222}
Best result after 540142 ms running: LabsResult{bits=[1,1,1,-1,1,1,1,-1,-1,1,1,-1,-1,-1,1,-1,1,1,1,1,1,1,1,-1,1,-1,1,-1,1,1,-1,1,1,1,-1,1,-1,-1,-1,1,-1,-1,1,-1,1,1,-1,-1,-1,-1,1,1,1,1,-1,-1,1,-1,1,1], length=60 energy=222}
Best result after 545143 ms running: LabsResult{bits=[1,1,1,-1,1,1,1,-1,-1,1,1,-1,-1,-1,1,-1,1,1,1,1,1,1,1,-1,1,-1,1,-1,1,1,-1,1,1,1,-1,1,-1,-1,-1,1,-1,-1,1,-1,1,1,-1,-1,-1,-1,1,1,1,1,-1,-1,1,-1,1,1], length=60 energy=222}
Best result after 550144 ms running: LabsResult{bits=[1,1,1,-1,1,1,1,-1,-1,1,1,-1,-1,-1,1,-1,1,1,1,1,1,1,1,-1,1,-1,1,-1,1,1,-1,1,1,1,-1,1,-1,-1,-1,1,-1,-1,1,-1,1,1,-1,-1,-1,-1,1,1,1,1,-1,-1,1,-1,1,1], length=60 energy=222}
Best result after 555144 ms running: LabsResult{bits=[1,1,1,-1,1,1,1,-1,-1,1,1,-1,-1,-1,1,-1,1,1,1,1,1,1,1,-1,1,-1,1,-1,1,1,-1,1,1,1,-1,1,-1,-1,-1,1,-1,-1,1,-1,1,1,-1,-1,-1,-1,1,1,1,1,-1,-1,1,-1,1,1], length=60 energy=222}
Best result after 560145 ms running: LabsResult{bits=[1,1,1,-1,1,1,1,-1,-1,1,1,-1,-1,-1,1,-1,1,1,1,1,1,1,1,-1,1,-1,1,-1,1,1,-1,1,1,1,-1,1,-1,-1,-1,1,-1,-1,1,-1,1,1,-1,-1,-1,-1,1,1,1,1,-1,-1,1,-1,1,1], length=60 energy=222}
Best result after 565145 ms running: LabsResult{bits=[1,1,1,-1,1,1,1,-1,-1,1,1,-1,-1,-1,1,-1,1,1,1,1,1,1,1,-1,1,-1,1,-1,1,1,-1,1,1,1,-1,1,-1,-1,-1,1,-1,-1,1,-1,1,1,-1,-1,-1,-1,1,1,1,1,-1,-1,1,-1,1,1], length=60 energy=222}
Best result after 570146 ms running: LabsResult{bits=[1,1,1,-1,1,1,1,-1,-1,1,1,-1,-1,-1,1,-1,1,1,1,1,1,1,1,-1,1,-1,1,-1,1,1,-1,1,1,1,-1,1,-1,-1,-1,1,-1,-1,1,-1,1,1,-1,-1,-1,-1,1,1,1,1,-1,-1,1,-1,1,1], length=60 energy=222}
Best result after 575146 ms running: LabsResult{bits=[1,1,1,-1,1,1,1,-1,-1,1,1,-1,-1,-1,1,-1,1,1,1,1,1,1,1,-1,1,-1,1,-1,1,1,-1,1,1,1,-1,1,-1,-1,-1,1,-1,-1,1,-1,1,1,-1,-1,-1,-1,1,1,1,1,-1,-1,1,-1,1,1], length=60 energy=222}
Best result after 580146 ms running: LabsResult{bits=[1,1,1,-1,1,1,1,-1,-1,1,1,-1,-1,-1,1,-1,1,1,1,1,1,1,1,-1,1,-1,1,-1,1,1,-1,1,1,1,-1,1,-1,-1,-1,1,-1,-1,1,-1,1,1,-1,-1,-1,-1,1,1,1,1,-1,-1,1,-1,1,1], length=60 energy=222}
Best result after 585147 ms running: LabsResult{bits=[1,1,1,-1,1,1,1,-1,-1,1,1,-1,-1,-1,1,-1,1,1,1,1,1,1,1,-1,1,-1,1,-1,1,1,-1,1,1,1,-1,1,-1,-1,-1,1,-1,-1,1,-1,1,1,-1,-1,-1,-1,1,1,1,1,-1,-1,1,-1,1,1], length=60 energy=222}
Best result after 590148 ms running: LabsResult{bits=[1,1,1,-1,1,1,1,-1,-1,1,1,-1,-1,-1,1,-1,1,1,1,1,1,1,1,-1,1,-1,1,-1,1,1,-1,1,1,1,-1,1,-1,-1,-1,1,-1,-1,1,-1,1,1,-1,-1,-1,-1,1,1,1,1,-1,-1,1,-1,1,1], length=60 energy=222}
Best result after 595148 ms running: LabsResult{bits=[1,1,1,-1,1,1,1,-1,-1,1,1,-1,-1,-1,1,-1,1,1,1,1,1,1,1,-1,1,-1,1,-1,1,1,-1,1,1,1,-1,1,-1,-1,-1,1,-1,-1,1,-1,1,1,-1,-1,-1,-1,1,1,1,1,-1,-1,1,-1,1,1], length=60 energy=222}
Best result after 600000 ms running: LabsResult{bits=[1,1,1,-1,1,1,1,-1,-1,1,1,-1,-1,-1,1,-1,1,1,1,1,1,1,1,-1,1,-1,1,-1,1,1,-1,1,1,1,-1,1,-1,-1,-1,1,-1,-1,1,-1,1,1,-1,-1,-1,-1,1,1,1,1,-1,-1,1,-1,1,1], length=60 energy=222}
Best result: LabsResult{bits=[1,1,1,-1,1,1,1,-1,-1,1,1,-1,-1,-1,1,-1,1,1,1,1,1,1,1,-1,1,-1,1,-1,1,1,-1,1,1,1,-1,1,-1,-1,-1,1,-1,-1,1,-1,1,1,-1,-1,-1,-1,1,1,1,1,-1,-1,1,-1,1,1], length=60 energy=222}