Best result after 5002 ms running: LabsResult{bits=[1,-1,1,-1,1,-1,-1,-1,-1,-1,-1,-1,1,-1,1,-1,1,-1,-1,1,-1,-1,-1,1,-1,-1,-1,1,-1,-1,-1,1,1,-1,1,1,1,1,1,-1,-1,1,1,-1,-1,-1,-1,1,1,-1,-1,1,1,-1,-1,-1,-1,-1,1,1,1,1,-1,-1,1,1,1,1,1,-1,-1,-1,-1,1,1,-1,1,1,-1,1,-1,-1,1,-1,-1,1,-1,1,1,-1,1], length=91 energy=717}
Best result after 10044 ms running: LabsResult{bits=[1,-1,1,-1,1,-1,-1,-1,-1,-1,-1,-1,1,-1,1,-1,1,-1,-1,1,-1,-1,-1,1,-1,-1,-1,1,-1,-1,-1,1,1,-1,1,1,1,1,1,-1,-1,1,1,-1,-1,-1,-1,1,1,-1,-1,1,1,-1,-1,-1,-1,-1,1,1,1,1,-1,-1,1,1,1,1,1,-1,-1,-1,-1,1,1,-1,1,1,-1,1,-1,-1,1,-1,-1,1,-1,1,1,-1,1], length=91 energy=717}
Best result after 15045 ms running: LabsResult{bits=[1,1,1,1,1,1,1,1,1,1,1,1,-1,-1,1,1,-1,-1,-1,1,-1,1,1,1,-1,-1,-1,1,1,1,-1,-1,-1,1,-1,1,1,1,-1,1,1,-1,-1,-1,1,-1,1,-1,1,-1,1,1,1,-1,-1,1,-1,1,-1,-1,1,1,1,-1,1,-1,-1,1,-1,-1,1,1,1,-1,1,-1,1,-1,-1,1,-1,1,1,-1,1,-1,-1,1,-1,-1,1], length=91 energy=713}
Best result after 20045 ms running: LabsResult{bits=[1,1,1,1,1,1,1,1,1,1,1,1,-1,-1,1,1,-1,-1,-1,1,-1,1,1,1,-1,-1,-1,1,1,1,-1,-1,-1,1,-1,1,1,1,-1,1,1,-1,-1,-1,1,-1,1,-1,1,-1,1,1,1,-1,-1,1,-1,1,-1,-1,1,1,1,-1,1,-1,-1,1,-1,-1,1,1,1,-1,1,-1,1,-1,-1,1,-1,1,1,-1,1,-1,-1,1,-1,-1,1], length=91 energy=713}
Best result after 25046 ms running: LabsResult{bits=[1,1,1,1,1,1,1,1,1,1,1,1,-1,-1,1,1,-1,-1,-1,1,-1,1,1,1,-1,-1,-1,1,1,1,-1,-1,-1,1,-1,1,1,1,-1,1,1,-1,-1,-1,1,-1,1,-1,1,-1,1,1,1,-1,-1,1,-1,1,-1,-1,1,1,1,-1,1,-1,-1,1,-1,-1,1,1,1,-1,1,-1,1,-1,-1,1,-1,1,1,-1,1,-1,-1,1,-1,-1,1], length=91 energy=713}
Best result after 30047 ms running: LabsResult{bits=[1,1,1,1,1,1,1,1,1,1,1,1,-1,-1,1,1,-1,-1,-1,1,-1,1,1,1,-1,-1,-1,1,1,1,-1,-1,-1,1,-1,1,1,1,-1,1,1,-1,-1,-1,1,-1,1,-1,1,-1,1,1,1,-1,-1,1,-1,1,-1,-1,1,1,1,-1,1,-1,-1,1,-1,-1,1,1,1,-1,1,-1,1,-1,-1,1,-1,1,1,-1,1,-1,-1,1,-1,-1,1], length=91 energy=713}
Best result after 35047 ms running: LabsResult{bits=[1,1,1,1,1,1,1,1,1,1,1,1,-1,-1,1,1,-1,-1,-1,1,-1,1,1,1,-1,-1,-1,1,1,1,-1,-1,-1,1,-1,1,1,1,-1,1,1,-1,-1,-1,1,-1,1,-1,1,-1,1,1,1,-1,-1,1,-1,1,-1,-1,1,1,1,-1,1,-1,-1,1,-1,-1,1,1,1,-1,1,-1,1,-1,-1,1,-1,1,1,-1,1,-1,-1,1,-1,-1,1], length=91 energy=713}
Best result after 40048 ms running: LabsResult{bits=[1,1,1,1,1,1,1,1,1,1,1,1,-1,-1,1,1,-1,-1,-1,1,-1,1,1,1,-1,-1,-1,1,1,1,-1,-1,-1,1,-1,1,1,1,-1,1,1,-1,-1,-1,1,-1,1,-1,1,-1,1,1,1,-1,-1,1,-1,1,-1,-1,1,1,1,-1,1,-1,-1,1,-1,-1,1,1,1,-1,1,-1,1,-1,-1,1,-1,1,1,-1,1,-1,-1,1,-1,-1,1], length=91 energy=713}
Best result after 45048 ms running: LabsResult{bits=[1,1,1,1,1,1,1,1,1,1,1,1,-1,-1,1,1,-1,-1,-1,1,-1,1,1,1,-1,-1,-1,1,1,1,-1,-1,-1,1,-1,1,1,1,-1,1,1,-1,-1,-1,1,-1,1,-1,1,-1,1,1,1,-1,-1,1,-1,1,-1,-1,1,1,1,-1,1,-1,-1,1,-1,-1,1,1,1,-1,1,-1,1,-1,-1,1,-1,1,1,-1,1,-1,-1,1,-1,-1,1], length=91 energy=713}
Best result after 50049 ms running: LabsResult{bits=[-1,-1,-1,-1,-1,1,1,1,-1,-1,1,1,1,-1,1,1,1,-1,-1,1,1,1,1,-1,1,-1,-1,-1,-1,1,1,-1,-1,-1,-1,-1,1,1,1,-1,1,1,1,-1,-1,-1,-1,-1,1,1,1,-1,1,1,-1,1,-1,1,1,-1,1,1,-1,1,1,-1,-1,1,-1,1,1,1,-1,1,1,-1,1,1,1,-1,1,-1,1,-1,1,1,-1,1,1,1,1], length=91 energy=705}
Best result after 55049 ms running: LabsResult{bits=[-1,-1,-1,-1,-1,1,1,1,-1,-1,1,1,1,-1,1,1,1,-1,-1,1,1,1,1,-1,1,-1,-1,-1,-1,1,1,-1,-1,-1,-1,-1,1,1,1,-1,1,1,1,-1,-1,-1,-1,-1,1,1,1,-1,1,1,-1,1,-1,1,1,-1,1,1,-1,1,1,-1,-1,1,-1,1,1,1,-1,1,1,-1,1,1,1,-1,1,-1,1,-1,1,1,-1,1,1,1,1], length=91 energy=705}
Best result after 60050 ms running: LabsResult{bits=[-1,-1,-1,-1,-1,1,1,1,-1,-1,1,1,1,-1,1,1,1,-1,-1,1,1,1,1,-1,1,-1,-1,-1,-1,1,1,-1,-1,-1,-1,-1,1,1,1,-1,1,1,1,-1,-1,-1,-1,-1,1,1,1,-1,1,1,-1,1,-1,1,1,-1,1,1,-1,1,1,-1,-1,1,-1,1,1,1,-1,1,1,-1,1,1,1,-1,1,-1,1,-1,1,1,-1,1,1,1,1], length=91 energy=705}
Best result after 65050 ms running: LabsResult{bits=[-1,-1,-1,-1,-1,1,1,1,-1,-1,1,1,1,-1,1,1,1,-1,-1,1,1,1,1,-1,1,-1,-1,-1,-1,1,1,-1,-1,-1,-1,-1,1,1,1,-1,1,1,1,-1,-1,-1,-1,-1,1,1,1,-1,1,1,-1,1,-1,1,1,-1,1,1,-1,1,1,-1,-1,1,-1,1,1,1,-1,1,1,-1,1,1,1,-1,1,-1,1,-1,1,1,-1,1,1,1,1], length=91 energy=705}
Best result after 70051 ms running: LabsResult{bits=[-1,-1,-1,-1,-1,1,1,1,-1,-1,1,1,1,-1,1,1,1,-1,-1,1,1,1,1,-1,1,-1,-1,-1,-1,1,1,-1,-1,-1,-1,-1,1,1,1,-1,1,1,1,-1,-1,-1,-1,-1,1,1,1,-1,1,1,-1,1,-1,1,1,-1,1,1,-1,1,1,-1,-1,1,-1,1,1,1,-1,1,1,-1,1,1,1,-1,1,-1,1,-1,1,1,-1,1,1,1,1], length=91 energy=705}
Best result after 75052 ms running: LabsResult{bits=[-1,-1,-1,-1,-1,1,1,1,-1,-1,1,1,1,-1,1,1,1,-1,-1,1,1,1,1,-1,1,-1,-1,-1,-1,1,1,-1,-1,-1,-1,-1,1,1,1,-1,1,1,1,-1,-1,-1,-1,-1,1,1,1,-1,1,1,-1,1,-1,1,1,-1,1,1,-1,1,1,-1,-1,1,-1,1,1,1,-1,1,1,-1,1,1,1,-1,1,-1,1,-1,1,1,-1,1,1,1,1], length=91 energy=705}
Best result after 80052 ms running: LabsResult{bits=[-1,-1,-1,-1,-1,1,1,1,-1,-1,1,1,1,-1,1,1,1,-1,-1,1,1,1,1,-1,1,-1,-1,-1,-1,1,1,-1,-1,-1,-1,-1,1,1,1,-1,1,1,1,-1,-1,-1,-1,-1,1,1,1,-1,1,1,-1,1,-1,1,1,-1,1,1,-1,1,1,-1,-1,1,-1,1,1,1,-1,1,1,-1,1,1,1,-1,1,-1,1,-1,1,1,-1,1,1,1,1], length=91 energy=705}
Best result after 85053 ms running: LabsResult{bits=[-1,-1,-1,-1,-1,1,1,1,-1,-1,1,1,1,-1,1,1,1,-1,-1,1,1,1,1,-1,1,-1,-1,-1,-1,1,1,-1,-1,-1,-1,-1,1,1,1,-1,1,1,1,-1,-1,-1,-1,-1,1,1,1,-1,1,1,-1,1,-1,1,1,-1,1,1,-1,1,1,-1,-1,1,-1,1,1,1,-1,1,1,-1,1,1,1,-1,1,-1,1,-1,1,1,-1,1,1,1,1], length=91 energy=705}
Best result after 90053 ms running: LabsResult{bits=[-1,-1,-1,-1,-1,1,1,1,-1,-1,1,1,1,-1,1,1,1,-1,-1,1,1,1,1,-1,1,-1,-1,-1,-1,1,1,-1,-1,-1,-1,-1,1,1,1,-1,1,1,1,-1,-1,-1,-1,-1,1,1,1,-1,1,1,-1,1,-1,1,1,-1,1,1,-1,1,1,-1,-1,1,-1,1,1,1,-1,1,1,-1,1,1,1,-1,1,-1,1,-1,1,1,-1,1,1,1,1], length=91 energy=705}
Best result after 95054 ms running: LabsResult{bits=[-1,-1,-1,-1,-1,-1,-1,-1,-1,-1,1,1,-1,-1,-1,-1,-1,-1,1,-1,1,1,-1,1,1,1,1,-1,1,-1,-1,1,-1,-1,-1,-1,1,1,1,-1,-1,1,1,-1,-1,1,1,1,1,1,1,-1,-1,-1,-1,1,1,-1,1,1,-1,-1,1,-1,1,1,-1,1,-1,-1,1,1,-1,-1,1,-1,-1,-1,1,1,-1,1,-1,1,-1,1,-1,1,-1,1,1], length=91 energy=697}
Best result after 100054 ms running: LabsResult{bits=[-1,-1,-1,-1,-1,-1,-1,-1,-1,-1,1,1,-1,-1,-1,-1,-1,-1,1,-1,1,1,-1,1,1,1,1,-1,1,-1,-1,1,-1,-1,-1,-1,1,1,1,-1,-1,1,1,-1,-1,1,1,1,1,1,1,-1,-1,-1,-1,1,1,-1,1,1,-1,-1,1,-1,1,1,-1,1,-1,-1,1,1,-1,-1,1,-1,-1,-1,1,1,-1,1,-1,1,-1,1,-1,1,-1,1,1], length=91 energy=697}
Best result after 105055 ms running: LabsResult{bits=[-1,-1,-1,-1,-1,-1,-1,-1,-1,-1,1,1,-1,-1,-1,-1,-1,-1,1,-1,1,1,-1,1,1,1,1,-1,1,-1,-1,1,-1,-1,-1,-1,1,1,1,-1,-1,1,1,-1,-1,1,1,1,1,1,1,-1,-1,-1,-1,1,1,-1,1,1,-1,-1,1,-1,1,1,-1,1,-1,-1,1,1,-1,-1,1,-1,-1,-1,1,1,-1,1,-1,1,-1,1,-1,1,-1,1,1], length=91 energy=697}
Best result after 110056 ms running: LabsResult{bits=[1,-1,-1,-1,1,1,1,-1,-1,-1,1,1,-1,1,1,-1,-1,1,-1,-1,1,1,-1,-1,1,-1,1,-1,1,-1,1,-1,1,-1,-1,-1,1,1,1,1,-1,-1,1,-1,1,-1,-1,1,-1,-1,1,1,-1,1,-1,1,1,-1,1,-1,-1,-1,-1,1,-1,1,1,1,1,-1,-1,-1,-1,-1,-1,-1,-1,-1,-1,-1,-1,-1,-1,-1,-1,1,1,1,1,-1,1], length=91 energy=693}
Best result after 115057 ms running: LabsResult{bits=[1,1,1,1,-1,-1,-1,-1,-1,-1,1,1,-1,1,-1,1,1,-1,1,1,-1,1,-1,-1,-1,-1,1,1,-1,1,1,1,-1,-1,1,1,-1,-1,1,-1,-1,1,-1,-1,-1,-1,-1,-1,-1,-1,1,-1,1,-1,-1,1,1,-1,-1,1,1,-1,1,-1,1,1,1,-1,-1,-1,-1,1,1,1,-1,-1,-1,1,1,1,-1,-1,1,-1,1,-1,1,-1,1,-1,-1], length=91 energy=689}
Best result after 120057 ms running: LabsResult{bits=[1,1,1,1,-1,-1,-1,-1,-1,-1,1,1,-1,1,-1,1,1,-1,1,1,-1,1,-1,-1,-1,-1,1,1,-1,1,1,1,-1,-1,1,1,-1,-1,1,-1,-1,1,-1,-1,-1,-1,-1,-1,-1,-1,1,-1,1,-1,-1,1,1,-1,-1,1,1,-1,1,-1,1,1,1,-1,-1,-1,-1,1,1,1,-1,-1,-1,1,1,1,-1,-1,1,-1,1,-1,1,-1,1,-1,-1], length=91 energy=689}
Best result after 125058 ms running: LabsResult{bits=[1,1,1,1,-1,-1,-1,-1,-1,-1,1,1,-1,1,-1,1,1,-1,1,1,-1,1,-1,-1,-1,-1,1,1,-1,1,1,1,-1,-1,1,1,-1,-1,1,-1,-1,1,-1,-1,-1,-1,-1,-1,-1,-1,1,-1,1,-1,-1,1,1,-1,-1,1,1,-1,1,-1,1,1,1,-1,-1,-1,-1,1,1,1,-1,-1,-1,1,1,1,-1,-1,1,-1,1,-1,1,-1,1,-1,-1], length=91 energy=689}
Best result after 130059 ms running: LabsResult{bits=[1,1,1,1,-1,-1,-1,-1,-1,-1,1,1,-1,1,-1,1,1,-1,1,1,-1,1,-1,-1,-1,-1,1,1,-1,1,1,1,-1,-1,1,1,-1,-1,1,-1,-1,1,-1,-1,-1,-1,-1,-1,-1,-1,1,-1,1,-1,-1,1,1,-1,-1,1,1,-1,1,-1,1,1,1,-1,-1,-1,-1,1,1,1,-1,-1,-1,1,1,1,-1,-1,1,-1,1,-1,1,-1,1,-1,-1], length=91 energy=689}
Best result after 135059 ms running: LabsResult{bits=[1,1,1,1,-1,-1,-1,-1,-1,-1,1,1,-1,1,-1,1,1,-1,1,1,-1,1,-1,-1,-1,-1,1,1,-1,1,1,1,-1,-1,1,1,-1,-1,1,-1,-1,1,-1,-1,-1,-1,-1,-1,-1,-1,1,-1,1,-1,-1,1,1,-1,-1,1,1,-1,1,-1,1,1,1,-1,-1,-1,-1,1,1,1,-1,-1,-1,1,1,1,-1,-1,1,-1,1,-1,1,-1,1,-1,-1], length=91 energy=689}
Best result after 140060 ms running: LabsResult{bits=[-1,1,1,-1,-1,1,1,-1,1,1,-1,-1,-1,1,-1,1,-1,-1,1,1,1,-1,1,-1,-1,-1,1,1,-1,1,-1,1,1,-1,-1,-1,-1,1,1,-1,1,1,1,1,-1,-1,-1,-1,1,-1,-1,1,-1,1,-1,-1,1,1,1,1,1,-1,-1,1,-1,-1,1,-1,1,-1,-1,-1,1,-1,1,1,1,-1,1,-1,1,1,1,1,1,1,1,1,1,1,1], length=91 energy=621}
Best result after 145060 ms running: LabsResult{bits=[-1,1,1,-1,-1,1,1,-1,1,1,-1,-1,-1,1,-1,1,-1,-1,1,1,1,-1,1,-1,-1,-1,1,1,-1,1,-1,1,1,-1,-1,-1,-1,1,1,-1,1,1,1,1,-1,-1,-1,-1,1,-1,-1,1,-1,1,-1,-1,1,1,1,1,1,-1,-1,1,-1,-1,1,-1,1,-1,-1,-1,1,-1,1,1,1,-1,1,-1,1,1,1,1,1,1,1,1,1,1,1], length=91 energy=621}
Best result after 150061 ms running: LabsResult{bits=[-1,1,1,-1,-1,1,1,-1,1,1,-1,-1,-1,1,-1,1,-1,-1,1,1,1,-1,1,-1,-1,-1,1,1,-1,1,-1,1,1,-1,-1,-1,-1,1,1,-1,1,1,1,1,-1,-1,-1,-1,1,-1,-1,1,-1,1,-1,-1,1,1,1,1,1,-1,-1,1,-1,-1,1,-1,1,-1,-1,-1,1,-1,1,1,1,-1,1,-1,1,1,1,1,1,1,1,1,1,1,1], length=91 energy=621}
Best result after 155064 ms running: LabsResult{bits=[-1,1,1,-1,-1,1,1,-1,1,1,-1,-1,-1,1,-1,1,-1,-1,1,1,1,-1,1,-1,-1,-1,1,1,-1,1,-1,1,1,-1,-1,-1,-1,1,1,-1,1,1,1,1,-1,-1,-1,-1,1,-1,-1,1,-1,1,-1,-1,1,1,1,1,1,-1,-1,1,-1,-1,1,-1,1,-1,-1,-1,1,-1,1,1,1,-1,1,-1,1,1,1,1,1,1,1,1,1,1,1], length=91 energy=621}
Best result after 160067 ms running: LabsResult{bits=[-1,1,1,-1,-1,1,1,-1,1,1,-1,-1,-1,1,-1,1,-1,-1,1,1,1,-1,1,-1,-1,-1,1,1,-1,1,-1,1,1,-1,-1,-1,-1,1,1,-1,1,1,1,1,-1,-1,-1,-1,1,-1,-1,1,-1,1,-1,-1,1,1,1,1,1,-1,-1,1,-1,-1,1,-1,1,-1,-1,-1,1,-1,1,1,1,-1,1,-1,1,1,1,1,1,1,1,1,1,1,1], length=91 energy=621}
Best result after 165068 ms running: LabsResult{bits=[-1,1,1,-1,-1,1,1,-1,1,1,-1,-1,-1,1,-1,1,-1,-1,1,1,1,-1,1,-1,-1,-1,1,1,-1,1,-1,1,1,-1,-1,-1,-1,1,1,-1,1,1,1,1,-1,-1,-1,-1,1,-1,-1,1,-1,1,-1,-1,1,1,1,1,1,-1,-1,1,-1,-1,1,-1,1,-1,-1,-1,1,-1,1,1,1,-1,1,-1,1,1,1,1,1,1,1,1,1,1,1], length=91 energy=621}
Best result after 170069 ms running: LabsResult{bits=[-1,1,1,-1,-1,1,1,-1,1,1,-1,-1,-1,1,-1,1,-1,-1,1,1,1,-1,1,-1,-1,-1,1,1,-1,1,-1,1,1,-1,-1,-1,-1,1,1,-1,1,1,1,1,-1,-1,-1,-1,1,-1,-1,1,-1,1,-1,-1,1,1,1,1,1,-1,-1,1,-1,-1,1,-1,1,-1,-1,-1,1,-1,1,1,1,-1,1,-1,1,1,1,1,1,1,1,1,1,1,1], length=91 energy=621}
Best result after 175069 ms running: LabsResult{bits=[-1,1,1,-1,-1,1,1,-1,1,1,-1,-1,-1,1,-1,1,-1,-1,1,1,1,-1,1,-1,-1,-1,1,1,-1,1,-1,1,1,-1,-1,-1,-1,1,1,-1,1,1,1,1,-1,-1,-1,-1,1,-1,-1,1,-1,1,-1,-1,1,1,1,1,1,-1,-1,1,-1,-1,1,-1,1,-1,-1,-1,1,-1,1,1,1,-1,1,-1,1,1,1,1,1,1,1,1,1,1,1], length=91 energy=621}
Best result after 180070 ms running: LabsResult{bits=[-1,1,1,-1,-1,1,1,-1,1,1,-1,-1,-1,1,-1,1,-1,-1,1,1,1,-1,1,-1,-1,-1,1,1,-1,1,-1,1,1,-1,-1,-1,-1,1,1,-1,1,1,1,1,-1,-1,-1,-1,1,-1,-1,1,-1,1,-1,-1,1,1,1,1,1,-1,-1,1,-1,-1,1,-1,1,-1,-1,-1,1,-1,1,1,1,-1,1,-1,1,1,1,1,1,1,1,1,1,1,1], length=91 energy=621}
Best result after 185071 ms running: LabsResult{bits=[-1,1,1,-1,-1,1,1,-1,1,1,-1,-1,-1,1,-1,1,-1,-1,1,1,1,-1,1,-1,-1,-1,1,1,-1,1,-1,1,1,-1,-1,-1,-1,1,1,-1,1,1,1,1,-1,-1,-1,-1,1,-1,-1,1,-1,1,-1,-1,1,1,1,1,1,-1,-1,1,-1,-1,1,-1,1,-1,-1,-1,1,-1,1,1,1,-1,1,-1,1,1,1,1,1,1,1,1,1,1,1], length=91 energy=621}
Best result after 190071 ms running: LabsResult{bits=[-1,1,1,-1,-1,1,1,-1,1,1,-1,-1,-1,1,-1,1,-1,-1,1,1,1,-1,1,-1,-1,-1,1,1,-1,1,-1,1,1,-1,-1,-1,-1,1,1,-1,1,1,1,1,-1,-1,-1,-1,1,-1,-1,1,-1,1,-1,-1,1,1,1,1,1,-1,-1,1,-1,-1,1,-1,1,-1,-1,-1,1,-1,1,1,1,-1,1,-1,1,1,1,1,1,1,1,1,1,1,1], length=91 energy=621}
Best result after 195072 ms running: LabsResult{bits=[-1,1,1,-1,-1,1,1,-1,1,1,-1,-1,-1,1,-1,1,-1,-1,1,1,1,-1,1,-1,-1,-1,1,1,-1,1,-1,1,1,-1,-1,-1,-1,1,1,-1,1,1,1,1,-1,-1,-1,-1,1,-1,-1,1,-1,1,-1,-1,1,1,1,1,1,-1,-1,1,-1,-1,1,-1,1,-1,-1,-1,1,-1,1,1,1,-1,1,-1,1,1,1,1,1,1,1,1,1,1,1], length=91 energy=621}
Best result after 200072 ms running: LabsResult{bits=[-1,1,1,-1,-1,1,1,-1,1,1,-1,-1,-1,1,-1,1,-1,-1,1,1,1,-1,1,-1,-1,-1,1,1,-1,1,-1,1,1,-1,-1,-1,-1,1,1,-1,1,1,1,1,-1,-1,-1,-1,1,-1,-1,1,-1,1,-1,-1,1,1,1,1,1,-1,-1,1,-1,-1,1,-1,1,-1,-1,-1,1,-1,1,1,1,-1,1,-1,1,1,1,1,1,1,1,1,1,1,1], length=91 energy=621}
Best result after 205073 ms running: LabsResult{bits=[-1,1,1,-1,-1,1,1,-1,1,1,-1,-1,-1,1,-1,1,-1,-1,1,1,1,-1,1,-1,-1,-1,1,1,-1,1,-1,1,1,-1,-1,-1,-1,1,1,-1,1,1,1,1,-1,-1,-1,-1,1,-1,-1,1,-1,1,-1,-1,1,1,1,1,1,-1,-1,1,-1,-1,1,-1,1,-1,-1,-1,1,-1,1,1,1,-1,1,-1,1,1,1,1,1,1,1,1,1,1,1], length=91 energy=621}
Best result after 210074 ms running: LabsResult{bits=[-1,1,1,-1,-1,1,1,-1,1,1,-1,-1,-1,1,-1,1,-1,-1,1,1,1,-1,1,-1,-1,-1,1,1,-1,1,-1,1,1,-1,-1,-1,-1,1,1,-1,1,1,1,1,-1,-1,-1,-1,1,-1,-1,1,-1,1,-1,-1,1,1,1,1,1,-1,-1,1,-1,-1,1,-1,1,-1,-1,-1,1,-1,1,1,1,-1,1,-1,1,1,1,1,1,1,1,1,1,1,1], length=91 energy=621}
Best result after 215074 ms running: LabsResult{bits=[-1,1,1,-1,-1,1,1,-1,1,1,-1,-1,-1,1,-1,1,-1,-1,1,1,1,-1,1,-1,-1,-1,1,1,-1,1,-1,1,1,-1,-1,-1,-1,1,1,-1,1,1,1,1,-1,-1,-1,-1,1,-1,-1,1,-1,1,-1,-1,1,1,1,1,1,-1,-1,1,-1,-1,1,-1,1,-1,-1,-1,1,-1,1,1,1,-1,1,-1,1,1,1,1,1,1,1,1,1,1,1], length=91 energy=621}
Best result after 220075 ms running: LabsResult{bits=[-1,1,1,-1,-1,1,1,-1,1,1,-1,-1,-1,1,-1,1,-1,-1,1,1,1,-1,1,-1,-1,-1,1,1,-1,1,-1,1,1,-1,-1,-1,-1,1,1,-1,1,1,1,1,-1,-1,-1,-1,1,-1,-1,1,-1,1,-1,-1,1,1,1,1,1,-1,-1,1,-1,-1,1,-1,1,-1,-1,-1,1,-1,1,1,1,-1,1,-1,1,1,1,1,1,1,1,1,1,1,1], length=91 energy=621}
Best result after 225076 ms running: LabsResult{bits=[-1,1,1,-1,-1,1,1,-1,1,1,-1,-1,-1,1,-1,1,-1,-1,1,1,1,-1,1,-1,-1,-1,1,1,-1,1,-1,1,1,-1,-1,-1,-1,1,1,-1,1,1,1,1,-1,-1,-1,-1,1,-1,-1,1,-1,1,-1,-1,1,1,1,1,1,-1,-1,1,-1,-1,1,-1,1,-1,-1,-1,1,-1,1,1,1,-1,1,-1,1,1,1,1,1,1,1,1,1,1,1], length=91 energy=621}
Best result after 230078 ms running: LabsResult{bits=[-1,1,1,-1,-1,1,1,-1,1,1,-1,-1,-1,1,-1,1,-1,-1,1,1,1,-1,1,-1,-1,-1,1,1,-1,1,-1,1,1,-1,-1,-1,-1,1,1,-1,1,1,1,1,-1,-1,-1,-1,1,-1,-1,1,-1,1,-1,-1,1,1,1,1,1,-1,-1,1,-1,-1,1,-1,1,-1,-1,-1,1,-1,1,1,1,-1,1,-1,1,1,1,1,1,1,1,1,1,1,1], length=91 energy=621}
Best result after 235080 ms running: LabsResult{bits=[-1,1,1,-1,-1,1,1,-1,1,1,-1,-1,-1,1,-1,1,-1,-1,1,1,1,-1,1,-1,-1,-1,1,1,-1,1,-1,1,1,-1,-1,-1,-1,1,1,-1,1,1,1,1,-1,-1,-1,-1,1,-1,-1,1,-1,1,-1,-1,1,1,1,1,1,-1,-1,1,-1,-1,1,-1,1,-1,-1,-1,1,-1,1,1,1,-1,1,-1,1,1,1,1,1,1,1,1,1,1,1], length=91 energy=621}
Best result after 240080 ms running: LabsResult{bits=[-1,1,1,-1,-1,1,1,-1,1,1,-1,-1,-1,1,-1,1,-1,-1,1,1,1,-1,1,-1,-1,-1,1,1,-1,1,-1,1,1,-1,-1,-1,-1,1,1,-1,1,1,1,1,-1,-1,-1,-1,1,-1,-1,1,-1,1,-1,-1,1,1,1,1,1,-1,-1,1,-1,-1,1,-1,1,-1,-1,-1,1,-1,1,1,1,-1,1,-1,1,1,1,1,1,1,1,1,1,1,1], length=91 energy=621}
Best result after 245081 ms running: LabsResult{bits=[-1,1,1,-1,-1,1,1,-1,1,1,-1,-1,-1,1,-1,1,-1,-1,1,1,1,-1,1,-1,-1,-1,1,1,-1,1,-1,1,1,-1,-1,-1,-1,1,1,-1,1,1,1,1,-1,-1,-1,-1,1,-1,-1,1,-1,1,-1,-1,1,1,1,1,1,-1,-1,1,-1,-1,1,-1,1,-1,-1,-1,1,-1,1,1,1,-1,1,-1,1,1,1,1,1,1,1,1,1,1,1], length=91 energy=621}
Best result after 250082 ms running: LabsResult{bits=[-1,1,1,-1,-1,1,1,-1,1,1,-1,-1,-1,1,-1,1,-1,-1,1,1,1,-1,1,-1,-1,-1,1,1,-1,1,-1,1,1,-1,-1,-1,-1,1,1,-1,1,1,1,1,-1,-1,-1,-1,1,-1,-1,1,-1,1,-1,-1,1,1,1,1,1,-1,-1,1,-1,-1,1,-1,1,-1,-1,-1,1,-1,1,1,1,-1,1,-1,1,1,1,1,1,1,1,1,1,1,1], length=91 energy=621}
Best result after 255082 ms running: LabsResult{bits=[-1,1,1,-1,-1,1,1,-1,1,1,-1,-1,-1,1,-1,1,-1,-1,1,1,1,-1,1,-1,-1,-1,1,1,-1,1,-1,1,1,-1,-1,-1,-1,1,1,-1,1,1,1,1,-1,-1,-1,-1,1,-1,-1,1,-1,1,-1,-1,1,1,1,1,1,-1,-1,1,-1,-1,1,-1,1,-1,-1,-1,1,-1,1,1,1,-1,1,-1,1,1,1,1,1,1,1,1,1,1,1], length=91 energy=621}
Best result after 260083 ms running: LabsResult{bits=[-1,1,1,-1,-1,1,1,-1,1,1,-1,-1,-1,1,-1,1,-1,-1,1,1,1,-1,1,-1,-1,-1,1,1,-1,1,-1,1,1,-1,-1,-1,-1,1,1,-1,1,1,1,1,-1,-1,-1,-1,1,-1,-1,1,-1,1,-1,-1,1,1,1,1,1,-1,-1,1,-1,-1,1,-1,1,-1,-1,-1,1,-1,1,1,1,-1,1,-1,1,1,1,1,1,1,1,1,1,1,1], length=91 energy=621}
Best result after 265084 ms running: LabsResult{bits=[-1,1,1,-1,-1,1,1,-1,1,1,-1,-1,-1,1,-1,1,-1,-1,1,1,1,-1,1,-1,-1,-1,1,1,-1,1,-1,1,1,-1,-1,-1,-1,1,1,-1,1,1,1,1,-1,-1,-1,-1,1,-1,-1,1,-1,1,-1,-1,1,1,1,1,1,-1,-1,1,-1,-1,1,-1,1,-1,-1,-1,1,-1,1,1,1,-1,1,-1,1,1,1,1,1,1,1,1,1,1,1], length=91 energy=621}
Best result after 270084 ms running: LabsResult{bits=[-1,1,1,-1,-1,1,1,-1,1,1,-1,-1,-1,1,-1,1,-1,-1,1,1,1,-1,1,-1,-1,-1,1,1,-1,1,-1,1,1,-1,-1,-1,-1,1,1,-1,1,1,1,1,-1,-1,-1,-1,1,-1,-1,1,-1,1,-1,-1,1,1,1,1,1,-1,-1,1,-1,-1,1,-1,1,-1,-1,-1,1,-1,1,1,1,-1,1,-1,1,1,1,1,1,1,1,1,1,1,1], length=91 energy=621}
Best result after 275085 ms running: LabsResult{bits=[-1,1,1,-1,-1,1,1,-1,1,1,-1,-1,-1,1,-1,1,-1,-1,1,1,1,-1,1,-1,-1,-1,1,1,-1,1,-1,1,1,-1,-1,-1,-1,1,1,-1,1,1,1,1,-1,-1,-1,-1,1,-1,-1,1,-1,1,-1,-1,1,1,1,1,1,-1,-1,1,-1,-1,1,-1,1,-1,-1,-1,1,-1,1,1,1,-1,1,-1,1,1,1,1,1,1,1,1,1,1,1], length=91 energy=621}
Best result after 280086 ms running: LabsResult{bits=[-1,1,1,-1,-1,1,1,-1,1,1,-1,-1,-1,1,-1,1,-1,-1,1,1,1,-1,1,-1,-1,-1,1,1,-1,1,-1,1,1,-1,-1,-1,-1,1,1,-1,1,1,1,1,-1,-1,-1,-1,1,-1,-1,1,-1,1,-1,-1,1,1,1,1,1,-1,-1,1,-1,-1,1,-1,1,-1,-1,-1,1,-1,1,1,1,-1,1,-1,1,1,1,1,1,1,1,1,1,1,1], length=91 energy=621}
Best result after 285086 ms running: LabsResult{bits=[-1,1,1,-1,-1,1,1,-1,1,1,-1,-1,-1,1,-1,1,-1,-1,1,1,1,-1,1,-1,-1,-1,1,1,-1,1,-1,1,1,-1,-1,-1,-1,1,1,-1,1,1,1,1,-1,-1,-1,-1,1,-1,-1,1,-1,1,-1,-1,1,1,1,1,1,-1,-1,1,-1,-1,1,-1,1,-1,-1,-1,1,-1,1,1,1,-1,1,-1,1,1,1,1,1,1,1,1,1,1,1], length=91 energy=621}
Best result after 290087 ms running: LabsResult{bits=[-1,1,1,-1,-1,1,1,-1,1,1,-1,-1,-1,1,-1,1,-1,-1,1,1,1,-1,1,-1,-1,-1,1,1,-1,1,-1,1,1,-1,-1,-1,-1,1,1,-1,1,1,1,1,-1,-1,-1,-1,1,-1,-1,1,-1,1,-1,-1,1,1,1,1,1,-1,-1,1,-1,-1,1,-1,1,-1,-1,-1,1,-1,1,1,1,-1,1,-1,1,1,1,1,1,1,1,1,1,1,1], length=91 energy=621}
Best result after 295088 ms running: LabsResult{bits=[-1,1,1,-1,-1,1,1,-1,1,1,-1,-1,-1,1,-1,1,-1,-1,1,1,1,-1,1,-1,-1,-1,1,1,-1,1,-1,1,1,-1,-1,-1,-1,1,1,-1,1,1,1,1,-1,-1,-1,-1,1,-1,-1,1,-1,1,-1,-1,1,1,1,1,1,-1,-1,1,-1,-1,1,-1,1,-1,-1,-1,1,-1,1,1,1,-1,1,-1,1,1,1,1,1,1,1,1,1,1,1], length=91 energy=621}
Best result after 300088 ms running: LabsResult{bits=[-1,1,1,-1,-1,1,1,-1,1,1,-1,-1,-1,1,-1,1,-1,-1,1,1,1,-1,1,-1,-1,-1,1,1,-1,1,-1,1,1,-1,-1,-1,-1,1,1,-1,1,1,1,1,-1,-1,-1,-1,1,-1,-1,1,-1,1,-1,-1,1,1,1,1,1,-1,-1,1,-1,-1,1,-1,1,-1,-1,-1,1,-1,1,1,1,-1,1,-1,1,1,1,1,1,1,1,1,1,1,1], length=91 energy=621}
Best result after 305088 ms running: LabsResult{bits=[-1,1,1,-1,-1,1,1,-1,1,1,-1,-1,-1,1,-1,1,-1,-1,1,1,1,-1,1,-1,-1,-1,1,1,-1,1,-1,1,1,-1,-1,-1,-1,1,1,-1,1,1,1,1,-1,-1,-1,-1,1,-1,-1,1,-1,1,-1,-1,1,1,1,1,1,-1,-1,1,-1,-1,1,-1,1,-1,-1,-1,1,-1,1,1,1,-1,1,-1,1,1,1,1,1,1,1,1,1,1,1], length=91 energy=621}
Best result after 310089 ms running: LabsResult{bits=[-1,1,1,-1,-1,1,1,-1,1,1,-1,-1,-1,1,-1,1,-1,-1,1,1,1,-1,1,-1,-1,-1,1,1,-1,1,-1,1,1,-1,-1,-1,-1,1,1,-1,1,1,1,1,-1,-1,-1,-1,1,-1,-1,1,-1,1,-1,-1,1,1,1,1,1,-1,-1,1,-1,-1,1,-1,1,-1,-1,-1,1,-1,1,1,1,-1,1,-1,1,1,1,1,1,1,1,1,1,1,1], length=91 energy=621}
Best result after 315090 ms running: LabsResult{bits=[-1,1,1,-1,-1,1,1,-1,1,1,-1,-1,-1,1,-1,1,-1,-1,1,1,1,-1,1,-1,-1,-1,1,1,-1,1,-1,1,1,-1,-1,-1,-1,1,1,-1,1,1,1,1,-1,-1,-1,-1,1,-1,-1,1,-1,1,-1,-1,1,1,1,1,1,-1,-1,1,-1,-1,1,-1,1,-1,-1,-1,1,-1,1,1,1,-1,1,-1,1,1,1,1,1,1,1,1,1,1,1], length=91 energy=621}
Best result after 320090 ms running: LabsResult{bits=[-1,1,1,-1,-1,1,1,-1,1,1,-1,-1,-1,1,-1,1,-1,-1,1,1,1,-1,1,-1,-1,-1,1,1,-1,1,-1,1,1,-1,-1,-1,-1,1,1,-1,1,1,1,1,-1,-1,-1,-1,1,-1,-1,1,-1,1,-1,-1,1,1,1,1,1,-1,-1,1,-1,-1,1,-1,1,-1,-1,-1,1,-1,1,1,1,-1,1,-1,1,1,1,1,1,1,1,1,1,1,1], length=91 energy=621}
Best result after 325090 ms running: LabsResult{bits=[-1,1,1,-1,-1,1,1,-1,1,1,-1,-1,-1,1,-1,1,-1,-1,1,1,1,-1,1,-1,-1,-1,1,1,-1,1,-1,1,1,-1,-1,-1,-1,1,1,-1,1,1,1,1,-1,-1,-1,-1,1,-1,-1,1,-1,1,-1,-1,1,1,1,1,1,-1,-1,1,-1,-1,1,-1,1,-1,-1,-1,1,-1,1,1,1,-1,1,-1,1,1,1,1,1,1,1,1,1,1,1], length=91 energy=621}
Best result after 330091 ms running: LabsResult{bits=[-1,1,1,-1,-1,1,1,-1,1,1,-1,-1,-1,1,-1,1,-1,-1,1,1,1,-1,1,-1,-1,-1,1,1,-1,1,-1,1,1,-1,-1,-1,-1,1,1,-1,1,1,1,1,-1,-1,-1,-1,1,-1,-1,1,-1,1,-1,-1,1,1,1,1,1,-1,-1,1,-1,-1,1,-1,1,-1,-1,-1,1,-1,1,1,1,-1,1,-1,1,1,1,1,1,1,1,1,1,1,1], length=91 energy=621}
Best result after 335092 ms running: LabsResult{bits=[-1,1,1,-1,-1,1,1,-1,1,1,-1,-1,-1,1,-1,1,-1,-1,1,1,1,-1,1,-1,-1,-1,1,1,-1,1,-1,1,1,-1,-1,-1,-1,1,1,-1,1,1,1,1,-1,-1,-1,-1,1,-1,-1,1,-1,1,-1,-1,1,1,1,1,1,-1,-1,1,-1,-1,1,-1,1,-1,-1,-1,1,-1,1,1,1,-1,1,-1,1,1,1,1,1,1,1,1,1,1,1], length=91 energy=621}
Best result after 340092 ms running: LabsResult{bits=[-1,1,1,-1,-1,1,1,-1,1,1,-1,-1,-1,1,-1,1,-1,-1,1,1,1,-1,1,-1,-1,-1,1,1,-1,1,-1,1,1,-1,-1,-1,-1,1,1,-1,1,1,1,1,-1,-1,-1,-1,1,-1,-1,1,-1,1,-1,-1,1,1,1,1,1,-1,-1,1,-1,-1,1,-1,1,-1,-1,-1,1,-1,1,1,1,-1,1,-1,1,1,1,1,1,1,1,1,1,1,1], length=91 energy=621}
Best result after 345093 ms running: LabsResult{bits=[-1,1,1,-1,-1,1,1,-1,1,1,-1,-1,-1,1,-1,1,-1,-1,1,1,1,-1,1,-1,-1,-1,1,1,-1,1,-1,1,1,-1,-1,-1,-1,1,1,-1,1,1,1,1,-1,-1,-1,-1,1,-1,-1,1,-1,1,-1,-1,1,1,1,1,1,-1,-1,1,-1,-1,1,-1,1,-1,-1,-1,1,-1,1,1,1,-1,1,-1,1,1,1,1,1,1,1,1,1,1,1], length=91 energy=621}
Best result after 350094 ms running: LabsResult{bits=[-1,1,1,-1,-1,1,1,-1,1,1,-1,-1,-1,1,-1,1,-1,-1,1,1,1,-1,1,-1,-1,-1,1,1,-1,1,-1,1,1,-1,-1,-1,-1,1,1,-1,1,1,1,1,-1,-1,-1,-1,1,-1,-1,1,-1,1,-1,-1,1,1,1,1,1,-1,-1,1,-1,-1,1,-1,1,-1,-1,-1,1,-1,1,1,1,-1,1,-1,1,1,1,1,1,1,1,1,1,1,1], length=91 energy=621}
Best result after 355094 ms running: LabsResult{bits=[-1,1,1,-1,-1,1,1,-1,1,1,-1,-1,-1,1,-1,1,-1,-1,1,1,1,-1,1,-1,-1,-1,1,1,-1,1,-1,1,1,-1,-1,-1,-1,1,1,-1,1,1,1,1,-1,-1,-1,-1,1,-1,-1,1,-1,1,-1,-1,1,1,1,1,1,-1,-1,1,-1,-1,1,-1,1,-1,-1,-1,1,-1,1,1,1,-1,1,-1,1,1,1,1,1,1,1,1,1,1,1], length=91 energy=621}
Best result after 360095 ms running: LabsResult{bits=[-1,1,1,-1,-1,1,1,-1,1,1,-1,-1,-1,1,-1,1,-1,-1,1,1,1,-1,1,-1,-1,-1,1,1,-1,1,-1,1,1,-1,-1,-1,-1,1,1,-1,1,1,1,1,-1,-1,-1,-1,1,-1,-1,1,-1,1,-1,-1,1,1,1,1,1,-1,-1,1,-1,-1,1,-1,1,-1,-1,-1,1,-1,1,1,1,-1,1,-1,1,1,1,1,1,1,1,1,1,1,1], length=91 energy=621}
Best result after 365095 ms running: LabsResult{bits=[-1,1,1,-1,-1,1,1,-1,1,1,-1,-1,-1,1,-1,1,-1,-1,1,1,1,-1,1,-1,-1,-1,1,1,-1,1,-1,1,1,-1,-1,-1,-1,1,1,-1,1,1,1,1,-1,-1,-1,-1,1,-1,-1,1,-1,1,-1,-1,1,1,1,1,1,-1,-1,1,-1,-1,1,-1,1,-1,-1,-1,1,-1,1,1,1,-1,1,-1,1,1,1,1,1,1,1,1,1,1,1], length=91 energy=621}
Best result after 370096 ms running: LabsResult{bits=[-1,1,1,-1,-1,1,1,-1,1,1,-1,-1,-1,1,-1,1,-1,-1,1,1,1,-1,1,-1,-1,-1,1,1,-1,1,-1,1,1,-1,-1,-1,-1,1,1,-1,1,1,1,1,-1,-1,-1,-1,1,-1,-1,1,-1,1,-1,-1,1,1,1,1,1,-1,-1,1,-1,-1,1,-1,1,-1,-1,-1,1,-1,1,1,1,-1,1,-1,1,1,1,1,1,1,1,1,1,1,1], length=91 energy=621}
Best result after 375096 ms running: LabsResult{bits=[-1,1,1,-1,-1,1,1,-1,1,1,-1,-1,-1,1,-1,1,-1,-1,1,1,1,-1,1,-1,-1,-1,1,1,-1,1,-1,1,1,-1,-1,-1,-1,1,1,-1,1,1,1,1,-1,-1,-1,-1,1,-1,-1,1,-1,1,-1,-1,1,1,1,1,1,-1,-1,1,-1,-1,1,-1,1,-1,-1,-1,1,-1,1,1,1,-1,1,-1,1,1,1,1,1,1,1,1,1,1,1], length=91 energy=621}
Best result after 380097 ms running: LabsResult{bits=[-1,1,1,-1,-1,1,1,-1,1,1,-1,-1,-1,1,-1,1,-1,-1,1,1,1,-1,1,-1,-1,-1,1,1,-1,1,-1,1,1,-1,-1,-1,-1,1,1,-1,1,1,1,1,-1,-1,-1,-1,1,-1,-1,1,-1,1,-1,-1,1,1,1,1,1,-1,-1,1,-1,-1,1,-1,1,-1,-1,-1,1,-1,1,1,1,-1,1,-1,1,1,1,1,1,1,1,1,1,1,1], length=91 energy=621}
Best result after 385102 ms running: LabsResult{bits=[-1,1,1,-1,-1,1,1,-1,1,1,-1,-1,-1,1,-1,1,-1,-1,1,1,1,-1,1,-1,-1,-1,1,1,-1,1,-1,1,1,-1,-1,-1,-1,1,1,-1,1,1,1,1,-1,-1,-1,-1,1,-1,-1,1,-1,1,-1,-1,1,1,1,1,1,-1,-1,1,-1,-1,1,-1,1,-1,-1,-1,1,-1,1,1,1,-1,1,-1,1,1,1,1,1,1,1,1,1,1,1], length=91 energy=621}
Best result after 390102 ms running: LabsResult{bits=[-1,1,1,-1,-1,1,1,-1,1,1,-1,-1,-1,1,-1,1,-1,-1,1,1,1,-1,1,-1,-1,-1,1,1,-1,1,-1,1,1,-1,-1,-1,-1,1,1,-1,1,1,1,1,-1,-1,-1,-1,1,-1,-1,1,-1,1,-1,-1,1,1,1,1,1,-1,-1,1,-1,-1,1,-1,1,-1,-1,-1,1,-1,1,1,1,-1,1,-1,1,1,1,1,1,1,1,1,1,1,1], length=91 energy=621}
Best result after 395103 ms running: LabsResult{bits=[-1,1,1,-1,-1,1,1,-1,1,1,-1,-1,-1,1,-1,1,-1,-1,1,1,1,-1,1,-1,-1,-1,1,1,-1,1,-1,1,1,-1,-1,-1,-1,1,1,-1,1,1,1,1,-1,-1,-1,-1,1,-1,-1,1,-1,1,-1,-1,1,1,1,1,1,-1,-1,1,-1,-1,1,-1,1,-1,-1,-1,1,-1,1,1,1,-1,1,-1,1,1,1,1,1,1,1,1,1,1,1], length=91 energy=621}
Best result after 400103 ms running: LabsResult{bits=[-1,1,1,-1,-1,1,1,-1,1,1,-1,-1,-1,1,-1,1,-1,-1,1,1,1,-1,1,-1,-1,-1,1,1,-1,1,-1,1,1,-1,-1,-1,-1,1,1,-1,1,1,1,1,-1,-1,-1,-1,1,-1,-1,1,-1,1,-1,-1,1,1,1,1,1,-1,-1,1,-1,-1,1,-1,1,-1,-1,-1,1,-1,1,1,1,-1,1,-1,1,1,1,1,1,1,1,1,1,1,1], length=91 energy=621}
Best result after 405105 ms running: LabsResult{bits=[-1,1,1,-1,-1,1,1,-1,1,1,-1,-1,-1,1,-1,1,-1,-1,1,1,1,-1,1,-1,-1,-1,1,1,-1,1,-1,1,1,-1,-1,-1,-1,1,1,-1,1,1,1,1,-1,-1,-1,-1,1,-1,-1,1,-1,1,-1,-1,1,1,1,1,1,-1,-1,1,-1,-1,1,-1,1,-1,-1,-1,1,-1,1,1,1,-1,1,-1,1,1,1,1,1,1,1,1,1,1,1], length=91 energy=621}
Best result after 410106 ms running: LabsResult{bits=[-1,1,1,-1,-1,1,1,-1,1,1,-1,-1,-1,1,-1,1,-1,-1,1,1,1,-1,1,-1,-1,-1,1,1,-1,1,-1,1,1,-1,-1,-1,-1,1,1,-1,1,1,1,1,-1,-1,-1,-1,1,-1,-1,1,-1,1,-1,-1,1,1,1,1,1,-1,-1,1,-1,-1,1,-1,1,-1,-1,-1,1,-1,1,1,1,-1,1,-1,1,1,1,1,1,1,1,1,1,1,1], length=91 energy=621}
Best result after 415106 ms running: LabsResult{bits=[-1,1,1,-1,-1,1,1,-1,1,1,-1,-1,-1,1,-1,1,-1,-1,1,1,1,-1,1,-1,-1,-1,1,1,-1,1,-1,1,1,-1,-1,-1,-1,1,1,-1,1,1,1,1,-1,-1,-1,-1,1,-1,-1,1,-1,1,-1,-1,1,1,1,1,1,-1,-1,1,-1,-1,1,-1,1,-1,-1,-1,1,-1,1,1,1,-1,1,-1,1,1,1,1,1,1,1,1,1,1,1], length=91 energy=621}
Best result after 420107 ms running: LabsResult{bits=[-1,1,1,-1,-1,1,1,-1,1,1,-1,-1,-1,1,-1,1,-1,-1,1,1,1,-1,1,-1,-1,-1,1,1,-1,1,-1,1,1,-1,-1,-1,-1,1,1,-1,1,1,1,1,-1,-1,-1,-1,1,-1,-1,1,-1,1,-1,-1,1,1,1,1,1,-1,-1,1,-1,-1,1,-1,1,-1,-1,-1,1,-1,1,1,1,-1,1,-1,1,1,1,1,1,1,1,1,1,1,1], length=91 energy=621}
Best result after 425107 ms running: LabsResult{bits=[-1,1,1,-1,-1,1,1,-1,1,1,-1,-1,-1,1,-1,1,-1,-1,1,1,1,-1,1,-1,-1,-1,1,1,-1,1,-1,1,1,-1,-1,-1,-1,1,1,-1,1,1,1,1,-1,-1,-1,-1,1,-1,-1,1,-1,1,-1,-1,1,1,1,1,1,-1,-1,1,-1,-1,1,-1,1,-1,-1,-1,1,-1,1,1,1,-1,1,-1,1,1,1,1,1,1,1,1,1,1,1], length=91 energy=621}
Best result after 430107 ms running: LabsResult{bits=[-1,1,1,-1,-1,1,1,-1,1,1,-1,-1,-1,1,-1,1,-1,-1,1,1,1,-1,1,-1,-1,-1,1,1,-1,1,-1,1,1,-1,-1,-1,-1,1,1,-1,1,1,1,1,-1,-1,-1,-1,1,-1,-1,1,-1,1,-1,-1,1,1,1,1,1,-1,-1,1,-1,-1,1,-1,1,-1,-1,-1,1,-1,1,1,1,-1,1,-1,1,1,1,1,1,1,1,1,1,1,1], length=91 energy=621}
Best result after 435108 ms running: LabsResult{bits=[-1,1,1,-1,-1,1,1,-1,1,1,-1,-1,-1,1,-1,1,-1,-1,1,1,1,-1,1,-1,-1,-1,1,1,-1,1,-1,1,1,-1,-1,-1,-1,1,1,-1,1,1,1,1,-1,-1,-1,-1,1,-1,-1,1,-1,1,-1,-1,1,1,1,1,1,-1,-1,1,-1,-1,1,-1,1,-1,-1,-1,1,-1,1,1,1,-1,1,-1,1,1,1,1,1,1,1,1,1,1,1], length=91 energy=621}
Best result after 440109 ms running: LabsResult{bits=[-1,1,1,-1,-1,1,1,-1,1,1,-1,-1,-1,1,-1,1,-1,-1,1,1,1,-1,1,-1,-1,-1,1,1,-1,1,-1,1,1,-1,-1,-1,-1,1,1,-1,1,1,1,1,-1,-1,-1,-1,1,-1,-1,1,-1,1,-1,-1,1,1,1,1,1,-1,-1,1,-1,-1,1,-1,1,-1,-1,-1,1,-1,1,1,1,-1,1,-1,1,1,1,1,1,1,1,1,1,1,1], length=91 energy=621}
Best result after 445109 ms running: LabsResult{bits=[-1,1,1,-1,-1,1,1,-1,1,1,-1,-1,-1,1,-1,1,-1,-1,1,1,1,-1,1,-1,-1,-1,1,1,-1,1,-1,1,1,-1,-1,-1,-1,1,1,-1,1,1,1,1,-1,-1,-1,-1,1,-1,-1,1,-1,1,-1,-1,1,1,1,1,1,-1,-1,1,-1,-1,1,-1,1,-1,-1,-1,1,-1,1,1,1,-1,1,-1,1,1,1,1,1,1,1,1,1,1,1], length=91 energy=621}
Best result after 450110 ms running: LabsResult{bits=[-1,1,1,-1,-1,1,1,-1,1,1,-1,-1,-1,1,-1,1,-1,-1,1,1,1,-1,1,-1,-1,-1,1,1,-1,1,-1,1,1,-1,-1,-1,-1,1,1,-1,1,1,1,1,-1,-1,-1,-1,1,-1,-1,1,-1,1,-1,-1,1,1,1,1,1,-1,-1,1,-1,-1,1,-1,1,-1,-1,-1,1,-1,1,1,1,-1,1,-1,1,1,1,1,1,1,1,1,1,1,1], length=91 energy=621}
Best result after 455110 ms running: LabsResult{bits=[-1,1,1,-1,-1,1,1,-1,1,1,-1,-1,-1,1,-1,1,-1,-1,1,1,1,-1,1,-1,-1,-1,1,1,-1,1,-1,1,1,-1,-1,-1,-1,1,1,-1,1,1,1,1,-1,-1,-1,-1,1,-1,-1,1,-1,1,-1,-1,1,1,1,1,1,-1,-1,1,-1,-1,1,-1,1,-1,-1,-1,1,-1,1,1,1,-1,1,-1,1,1,1,1,1,1,1,1,1,1,1], length=91 energy=621}
Best result after 460111 ms running: LabsResult{bits=[-1,1,1,-1,-1,1,1,-1,1,1,-1,-1,-1,1,-1,1,-1,-1,1,1,1,-1,1,-1,-1,-1,1,1,-1,1,-1,1,1,-1,-1,-1,-1,1,1,-1,1,1,1,1,-1,-1,-1,-1,1,-1,-1,1,-1,1,-1,-1,1,1,1,1,1,-1,-1,1,-1,-1,1,-1,1,-1,-1,-1,1,-1,1,1,1,-1,1,-1,1,1,1,1,1,1,1,1,1,1,1], length=91 energy=621}
Best result after 465111 ms running: LabsResult{bits=[-1,1,1,-1,-1,1,1,-1,1,1,-1,-1,-1,1,-1,1,-1,-1,1,1,1,-1,1,-1,-1,-1,1,1,-1,1,-1,1,1,-1,-1,-1,-1,1,1,-1,1,1,1,1,-1,-1,-1,-1,1,-1,-1,1,-1,1,-1,-1,1,1,1,1,1,-1,-1,1,-1,-1,1,-1,1,-1,-1,-1,1,-1,1,1,1,-1,1,-1,1,1,1,1,1,1,1,1,1,1,1], length=91 energy=621}
Best result after 470112 ms running: LabsResult{bits=[-1,1,1,-1,-1,1,1,-1,1,1,-1,-1,-1,1,-1,1,-1,-1,1,1,1,-1,1,-1,-1,-1,1,1,-1,1,-1,1,1,-1,-1,-1,-1,1,1,-1,1,1,1,1,-1,-1,-1,-1,1,-1,-1,1,-1,1,-1,-1,1,1,1,1,1,-1,-1,1,-1,-1,1,-1,1,-1,-1,-1,1,-1,1,1,1,-1,1,-1,1,1,1,1,1,1,1,1,1,1,1], length=91 energy=621}
Best result after 475113 ms running: LabsResult{bits=[-1,1,1,-1,-1,1,1,-1,1,1,-1,-1,-1,1,-1,1,-1,-1,1,1,1,-1,1,-1,-1,-1,1,1,-1,1,-1,1,1,-1,-1,-1,-1,1,1,-1,1,1,1,1,-1,-1,-1,-1,1,-1,-1,1,-1,1,-1,-1,1,1,1,1,1,-1,-1,1,-1,-1,1,-1,1,-1,-1,-1,1,-1,1,1,1,-1,1,-1,1,1,1,1,1,1,1,1,1,1,1], length=91 energy=621}
Best result after 480113 ms running: LabsResult{bits=[-1,1,1,-1,-1,1,1,-1,1,1,-1,-1,-1,1,-1,1,-1,-1,1,1,1,-1,1,-1,-1,-1,1,1,-1,1,-1,1,1,-1,-1,-1,-1,1,1,-1,1,1,1,1,-1,-1,-1,-1,1,-1,-1,1,-1,1,-1,-1,1,1,1,1,1,-1,-1,1,-1,-1,1,-1,1,-1,-1,-1,1,-1,1,1,1,-1,1,-1,1,1,1,1,1,1,1,1,1,1,1], length=91 energy=621}
Best result after 485114 ms running: LabsResult{bits=[-1,1,1,-1,-1,1,1,-1,1,1,-1,-1,-1,1,-1,1,-1,-1,1,1,1,-1,1,-1,-1,-1,1,1,-1,1,-1,1,1,-1,-1,-1,-1,1,1,-1,1,1,1,1,-1,-1,-1,-1,1,-1,-1,1,-1,1,-1,-1,1,1,1,1,1,-1,-1,1,-1,-1,1,-1,1,-1,-1,-1,1,-1,1,1,1,-1,1,-1,1,1,1,1,1,1,1,1,1,1,1], length=91 energy=621}
Best result after 490114 ms running: LabsResult{bits=[-1,1,1,-1,-1,1,1,-1,1,1,-1,-1,-1,1,-1,1,-1,-1,1,1,1,-1,1,-1,-1,-1,1,1,-1,1,-1,1,1,-1,-1,-1,-1,1,1,-1,1,1,1,1,-1,-1,-1,-1,1,-1,-1,1,-1,1,-1,-1,1,1,1,1,1,-1,-1,1,-1,-1,1,-1,1,-1,-1,-1,1,-1,1,1,1,-1,1,-1,1,1,1,1,1,1,1,1,1,1,1], length=91 energy=621}
Best result after 495115 ms running: LabsResult{bits=[-1,1,1,-1,-1,1,1,-1,1,1,-1,-1,-1,1,-1,1,-1,-1,1,1,1,-1,1,-1,-1,-1,1,1,-1,1,-1,1,1,-1,-1,-1,-1,1,1,-1,1,1,1,1,-1,-1,-1,-1,1,-1,-1,1,-1,1,-1,-1,1,1,1,1,1,-1,-1,1,-1,-1,1,-1,1,-1,-1,-1,1,-1,1,1,1,-1,1,-1,1,1,1,1,1,1,1,1,1,1,1], length=91 energy=621}
Best result after 500116 ms running: LabsResult{bits=[-1,1,1,-1,-1,1,1,-1,1,1,-1,-1,-1,1,-1,1,-1,-1,1,1,1,-1,1,-1,-1,-1,1,1,-1,1,-1,1,1,-1,-1,-1,-1,1,1,-1,1,1,1,1,-1,-1,-1,-1,1,-1,-1,1,-1,1,-1,-1,1,1,1,1,1,-1,-1,1,-1,-1,1,-1,1,-1,-1,-1,1,-1,1,1,1,-1,1,-1,1,1,1,1,1,1,1,1,1,1,1], length=91 energy=621}
Best result after 505116 ms running: LabsResult{bits=[-1,1,1,-1,-1,1,1,-1,1,1,-1,-1,-1,1,-1,1,-1,-1,1,1,1,-1,1,-1,-1,-1,1,1,-1,1,-1,1,1,-1,-1,-1,-1,1,1,-1,1,1,1,1,-1,-1,-1,-1,1,-1,-1,1,-1,1,-1,-1,1,1,1,1,1,-1,-1,1,-1,-1,1,-1,1,-1,-1,-1,1,-1,1,1,1,-1,1,-1,1,1,1,1,1,1,1,1,1,1,1], length=91 energy=621}
Best result after 510117 ms running: LabsResult{bits=[-1,1,1,-1,-1,1,1,-1,1,1,-1,-1,-1,1,-1,1,-1,-1,1,1,1,-1,1,-1,-1,-1,1,1,-1,1,-1,1,1,-1,-1,-1,-1,1,1,-1,1,1,1,1,-1,-1,-1,-1,1,-1,-1,1,-1,1,-1,-1,1,1,1,1,1,-1,-1,1,-1,-1,1,-1,1,-1,-1,-1,1,-1,1,1,1,-1,1,-1,1,1,1,1,1,1,1,1,1,1,1], length=91 energy=621}
Best result after 515117 ms running: LabsResult{bits=[-1,1,1,-1,-1,1,1,-1,1,1,-1,-1,-1,1,-1,1,-1,-1,1,1,1,-1,1,-1,-1,-1,1,1,-1,1,-1,1,1,-1,-1,-1,-1,1,1,-1,1,1,1,1,-1,-1,-1,-1,1,-1,-1,1,-1,1,-1,-1,1,1,1,1,1,-1,-1,1,-1,-1,1,-1,1,-1,-1,-1,1,-1,1,1,1,-1,1,-1,1,1,1,1,1,1,1,1,1,1,1], length=91 energy=621}
Best result after 520118 ms running: LabsResult{bits=[-1,1,1,-1,-1,1,1,-1,1,1,-1,-1,-1,1,-1,1,-1,-1,1,1,1,-1,1,-1,-1,-1,1,1,-1,1,-1,1,1,-1,-1,-1,-1,1,1,-1,1,1,1,1,-1,-1,-1,-1,1,-1,-1,1,-1,1,-1,-1,1,1,1,1,1,-1,-1,1,-1,-1,1,-1,1,-1,-1,-1,1,-1,1,1,1,-1,1,-1,1,1,1,1,1,1,1,1,1,1,1], length=91 energy=621}
Best result after 525118 ms running: LabsResult{bits=[-1,1,1,-1,-1,1,1,-1,1,1,-1,-1,-1,1,-1,1,-1,-1,1,1,1,-1,1,-1,-1,-1,1,1,-1,1,-1,1,1,-1,-1,-1,-1,1,1,-1,1,1,1,1,-1,-1,-1,-1,1,-1,-1,1,-1,1,-1,-1,1,1,1,1,1,-1,-1,1,-1,-1,1,-1,1,-1,-1,-1,1,-1,1,1,1,-1,1,-1,1,1,1,1,1,1,1,1,1,1,1], length=91 energy=621}
Best result after 530119 ms running: LabsResult{bits=[-1,1,1,-1,-1,1,1,-1,1,1,-1,-1,-1,1,-1,1,-1,-1,1,1,1,-1,1,-1,-1,-1,1,1,-1,1,-1,1,1,-1,-1,-1,-1,1,1,-1,1,1,1,1,-1,-1,-1,-1,1,-1,-1,1,-1,1,-1,-1,1,1,1,1,1,-1,-1,1,-1,-1,1,-1,1,-1,-1,-1,1,-1,1,1,1,-1,1,-1,1,1,1,1,1,1,1,1,1,1,1], length=91 energy=621}
Best result after 535120 ms running: LabsResult{bits=[-1,1,1,-1,-1,1,1,-1,1,1,-1,-1,-1,1,-1,1,-1,-1,1,1,1,-1,1,-1,-1,-1,1,1,-1,1,-1,1,1,-1,-1,-1,-1,1,1,-1,1,1,1,1,-1,-1,-1,-1,1,-1,-1,1,-1,1,-1,-1,1,1,1,1,1,-1,-1,1,-1,-1,1,-1,1,-1,-1,-1,1,-1,1,1,1,-1,1,-1,1,1,1,1,1,1,1,1,1,1,1], length=91 energy=621}
Best result after 540120 ms running: LabsResult{bits=[-1,1,1,-1,-1,1,1,-1,1,1,-1,-1,-1,1,-1,1,-1,-1,1,1,1,-1,1,-1,-1,-1,1,1,-1,1,-1,1,1,-1,-1,-1,-1,1,1,-1,1,1,1,1,-1,-1,-1,-1,1,-1,-1,1,-1,1,-1,-1,1,1,1,1,1,-1,-1,1,-1,-1,1,-1,1,-1,-1,-1,1,-1,1,1,1,-1,1,-1,1,1,1,1,1,1,1,1,1,1,1], length=91 energy=621}
Best result after 545121 ms running: LabsResult{bits=[-1,1,1,-1,-1,1,1,-1,1,1,-1,-1,-1,1,-1,1,-1,-1,1,1,1,-1,1,-1,-1,-1,1,1,-1,1,-1,1,1,-1,-1,-1,-1,1,1,-1,1,1,1,1,-1,-1,-1,-1,1,-1,-1,1,-1,1,-1,-1,1,1,1,1,1,-1,-1,1,-1,-1,1,-1,1,-1,-1,-1,1,-1,1,1,1,-1,1,-1,1,1,1,1,1,1,1,1,1,1,1], length=91 energy=621}
Best result after 550122 ms running: LabsResult{bits=[-1,1,1,-1,-1,1,1,-1,1,1,-1,-1,-1,1,-1,1,-1,-1,1,1,1,-1,1,-1,-1,-1,1,1,-1,1,-1,1,1,-1,-1,-1,-1,1,1,-1,1,1,1,1,-1,-1,-1,-1,1,-1,-1,1,-1,1,-1,-1,1,1,1,1,1,-1,-1,1,-1,-1,1,-1,1,-1,-1,-1,1,-1,1,1,1,-1,1,-1,1,1,1,1,1,1,1,1,1,1,1], length=91 energy=621}
Best result after 555122 ms running: LabsResult{bits=[-1,1,1,-1,-1,1,1,-1,1,1,-1,-1,-1,1,-1,1,-1,-1,1,1,1,-1,1,-1,-1,-1,1,1,-1,1,-1,1,1,-1,-1,-1,-1,1,1,-1,1,1,1,1,-1,-1,-1,-1,1,-1,-1,1,-1,1,-1,-1,1,1,1,1,1,-1,-1,1,-1,-1,1,-1,1,-1,-1,-1,1,-1,1,1,1,-1,1,-1,1,1,1,1,1,1,1,1,1,1,1], length=91 energy=621}
Best result after 560123 ms running: LabsResult{bits=[-1,1,1,-1,-1,1,1,-1,1,1,-1,-1,-1,1,-1,1,-1,-1,1,1,1,-1,1,-1,-1,-1,1,1,-1,1,-1,1,1,-1,-1,-1,-1,1,1,-1,1,1,1,1,-1,-1,-1,-1,1,-1,-1,1,-1,1,-1,-1,1,1,1,1,1,-1,-1,1,-1,-1,1,-1,1,-1,-1,-1,1,-1,1,1,1,-1,1,-1,1,1,1,1,1,1,1,1,1,1,1], length=91 energy=621}
Best result after 565124 ms running: LabsResult{bits=[-1,1,1,-1,-1,1,1,-1,1,1,-1,-1,-1,1,-1,1,-1,-1,1,1,1,-1,1,-1,-1,-1,1,1,-1,1,-1,1,1,-1,-1,-1,-1,1,1,-1,1,1,1,1,-1,-1,-1,-1,1,-1,-1,1,-1,1,-1,-1,1,1,1,1,1,-1,-1,1,-1,-1,1,-1,1,-1,-1,-1,1,-1,1,1,1,-1,1,-1,1,1,1,1,1,1,1,1,1,1,1], length=91 energy=621}
Best result after 570124 ms running: LabsResult{bits=[-1,1,1,-1,-1,1,1,-1,1,1,-1,-1,-1,1,-1,1,-1,-1,1,1,1,-1,1,-1,-1,-1,1,1,-1,1,-1,1,1,-1,-1,-1,-1,1,1,-1,1,1,1,1,-1,-1,-1,-1,1,-1,-1,1,-1,1,-1,-1,1,1,1,1,1,-1,-1,1,-1,-1,1,-1,1,-1,-1,-1,1,-1,1,1,1,-1,1,-1,1,1,1,1,1,1,1,1,1,1,1], length=91 energy=621}
Best result after 575125 ms running: LabsResult{bits=[-1,1,1,-1,-1,1,1,-1,1,1,-1,-1,-1,1,-1,1,-1,-1,1,1,1,-1,1,-1,-1,-1,1,1,-1,1,-1,1,1,-1,-1,-1,-1,1,1,-1,1,1,1,1,-1,-1,-1,-1,1,-1,-1,1,-1,1,-1,-1,1,1,1,1,1,-1,-1,1,-1,-1,1,-1,1,-1,-1,-1,1,-1,1,1,1,-1,1,-1,1,1,1,1,1,1,1,1,1,1,1], length=91 energy=621}
Best result after 580125 ms running: LabsResult{bits=[-1,1,1,-1,-1,1,1,-1,1,1,-1,-1,-1,1,-1,1,-1,-1,1,1,1,-1,1,-1,-1,-1,1,1,-1,1,-1,1,1,-1,-1,-1,-1,1,1,-1,1,1,1,1,-1,-1,-1,-1,1,-1,-1,1,-1,1,-1,-1,1,1,1,1,1,-1,-1,1,-1,-1,1,-1,1,-1,-1,-1,1,-1,1,1,1,-1,1,-1,1,1,1,1,1,1,1,1,1,1,1], length=91 energy=621}
Best result after 585126 ms running: LabsResult{bits=[-1,1,1,-1,-1,1,1,-1,1,1,-1,-1,-1,1,-1,1,-1,-1,1,1,1,-1,1,-1,-1,-1,1,1,-1,1,-1,1,1,-1,-1,-1,-1,1,1,-1,1,1,1,1,-1,-1,-1,-1,1,-1,-1,1,-1,1,-1,-1,1,1,1,1,1,-1,-1,1,-1,-1,1,-1,1,-1,-1,-1,1,-1,1,1,1,-1,1,-1,1,1,1,1,1,1,1,1,1,1,1], length=91 energy=621}
Best result after 590127 ms running: LabsResult{bits=[-1,1,1,-1,-1,1,1,-1,1,1,-1,-1,-1,1,-1,1,-1,-1,1,1,1,-1,1,-1,-1,-1,1,1,-1,1,-1,1,1,-1,-1,-1,-1,1,1,-1,1,1,1,1,-1,-1,-1,-1,1,-1,-1,1,-1,1,-1,-1,1,1,1,1,1,-1,-1,1,-1,-1,1,-1,1,-1,-1,-1,1,-1,1,1,1,-1,1,-1,1,1,1,1,1,1,1,1,1,1,1], length=91 energy=621}
Best result after 595127 ms running: LabsResult{bits=[-1,1,1,-1,-1,1,1,-1,1,1,-1,-1,-1,1,-1,1,-1,-1,1,1,1,-1,1,-1,-1,-1,1,1,-1,1,-1,1,1,-1,-1,-1,-1,1,1,-1,1,1,1,1,-1,-1,-1,-1,1,-1,-1,1,-1,1,-1,-1,1,1,1,1,1,-1,-1,1,-1,-1,1,-1,1,-1,-1,-1,1,-1,1,1,1,-1,1,-1,1,1,1,1,1,1,1,1,1,1,1], length=91 energy=621}
Best result after 600128 ms running: LabsResult{bits=[-1,1,1,-1,-1,1,1,-1,1,1,-1,-1,-1,1,-1,1,-1,-1,1,1,1,-1,1,-1,-1,-1,1,1,-1,1,-1,1,1,-1,-1,-1,-1,1,1,-1,1,1,1,1,-1,-1,-1,-1,1,-1,-1,1,-1,1,-1,-1,1,1,1,1,1,-1,-1,1,-1,-1,1,-1,1,-1,-1,-1,1,-1,1,1,1,-1,1,-1,1,1,1,1,1,1,1,1,1,1,1], length=91 energy=621}
Best result after 605129 ms running: LabsResult{bits=[-1,1,1,-1,-1,1,1,-1,1,1,-1,-1,-1,1,-1,1,-1,-1,1,1,1,-1,1,-1,-1,-1,1,1,-1,1,-1,1,1,-1,-1,-1,-1,1,1,-1,1,1,1,1,-1,-1,-1,-1,1,-1,-1,1,-1,1,-1,-1,1,1,1,1,1,-1,-1,1,-1,-1,1,-1,1,-1,-1,-1,1,-1,1,1,1,-1,1,-1,1,1,1,1,1,1,1,1,1,1,1], length=91 energy=621}
Best result after 610129 ms running: LabsResult{bits=[-1,1,1,-1,-1,1,1,-1,1,1,-1,-1,-1,1,-1,1,-1,-1,1,1,1,-1,1,-1,-1,-1,1,1,-1,1,-1,1,1,-1,-1,-1,-1,1,1,-1,1,1,1,1,-1,-1,-1,-1,1,-1,-1,1,-1,1,-1,-1,1,1,1,1,1,-1,-1,1,-1,-1,1,-1,1,-1,-1,-1,1,-1,1,1,1,-1,1,-1,1,1,1,1,1,1,1,1,1,1,1], length=91 energy=621}
Best result after 615130 ms running: LabsResult{bits=[-1,1,1,-1,-1,1,1,-1,1,1,-1,-1,-1,1,-1,1,-1,-1,1,1,1,-1,1,-1,-1,-1,1,1,-1,1,-1,1,1,-1,-1,-1,-1,1,1,-1,1,1,1,1,-1,-1,-1,-1,1,-1,-1,1,-1,1,-1,-1,1,1,1,1,1,-1,-1,1,-1,-1,1,-1,1,-1,-1,-1,1,-1,1,1,1,-1,1,-1,1,1,1,1,1,1,1,1,1,1,1], length=91 energy=621}
Best result after 620130 ms running: LabsResult{bits=[-1,1,1,-1,-1,1,1,-1,1,1,-1,-1,-1,1,-1,1,-1,-1,1,1,1,-1,1,-1,-1,-1,1,1,-1,1,-1,1,1,-1,-1,-1,-1,1,1,-1,1,1,1,1,-1,-1,-1,-1,1,-1,-1,1,-1,1,-1,-1,1,1,1,1,1,-1,-1,1,-1,-1,1,-1,1,-1,-1,-1,1,-1,1,1,1,-1,1,-1,1,1,1,1,1,1,1,1,1,1,1], length=91 energy=621}
Best result after 625131 ms running: LabsResult{bits=[-1,1,1,-1,-1,1,1,-1,1,1,-1,-1,-1,1,-1,1,-1,-1,1,1,1,-1,1,-1,-1,-1,1,1,-1,1,-1,1,1,-1,-1,-1,-1,1,1,-1,1,1,1,1,-1,-1,-1,-1,1,-1,-1,1,-1,1,-1,-1,1,1,1,1,1,-1,-1,1,-1,-1,1,-1,1,-1,-1,-1,1,-1,1,1,1,-1,1,-1,1,1,1,1,1,1,1,1,1,1,1], length=91 energy=621}
Best result after 630132 ms running: LabsResult{bits=[-1,1,1,-1,-1,1,1,-1,1,1,-1,-1,-1,1,-1,1,-1,-1,1,1,1,-1,1,-1,-1,-1,1,1,-1,1,-1,1,1,-1,-1,-1,-1,1,1,-1,1,1,1,1,-1,-1,-1,-1,1,-1,-1,1,-1,1,-1,-1,1,1,1,1,1,-1,-1,1,-1,-1,1,-1,1,-1,-1,-1,1,-1,1,1,1,-1,1,-1,1,1,1,1,1,1,1,1,1,1,1], length=91 energy=621}
Best result after 635133 ms running: LabsResult{bits=[-1,1,1,-1,-1,1,1,-1,1,1,-1,-1,-1,1,-1,1,-1,-1,1,1,1,-1,1,-1,-1,-1,1,1,-1,1,-1,1,1,-1,-1,-1,-1,1,1,-1,1,1,1,1,-1,-1,-1,-1,1,-1,-1,1,-1,1,-1,-1,1,1,1,1,1,-1,-1,1,-1,-1,1,-1,1,-1,-1,-1,1,-1,1,1,1,-1,1,-1,1,1,1,1,1,1,1,1,1,1,1], length=91 energy=621}
Best result after 640133 ms running: LabsResult{bits=[-1,1,1,-1,-1,1,1,-1,1,1,-1,-1,-1,1,-1,1,-1,-1,1,1,1,-1,1,-1,-1,-1,1,1,-1,1,-1,1,1,-1,-1,-1,-1,1,1,-1,1,1,1,1,-1,-1,-1,-1,1,-1,-1,1,-1,1,-1,-1,1,1,1,1,1,-1,-1,1,-1,-1,1,-1,1,-1,-1,-1,1,-1,1,1,1,-1,1,-1,1,1,1,1,1,1,1,1,1,1,1], length=91 energy=621}
Best result after 645134 ms running: LabsResult{bits=[-1,1,1,-1,-1,1,1,-1,1,1,-1,-1,-1,1,-1,1,-1,-1,1,1,1,-1,1,-1,-1,-1,1,1,-1,1,-1,1,1,-1,-1,-1,-1,1,1,-1,1,1,1,1,-1,-1,-1,-1,1,-1,-1,1,-1,1,-1,-1,1,1,1,1,1,-1,-1,1,-1,-1,1,-1,1,-1,-1,-1,1,-1,1,1,1,-1,1,-1,1,1,1,1,1,1,1,1,1,1,1], length=91 energy=621}
Best result after 650135 ms running: LabsResult{bits=[-1,1,1,-1,-1,1,1,-1,1,1,-1,-1,-1,1,-1,1,-1,-1,1,1,1,-1,1,-1,-1,-1,1,1,-1,1,-1,1,1,-1,-1,-1,-1,1,1,-1,1,1,1,1,-1,-1,-1,-1,1,-1,-1,1,-1,1,-1,-1,1,1,1,1,1,-1,-1,1,-1,-1,1,-1,1,-1,-1,-1,1,-1,1,1,1,-1,1,-1,1,1,1,1,1,1,1,1,1,1,1], length=91 energy=621}
Best result after 655135 ms running: LabsResult{bits=[-1,1,1,-1,-1,1,1,-1,1,1,-1,-1,-1,1,-1,1,-1,-1,1,1,1,-1,1,-1,-1,-1,1,1,-1,1,-1,1,1,-1,-1,-1,-1,1,1,-1,1,1,1,1,-1,-1,-1,-1,1,-1,-1,1,-1,1,-1,-1,1,1,1,1,1,-1,-1,1,-1,-1,1,-1,1,-1,-1,-1,1,-1,1,1,1,-1,1,-1,1,1,1,1,1,1,1,1,1,1,1], length=91 energy=621}
Best result after 660136 ms running: LabsResult{bits=[-1,1,1,-1,-1,1,1,-1,1,1,-1,-1,-1,1,-1,1,-1,-1,1,1,1,-1,1,-1,-1,-1,1,1,-1,1,-1,1,1,-1,-1,-1,-1,1,1,-1,1,1,1,1,-1,-1,-1,-1,1,-1,-1,1,-1,1,-1,-1,1,1,1,1,1,-1,-1,1,-1,-1,1,-1,1,-1,-1,-1,1,-1,1,1,1,-1,1,-1,1,1,1,1,1,1,1,1,1,1,1], length=91 energy=621}
Best result after 665137 ms running: LabsResult{bits=[-1,1,1,-1,-1,1,1,-1,1,1,-1,-1,-1,1,-1,1,-1,-1,1,1,1,-1,1,-1,-1,-1,1,1,-1,1,-1,1,1,-1,-1,-1,-1,1,1,-1,1,1,1,1,-1,-1,-1,-1,1,-1,-1,1,-1,1,-1,-1,1,1,1,1,1,-1,-1,1,-1,-1,1,-1,1,-1,-1,-1,1,-1,1,1,1,-1,1,-1,1,1,1,1,1,1,1,1,1,1,1], length=91 energy=621}
Best result after 670137 ms running: LabsResult{bits=[-1,1,1,-1,-1,1,1,-1,1,1,-1,-1,-1,1,-1,1,-1,-1,1,1,1,-1,1,-1,-1,-1,1,1,-1,1,-1,1,1,-1,-1,-1,-1,1,1,-1,1,1,1,1,-1,-1,-1,-1,1,-1,-1,1,-1,1,-1,-1,1,1,1,1,1,-1,-1,1,-1,-1,1,-1,1,-1,-1,-1,1,-1,1,1,1,-1,1,-1,1,1,1,1,1,1,1,1,1,1,1], length=91 energy=621}
Best result after 675138 ms running: LabsResult{bits=[-1,1,1,-1,-1,1,1,-1,1,1,-1,-1,-1,1,-1,1,-1,-1,1,1,1,-1,1,-1,-1,-1,1,1,-1,1,-1,1,1,-1,-1,-1,-1,1,1,-1,1,1,1,1,-1,-1,-1,-1,1,-1,-1,1,-1,1,-1,-1,1,1,1,1,1,-1,-1,1,-1,-1,1,-1,1,-1,-1,-1,1,-1,1,1,1,-1,1,-1,1,1,1,1,1,1,1,1,1,1,1], length=91 energy=621}
Best result after 680139 ms running: LabsResult{bits=[-1,1,1,-1,-1,1,1,-1,1,1,-1,-1,-1,1,-1,1,-1,-1,1,1,1,-1,1,-1,-1,-1,1,1,-1,1,-1,1,1,-1,-1,-1,-1,1,1,-1,1,1,1,1,-1,-1,-1,-1,1,-1,-1,1,-1,1,-1,-1,1,1,1,1,1,-1,-1,1,-1,-1,1,-1,1,-1,-1,-1,1,-1,1,1,1,-1,1,-1,1,1,1,1,1,1,1,1,1,1,1], length=91 energy=621}
Best result after 685139 ms running: LabsResult{bits=[-1,1,1,-1,-1,1,1,-1,1,1,-1,-1,-1,1,-1,1,-1,-1,1,1,1,-1,1,-1,-1,-1,1,1,-1,1,-1,1,1,-1,-1,-1,-1,1,1,-1,1,1,1,1,-1,-1,-1,-1,1,-1,-1,1,-1,1,-1,-1,1,1,1,1,1,-1,-1,1,-1,-1,1,-1,1,-1,-1,-1,1,-1,1,1,1,-1,1,-1,1,1,1,1,1,1,1,1,1,1,1], length=91 energy=621}
Best result after 690140 ms running: LabsResult{bits=[-1,1,1,-1,-1,1,1,-1,1,1,-1,-1,-1,1,-1,1,-1,-1,1,1,1,-1,1,-1,-1,-1,1,1,-1,1,-1,1,1,-1,-1,-1,-1,1,1,-1,1,1,1,1,-1,-1,-1,-1,1,-1,-1,1,-1,1,-1,-1,1,1,1,1,1,-1,-1,1,-1,-1,1,-1,1,-1,-1,-1,1,-1,1,1,1,-1,1,-1,1,1,1,1,1,1,1,1,1,1,1], length=91 energy=621}
Best result after 695141 ms running: LabsResult{bits=[-1,1,1,-1,-1,1,1,-1,1,1,-1,-1,-1,1,-1,1,-1,-1,1,1,1,-1,1,-1,-1,-1,1,1,-1,1,-1,1,1,-1,-1,-1,-1,1,1,-1,1,1,1,1,-1,-1,-1,-1,1,-1,-1,1,-1,1,-1,-1,1,1,1,1,1,-1,-1,1,-1,-1,1,-1,1,-1,-1,-1,1,-1,1,1,1,-1,1,-1,1,1,1,1,1,1,1,1,1,1,1], length=91 energy=621}
Best result after 700141 ms running: LabsResult{bits=[-1,1,1,-1,-1,1,1,-1,1,1,-1,-1,-1,1,-1,1,-1,-1,1,1,1,-1,1,-1,-1,-1,1,1,-1,1,-1,1,1,-1,-1,-1,-1,1,1,-1,1,1,1,1,-1,-1,-1,-1,1,-1,-1,1,-1,1,-1,-1,1,1,1,1,1,-1,-1,1,-1,-1,1,-1,1,-1,-1,-1,1,-1,1,1,1,-1,1,-1,1,1,1,1,1,1,1,1,1,1,1], length=91 energy=621}
Best result after 705142 ms running: LabsResult{bits=[-1,1,1,-1,-1,1,1,-1,1,1,-1,-1,-1,1,-1,1,-1,-1,1,1,1,-1,1,-1,-1,-1,1,1,-1,1,-1,1,1,-1,-1,-1,-1,1,1,-1,1,1,1,1,-1,-1,-1,-1,1,-1,-1,1,-1,1,-1,-1,1,1,1,1,1,-1,-1,1,-1,-1,1,-1,1,-1,-1,-1,1,-1,1,1,1,-1,1,-1,1,1,1,1,1,1,1,1,1,1,1], length=91 energy=621}
Best result after 710142 ms running: LabsResult{bits=[-1,1,1,-1,-1,1,1,-1,1,1,-1,-1,-1,1,-1,1,-1,-1,1,1,1,-1,1,-1,-1,-1,1,1,-1,1,-1,1,1,-1,-1,-1,-1,1,1,-1,1,1,1,1,-1,-1,-1,-1,1,-1,-1,1,-1,1,-1,-1,1,1,1,1,1,-1,-1,1,-1,-1,1,-1,1,-1,-1,-1,1,-1,1,1,1,-1,1,-1,1,1,1,1,1,1,1,1,1,1,1], length=91 energy=621}
Best result after 715143 ms running: LabsResult{bits=[-1,1,1,-1,-1,1,1,-1,1,1,-1,-1,-1,1,-1,1,-1,-1,1,1,1,-1,1,-1,-1,-1,1,1,-1,1,-1,1,1,-1,-1,-1,-1,1,1,-1,1,1,1,1,-1,-1,-1,-1,1,-1,-1,1,-1,1,-1,-1,1,1,1,1,1,-1,-1,1,-1,-1,1,-1,1,-1,-1,-1,1,-1,1,1,1,-1,1,-1,1,1,1,1,1,1,1,1,1,1,1], length=91 energy=621}
Best result after 720144 ms running: LabsResult{bits=[-1,1,1,-1,-1,1,1,-1,1,1,-1,-1,-1,1,-1,1,-1,-1,1,1,1,-1,1,-1,-1,-1,1,1,-1,1,-1,1,1,-1,-1,-1,-1,1,1,-1,1,1,1,1,-1,-1,-1,-1,1,-1,-1,1,-1,1,-1,-1,1,1,1,1,1,-1,-1,1,-1,-1,1,-1,1,-1,-1,-1,1,-1,1,1,1,-1,1,-1,1,1,1,1,1,1,1,1,1,1,1], length=91 energy=621}
Best result after 725144 ms running: LabsResult{bits=[-1,1,1,-1,-1,1,1,-1,1,1,-1,-1,-1,1,-1,1,-1,-1,1,1,1,-1,1,-1,-1,-1,1,1,-1,1,-1,1,1,-1,-1,-1,-1,1,1,-1,1,1,1,1,-1,-1,-1,-1,1,-1,-1,1,-1,1,-1,-1,1,1,1,1,1,-1,-1,1,-1,-1,1,-1,1,-1,-1,-1,1,-1,1,1,1,-1,1,-1,1,1,1,1,1,1,1,1,1,1,1], length=91 energy=621}
Best result after 730145 ms running: LabsResult{bits=[-1,1,1,-1,-1,1,1,-1,1,1,-1,-1,-1,1,-1,1,-1,-1,1,1,1,-1,1,-1,-1,-1,1,1,-1,1,-1,1,1,-1,-1,-1,-1,1,1,-1,1,1,1,1,-1,-1,-1,-1,1,-1,-1,1,-1,1,-1,-1,1,1,1,1,1,-1,-1,1,-1,-1,1,-1,1,-1,-1,-1,1,-1,1,1,1,-1,1,-1,1,1,1,1,1,1,1,1,1,1,1], length=91 energy=621}
Best result after 735145 ms running: LabsResult{bits=[-1,1,1,-1,-1,1,1,-1,1,1,-1,-1,-1,1,-1,1,-1,-1,1,1,1,-1,1,-1,-1,-1,1,1,-1,1,-1,1,1,-1,-1,-1,-1,1,1,-1,1,1,1,1,-1,-1,-1,-1,1,-1,-1,1,-1,1,-1,-1,1,1,1,1,1,-1,-1,1,-1,-1,1,-1,1,-1,-1,-1,1,-1,1,1,1,-1,1,-1,1,1,1,1,1,1,1,1,1,1,1], length=91 energy=621}
Best result after 740146 ms running: LabsResult{bits=[-1,1,1,-1,-1,1,1,-1,1,1,-1,-1,-1,1,-1,1,-1,-1,1,1,1,-1,1,-1,-1,-1,1,1,-1,1,-1,1,1,-1,-1,-1,-1,1,1,-1,1,1,1,1,-1,-1,-1,-1,1,-1,-1,1,-1,1,-1,-1,1,1,1,1,1,-1,-1,1,-1,-1,1,-1,1,-1,-1,-1,1,-1,1,1,1,-1,1,-1,1,1,1,1,1,1,1,1,1,1,1], length=91 energy=621}
Best result after 745147 ms running: LabsResult{bits=[-1,1,1,-1,-1,1,1,-1,1,1,-1,-1,-1,1,-1,1,-1,-1,1,1,1,-1,1,-1,-1,-1,1,1,-1,1,-1,1,1,-1,-1,-1,-1,1,1,-1,1,1,1,1,-1,-1,-1,-1,1,-1,-1,1,-1,1,-1,-1,1,1,1,1,1,-1,-1,1,-1,-1,1,-1,1,-1,-1,-1,1,-1,1,1,1,-1,1,-1,1,1,1,1,1,1,1,1,1,1,1], length=91 energy=621}
Best result after 750153 ms running: LabsResult{bits=[-1,1,1,-1,-1,1,1,-1,1,1,-1,-1,-1,1,-1,1,-1,-1,1,1,1,-1,1,-1,-1,-1,1,1,-1,1,-1,1,1,-1,-1,-1,-1,1,1,-1,1,1,1,1,-1,-1,-1,-1,1,-1,-1,1,-1,1,-1,-1,1,1,1,1,1,-1,-1,1,-1,-1,1,-1,1,-1,-1,-1,1,-1,1,1,1,-1,1,-1,1,1,1,1,1,1,1,1,1,1,1], length=91 energy=621}
Best result after 755155 ms running: LabsResult{bits=[-1,1,1,-1,-1,1,1,-1,1,1,-1,-1,-1,1,-1,1,-1,-1,1,1,1,-1,1,-1,-1,-1,1,1,-1,1,-1,1,1,-1,-1,-1,-1,1,1,-1,1,1,1,1,-1,-1,-1,-1,1,-1,-1,1,-1,1,-1,-1,1,1,1,1,1,-1,-1,1,-1,-1,1,-1,1,-1,-1,-1,1,-1,1,1,1,-1,1,-1,1,1,1,1,1,1,1,1,1,1,1], length=91 energy=621}
Best result after 760156 ms running: LabsResult{bits=[-1,1,1,-1,-1,1,1,-1,1,1,-1,-1,-1,1,-1,1,-1,-1,1,1,1,-1,1,-1,-1,-1,1,1,-1,1,-1,1,1,-1,-1,-1,-1,1,1,-1,1,1,1,1,-1,-1,-1,-1,1,-1,-1,1,-1,1,-1,-1,1,1,1,1,1,-1,-1,1,-1,-1,1,-1,1,-1,-1,-1,1,-1,1,1,1,-1,1,-1,1,1,1,1,1,1,1,1,1,1,1], length=91 energy=621}
Best result after 765156 ms running: LabsResult{bits=[-1,1,1,-1,-1,1,1,-1,1,1,-1,-1,-1,1,-1,1,-1,-1,1,1,1,-1,1,-1,-1,-1,1,1,-1,1,-1,1,1,-1,-1,-1,-1,1,1,-1,1,1,1,1,-1,-1,-1,-1,1,-1,-1,1,-1,1,-1,-1,1,1,1,1,1,-1,-1,1,-1,-1,1,-1,1,-1,-1,-1,1,-1,1,1,1,-1,1,-1,1,1,1,1,1,1,1,1,1,1,1], length=91 energy=621}
Best result after 770157 ms running: LabsResult{bits=[-1,1,1,-1,-1,1,1,-1,1,1,-1,-1,-1,1,-1,1,-1,-1,1,1,1,-1,1,-1,-1,-1,1,1,-1,1,-1,1,1,-1,-1,-1,-1,1,1,-1,1,1,1,1,-1,-1,-1,-1,1,-1,-1,1,-1,1,-1,-1,1,1,1,1,1,-1,-1,1,-1,-1,1,-1,1,-1,-1,-1,1,-1,1,1,1,-1,1,-1,1,1,1,1,1,1,1,1,1,1,1], length=91 energy=621}
Best result after 775157 ms running: LabsResult{bits=[-1,1,1,-1,-1,1,1,-1,1,1,-1,-1,-1,1,-1,1,-1,-1,1,1,1,-1,1,-1,-1,-1,1,1,-1,1,-1,1,1,-1,-1,-1,-1,1,1,-1,1,1,1,1,-1,-1,-1,-1,1,-1,-1,1,-1,1,-1,-1,1,1,1,1,1,-1,-1,1,-1,-1,1,-1,1,-1,-1,-1,1,-1,1,1,1,-1,1,-1,1,1,1,1,1,1,1,1,1,1,1], length=91 energy=621}
Best result after 780158 ms running: LabsResult{bits=[-1,1,1,-1,-1,1,1,-1,1,1,-1,-1,-1,1,-1,1,-1,-1,1,1,1,-1,1,-1,-1,-1,1,1,-1,1,-1,1,1,-1,-1,-1,-1,1,1,-1,1,1,1,1,-1,-1,-1,-1,1,-1,-1,1,-1,1,-1,-1,1,1,1,1,1,-1,-1,1,-1,-1,1,-1,1,-1,-1,-1,1,-1,1,1,1,-1,1,-1,1,1,1,1,1,1,1,1,1,1,1], length=91 energy=621}
Best result after 785159 ms running: LabsResult{bits=[-1,1,1,-1,-1,1,1,-1,1,1,-1,-1,-1,1,-1,1,-1,-1,1,1,1,-1,1,-1,-1,-1,1,1,-1,1,-1,1,1,-1,-1,-1,-1,1,1,-1,1,1,1,1,-1,-1,-1,-1,1,-1,-1,1,-1,1,-1,-1,1,1,1,1,1,-1,-1,1,-1,-1,1,-1,1,-1,-1,-1,1,-1,1,1,1,-1,1,-1,1,1,1,1,1,1,1,1,1,1,1], length=91 energy=621}
Best result after 790159 ms running: LabsResult{bits=[-1,1,1,-1,-1,1,1,-1,1,1,-1,-1,-1,1,-1,1,-1,-1,1,1,1,-1,1,-1,-1,-1,1,1,-1,1,-1,1,1,-1,-1,-1,-1,1,1,-1,1,1,1,1,-1,-1,-1,-1,1,-1,-1,1,-1,1,-1,-1,1,1,1,1,1,-1,-1,1,-1,-1,1,-1,1,-1,-1,-1,1,-1,1,1,1,-1,1,-1,1,1,1,1,1,1,1,1,1,1,1], length=91 energy=621}
Best result after 795160 ms running: LabsResult{bits=[-1,1,1,-1,-1,1,1,-1,1,1,-1,-1,-1,1,-1,1,-1,-1,1,1,1,-1,1,-1,-1,-1,1,1,-1,1,-1,1,1,-1,-1,-1,-1,1,1,-1,1,1,1,1,-1,-1,-1,-1,1,-1,-1,1,-1,1,-1,-1,1,1,1,1,1,-1,-1,1,-1,-1,1,-1,1,-1,-1,-1,1,-1,1,1,1,-1,1,-1,1,1,1,1,1,1,1,1,1,1,1], length=91 energy=621}
Best result after 800161 ms running: LabsResult{bits=[-1,1,1,-1,-1,1,1,-1,1,1,-1,-1,-1,1,-1,1,-1,-1,1,1,1,-1,1,-1,-1,-1,1,1,-1,1,-1,1,1,-1,-1,-1,-1,1,1,-1,1,1,1,1,-1,-1,-1,-1,1,-1,-1,1,-1,1,-1,-1,1,1,1,1,1,-1,-1,1,-1,-1,1,-1,1,-1,-1,-1,1,-1,1,1,1,-1,1,-1,1,1,1,1,1,1,1,1,1,1,1], length=91 energy=621}
Best result after 805161 ms running: LabsResult{bits=[-1,1,1,-1,-1,1,1,-1,1,1,-1,-1,-1,1,-1,1,-1,-1,1,1,1,-1,1,-1,-1,-1,1,1,-1,1,-1,1,1,-1,-1,-1,-1,1,1,-1,1,1,1,1,-1,-1,-1,-1,1,-1,-1,1,-1,1,-1,-1,1,1,1,1,1,-1,-1,1,-1,-1,1,-1,1,-1,-1,-1,1,-1,1,1,1,-1,1,-1,1,1,1,1,1,1,1,1,1,1,1], length=91 energy=621}
Best result after 810162 ms running: LabsResult{bits=[-1,1,1,-1,-1,1,1,-1,1,1,-1,-1,-1,1,-1,1,-1,-1,1,1,1,-1,1,-1,-1,-1,1,1,-1,1,-1,1,1,-1,-1,-1,-1,1,1,-1,1,1,1,1,-1,-1,-1,-1,1,-1,-1,1,-1,1,-1,-1,1,1,1,1,1,-1,-1,1,-1,-1,1,-1,1,-1,-1,-1,1,-1,1,1,1,-1,1,-1,1,1,1,1,1,1,1,1,1,1,1], length=91 energy=621}
Best result after 815162 ms running: LabsResult{bits=[-1,1,1,-1,-1,1,1,-1,1,1,-1,-1,-1,1,-1,1,-1,-1,1,1,1,-1,1,-1,-1,-1,1,1,-1,1,-1,1,1,-1,-1,-1,-1,1,1,-1,1,1,1,1,-1,-1,-1,-1,1,-1,-1,1,-1,1,-1,-1,1,1,1,1,1,-1,-1,1,-1,-1,1,-1,1,-1,-1,-1,1,-1,1,1,1,-1,1,-1,1,1,1,1,1,1,1,1,1,1,1], length=91 energy=621}
Best result after 820163 ms running: LabsResult{bits=[-1,1,1,-1,-1,1,1,-1,1,1,-1,-1,-1,1,-1,1,-1,-1,1,1,1,-1,1,-1,-1,-1,1,1,-1,1,-1,1,1,-1,-1,-1,-1,1,1,-1,1,1,1,1,-1,-1,-1,-1,1,-1,-1,1,-1,1,-1,-1,1,1,1,1,1,-1,-1,1,-1,-1,1,-1,1,-1,-1,-1,1,-1,1,1,1,-1,1,-1,1,1,1,1,1,1,1,1,1,1,1], length=91 energy=621}
Best result after 825164 ms running: LabsResult{bits=[-1,1,1,-1,-1,1,1,-1,1,1,-1,-1,-1,1,-1,1,-1,-1,1,1,1,-1,1,-1,-1,-1,1,1,-1,1,-1,1,1,-1,-1,-1,-1,1,1,-1,1,1,1,1,-1,-1,-1,-1,1,-1,-1,1,-1,1,-1,-1,1,1,1,1,1,-1,-1,1,-1,-1,1,-1,1,-1,-1,-1,1,-1,1,1,1,-1,1,-1,1,1,1,1,1,1,1,1,1,1,1], length=91 energy=621}
Best result after 830166 ms running: LabsResult{bits=[-1,1,1,-1,-1,1,1,-1,1,1,-1,-1,-1,1,-1,1,-1,-1,1,1,1,-1,1,-1,-1,-1,1,1,-1,1,-1,1,1,-1,-1,-1,-1,1,1,-1,1,1,1,1,-1,-1,-1,-1,1,-1,-1,1,-1,1,-1,-1,1,1,1,1,1,-1,-1,1,-1,-1,1,-1,1,-1,-1,-1,1,-1,1,1,1,-1,1,-1,1,1,1,1,1,1,1,1,1,1,1], length=91 energy=621}
Best result after 835167 ms running: LabsResult{bits=[-1,1,1,-1,-1,1,1,-1,1,1,-1,-1,-1,1,-1,1,-1,-1,1,1,1,-1,1,-1,-1,-1,1,1,-1,1,-1,1,1,-1,-1,-1,-1,1,1,-1,1,1,1,1,-1,-1,-1,-1,1,-1,-1,1,-1,1,-1,-1,1,1,1,1,1,-1,-1,1,-1,-1,1,-1,1,-1,-1,-1,1,-1,1,1,1,-1,1,-1,1,1,1,1,1,1,1,1,1,1,1], length=91 energy=621}
Best result after 840168 ms running: LabsResult{bits=[-1,1,1,-1,-1,1,1,-1,1,1,-1,-1,-1,1,-1,1,-1,-1,1,1,1,-1,1,-1,-1,-1,1,1,-1,1,-1,1,1,-1,-1,-1,-1,1,1,-1,1,1,1,1,-1,-1,-1,-1,1,-1,-1,1,-1,1,-1,-1,1,1,1,1,1,-1,-1,1,-1,-1,1,-1,1,-1,-1,-1,1,-1,1,1,1,-1,1,-1,1,1,1,1,1,1,1,1,1,1,1], length=91 energy=621}
Best result after 845168 ms running: LabsResult{bits=[-1,1,1,-1,-1,1,1,-1,1,1,-1,-1,-1,1,-1,1,-1,-1,1,1,1,-1,1,-1,-1,-1,1,1,-1,1,-1,1,1,-1,-1,-1,-1,1,1,-1,1,1,1,1,-1,-1,-1,-1,1,-1,-1,1,-1,1,-1,-1,1,1,1,1,1,-1,-1,1,-1,-1,1,-1,1,-1,-1,-1,1,-1,1,1,1,-1,1,-1,1,1,1,1,1,1,1,1,1,1,1], length=91 energy=621}
Best result after 850168 ms running: LabsResult{bits=[-1,1,1,-1,-1,1,1,-1,1,1,-1,-1,-1,1,-1,1,-1,-1,1,1,1,-1,1,-1,-1,-1,1,1,-1,1,-1,1,1,-1,-1,-1,-1,1,1,-1,1,1,1,1,-1,-1,-1,-1,1,-1,-1,1,-1,1,-1,-1,1,1,1,1,1,-1,-1,1,-1,-1,1,-1,1,-1,-1,-1,1,-1,1,1,1,-1,1,-1,1,1,1,1,1,1,1,1,1,1,1], length=91 energy=621}
Best result after 855169 ms running: LabsResult{bits=[-1,1,1,-1,-1,1,1,-1,1,1,-1,-1,-1,1,-1,1,-1,-1,1,1,1,-1,1,-1,-1,-1,1,1,-1,1,-1,1,1,-1,-1,-1,-1,1,1,-1,1,1,1,1,-1,-1,-1,-1,1,-1,-1,1,-1,1,-1,-1,1,1,1,1,1,-1,-1,1,-1,-1,1,-1,1,-1,-1,-1,1,-1,1,1,1,-1,1,-1,1,1,1,1,1,1,1,1,1,1,1], length=91 energy=621}
Best result after 860170 ms running: LabsResult{bits=[-1,1,1,-1,-1,1,1,-1,1,1,-1,-1,-1,1,-1,1,-1,-1,1,1,1,-1,1,-1,-1,-1,1,1,-1,1,-1,1,1,-1,-1,-1,-1,1,1,-1,1,1,1,1,-1,-1,-1,-1,1,-1,-1,1,-1,1,-1,-1,1,1,1,1,1,-1,-1,1,-1,-1,1,-1,1,-1,-1,-1,1,-1,1,1,1,-1,1,-1,1,1,1,1,1,1,1,1,1,1,1], length=91 energy=621}
Best result after 865170 ms running: LabsResult{bits=[-1,1,1,-1,-1,1,1,-1,1,1,-1,-1,-1,1,-1,1,-1,-1,1,1,1,-1,1,-1,-1,-1,1,1,-1,1,-1,1,1,-1,-1,-1,-1,1,1,-1,1,1,1,1,-1,-1,-1,-1,1,-1,-1,1,-1,1,-1,-1,1,1,1,1,1,-1,-1,1,-1,-1,1,-1,1,-1,-1,-1,1,-1,1,1,1,-1,1,-1,1,1,1,1,1,1,1,1,1,1,1], length=91 energy=621}
Best result after 870171 ms running: LabsResult{bits=[-1,1,1,-1,-1,1,1,-1,1,1,-1,-1,-1,1,-1,1,-1,-1,1,1,1,-1,1,-1,-1,-1,1,1,-1,1,-1,1,1,-1,-1,-1,-1,1,1,-1,1,1,1,1,-1,-1,-1,-1,1,-1,-1,1,-1,1,-1,-1,1,1,1,1,1,-1,-1,1,-1,-1,1,-1,1,-1,-1,-1,1,-1,1,1,1,-1,1,-1,1,1,1,1,1,1,1,1,1,1,1], length=91 energy=621}
Best result after 875172 ms running: LabsResult{bits=[-1,1,1,-1,-1,1,1,-1,1,1,-1,-1,-1,1,-1,1,-1,-1,1,1,1,-1,1,-1,-1,-1,1,1,-1,1,-1,1,1,-1,-1,-1,-1,1,1,-1,1,1,1,1,-1,-1,-1,-1,1,-1,-1,1,-1,1,-1,-1,1,1,1,1,1,-1,-1,1,-1,-1,1,-1,1,-1,-1,-1,1,-1,1,1,1,-1,1,-1,1,1,1,1,1,1,1,1,1,1,1], length=91 energy=621}
Best result after 880173 ms running: LabsResult{bits=[-1,1,1,-1,-1,1,1,-1,1,1,-1,-1,-1,1,-1,1,-1,-1,1,1,1,-1,1,-1,-1,-1,1,1,-1,1,-1,1,1,-1,-1,-1,-1,1,1,-1,1,1,1,1,-1,-1,-1,-1,1,-1,-1,1,-1,1,-1,-1,1,1,1,1,1,-1,-1,1,-1,-1,1,-1,1,-1,-1,-1,1,-1,1,1,1,-1,1,-1,1,1,1,1,1,1,1,1,1,1,1], length=91 energy=621}
Best result after 885174 ms running: LabsResult{bits=[-1,1,1,-1,-1,1,1,-1,1,1,-1,-1,-1,1,-1,1,-1,-1,1,1,1,-1,1,-1,-1,-1,1,1,-1,1,-1,1,1,-1,-1,-1,-1,1,1,-1,1,1,1,1,-1,-1,-1,-1,1,-1,-1,1,-1,1,-1,-1,1,1,1,1,1,-1,-1,1,-1,-1,1,-1,1,-1,-1,-1,1,-1,1,1,1,-1,1,-1,1,1,1,1,1,1,1,1,1,1,1], length=91 energy=621}
Best result after 890174 ms running: LabsResult{bits=[-1,1,1,-1,-1,1,1,-1,1,1,-1,-1,-1,1,-1,1,-1,-1,1,1,1,-1,1,-1,-1,-1,1,1,-1,1,-1,1,1,-1,-1,-1,-1,1,1,-1,1,1,1,1,-1,-1,-1,-1,1,-1,-1,1,-1,1,-1,-1,1,1,1,1,1,-1,-1,1,-1,-1,1,-1,1,-1,-1,-1,1,-1,1,1,1,-1,1,-1,1,1,1,1,1,1,1,1,1,1,1], length=91 energy=621}
Best result after 895175 ms running: LabsResult{bits=[-1,1,1,-1,-1,1,1,-1,1,1,-1,-1,-1,1,-1,1,-1,-1,1,1,1,-1,1,-1,-1,-1,1,1,-1,1,-1,1,1,-1,-1,-1,-1,1,1,-1,1,1,1,1,-1,-1,-1,-1,1,-1,-1,1,-1,1,-1,-1,1,1,1,1,1,-1,-1,1,-1,-1,1,-1,1,-1,-1,-1,1,-1,1,1,1,-1,1,-1,1,1,1,1,1,1,1,1,1,1,1], length=91 energy=621}
Best result after 900175 ms running: LabsResult{bits=[-1,1,1,-1,-1,1,1,-1,1,1,-1,-1,-1,1,-1,1,-1,-1,1,1,1,-1,1,-1,-1,-1,1,1,-1,1,-1,1,1,-1,-1,-1,-1,1,1,-1,1,1,1,1,-1,-1,-1,-1,1,-1,-1,1,-1,1,-1,-1,1,1,1,1,1,-1,-1,1,-1,-1,1,-1,1,-1,-1,-1,1,-1,1,1,1,-1,1,-1,1,1,1,1,1,1,1,1,1,1,1], length=91 energy=621}
Best result after 905176 ms running: LabsResult{bits=[-1,1,1,-1,-1,1,1,-1,1,1,-1,-1,-1,1,-1,1,-1,-1,1,1,1,-1,1,-1,-1,-1,1,1,-1,1,-1,1,1,-1,-1,-1,-1,1,1,-1,1,1,1,1,-1,-1,-1,-1,1,-1,-1,1,-1,1,-1,-1,1,1,1,1,1,-1,-1,1,-1,-1,1,-1,1,-1,-1,-1,1,-1,1,1,1,-1,1,-1,1,1,1,1,1,1,1,1,1,1,1], length=91 energy=621}
Best result after 910177 ms running: LabsResult{bits=[-1,1,1,-1,-1,1,1,-1,1,1,-1,-1,-1,1,-1,1,-1,-1,1,1,1,-1,1,-1,-1,-1,1,1,-1,1,-1,1,1,-1,-1,-1,-1,1,1,-1,1,1,1,1,-1,-1,-1,-1,1,-1,-1,1,-1,1,-1,-1,1,1,1,1,1,-1,-1,1,-1,-1,1,-1,1,-1,-1,-1,1,-1,1,1,1,-1,1,-1,1,1,1,1,1,1,1,1,1,1,1], length=91 energy=621}
Best result after 915177 ms running: LabsResult{bits=[-1,1,1,-1,-1,1,1,-1,1,1,-1,-1,-1,1,-1,1,-1,-1,1,1,1,-1,1,-1,-1,-1,1,1,-1,1,-1,1,1,-1,-1,-1,-1,1,1,-1,1,1,1,1,-1,-1,-1,-1,1,-1,-1,1,-1,1,-1,-1,1,1,1,1,1,-1,-1,1,-1,-1,1,-1,1,-1,-1,-1,1,-1,1,1,1,-1,1,-1,1,1,1,1,1,1,1,1,1,1,1], length=91 energy=621}
Best result after 920178 ms running: LabsResult{bits=[-1,1,1,-1,-1,1,1,-1,1,1,-1,-1,-1,1,-1,1,-1,-1,1,1,1,-1,1,-1,-1,-1,1,1,-1,1,-1,1,1,-1,-1,-1,-1,1,1,-1,1,1,1,1,-1,-1,-1,-1,1,-1,-1,1,-1,1,-1,-1,1,1,1,1,1,-1,-1,1,-1,-1,1,-1,1,-1,-1,-1,1,-1,1,1,1,-1,1,-1,1,1,1,1,1,1,1,1,1,1,1], length=91 energy=621}
Best result after 925178 ms running: LabsResult{bits=[-1,1,1,-1,-1,1,1,-1,1,1,-1,-1,-1,1,-1,1,-1,-1,1,1,1,-1,1,-1,-1,-1,1,1,-1,1,-1,1,1,-1,-1,-1,-1,1,1,-1,1,1,1,1,-1,-1,-1,-1,1,-1,-1,1,-1,1,-1,-1,1,1,1,1,1,-1,-1,1,-1,-1,1,-1,1,-1,-1,-1,1,-1,1,1,1,-1,1,-1,1,1,1,1,1,1,1,1,1,1,1], length=91 energy=621}
Best result after 930179 ms running: LabsResult{bits=[-1,1,1,-1,-1,1,1,-1,1,1,-1,-1,-1,1,-1,1,-1,-1,1,1,1,-1,1,-1,-1,-1,1,1,-1,1,-1,1,1,-1,-1,-1,-1,1,1,-1,1,1,1,1,-1,-1,-1,-1,1,-1,-1,1,-1,1,-1,-1,1,1,1,1,1,-1,-1,1,-1,-1,1,-1,1,-1,-1,-1,1,-1,1,1,1,-1,1,-1,1,1,1,1,1,1,1,1,1,1,1], length=91 energy=621}
Best result after 935180 ms running: LabsResult{bits=[-1,1,1,-1,-1,1,1,-1,1,1,-1,-1,-1,1,-1,1,-1,-1,1,1,1,-1,1,-1,-1,-1,1,1,-1,1,-1,1,1,-1,-1,-1,-1,1,1,-1,1,1,1,1,-1,-1,-1,-1,1,-1,-1,1,-1,1,-1,-1,1,1,1,1,1,-1,-1,1,-1,-1,1,-1,1,-1,-1,-1,1,-1,1,1,1,-1,1,-1,1,1,1,1,1,1,1,1,1,1,1], length=91 energy=621}
Best result after 940180 ms running: LabsResult{bits=[-1,1,1,-1,-1,1,1,-1,1,1,-1,-1,-1,1,-1,1,-1,-1,1,1,1,-1,1,-1,-1,-1,1,1,-1,1,-1,1,1,-1,-1,-1,-1,1,1,-1,1,1,1,1,-1,-1,-1,-1,1,-1,-1,1,-1,1,-1,-1,1,1,1,1,1,-1,-1,1,-1,-1,1,-1,1,-1,-1,-1,1,-1,1,1,1,-1,1,-1,1,1,1,1,1,1,1,1,1,1,1], length=91 energy=621}
Best result after 945182 ms running: LabsResult{bits=[-1,1,1,-1,-1,1,1,-1,1,1,-1,-1,-1,1,-1,1,-1,-1,1,1,1,-1,1,-1,-1,-1,1,1,-1,1,-1,1,1,-1,-1,-1,-1,1,1,-1,1,1,1,1,-1,-1,-1,-1,1,-1,-1,1,-1,1,-1,-1,1,1,1,1,1,-1,-1,1,-1,-1,1,-1,1,-1,-1,-1,1,-1,1,1,1,-1,1,-1,1,1,1,1,1,1,1,1,1,1,1], length=91 energy=621}
Best result after 950183 ms running: LabsResult{bits=[-1,1,1,-1,-1,1,1,-1,1,1,-1,-1,-1,1,-1,1,-1,-1,1,1,1,-1,1,-1,-1,-1,1,1,-1,1,-1,1,1,-1,-1,-1,-1,1,1,-1,1,1,1,1,-1,-1,-1,-1,1,-1,-1,1,-1,1,-1,-1,1,1,1,1,1,-1,-1,1,-1,-1,1,-1,1,-1,-1,-1,1,-1,1,1,1,-1,1,-1,1,1,1,1,1,1,1,1,1,1,1], length=91 energy=621}
Best result after 955183 ms running: LabsResult{bits=[-1,1,1,-1,-1,1,1,-1,1,1,-1,-1,-1,1,-1,1,-1,-1,1,1,1,-1,1,-1,-1,-1,1,1,-1,1,-1,1,1,-1,-1,-1,-1,1,1,-1,1,1,1,1,-1,-1,-1,-1,1,-1,-1,1,-1,1,-1,-1,1,1,1,1,1,-1,-1,1,-1,-1,1,-1,1,-1,-1,-1,1,-1,1,1,1,-1,1,-1,1,1,1,1,1,1,1,1,1,1,1], length=91 energy=621}
Best result after 960183 ms running: LabsResult{bits=[-1,1,1,-1,-1,1,1,-1,1,1,-1,-1,-1,1,-1,1,-1,-1,1,1,1,-1,1,-1,-1,-1,1,1,-1,1,-1,1,1,-1,-1,-1,-1,1,1,-1,1,1,1,1,-1,-1,-1,-1,1,-1,-1,1,-1,1,-1,-1,1,1,1,1,1,-1,-1,1,-1,-1,1,-1,1,-1,-1,-1,1,-1,1,1,1,-1,1,-1,1,1,1,1,1,1,1,1,1,1,1], length=91 energy=621}
Best result after 965184 ms running: LabsResult{bits=[-1,-1,-1,1,1,-1,1,1,1,1,-1,-1,-1,-1,1,-1,1,1,1,1,-1,-1,-1,-1,1,1,-1,1,-1,1,-1,1,1,1,1,-1,1,-1,1,-1,1,1,-1,-1,-1,1,1,-1,-1,-1,-1,-1,-1,-1,-1,-1,-1,-1,1,1,-1,-1,1,1,-1,1,-1,-1,-1,1,-1,-1,-1,1,-1,-1,1,1,-1,1,-1,1,1,-1,-1,1,-1,-1,1,-1,-1], length=91 energy=601}
Best result after 970184 ms running: LabsResult{bits=[-1,-1,-1,1,1,-1,1,1,1,1,-1,-1,-1,-1,1,-1,1,1,1,1,-1,-1,-1,-1,1,1,-1,1,-1,1,-1,1,1,1,1,-1,1,-1,1,-1,1,1,-1,-1,-1,1,1,-1,-1,-1,-1,-1,-1,-1,-1,-1,-1,-1,1,1,-1,-1,1,1,-1,1,-1,-1,-1,1,-1,-1,-1,1,-1,-1,1,1,-1,1,-1,1,1,-1,-1,1,-1,-1,1,-1,-1], length=91 energy=601}
Best result after 975184 ms running: LabsResult{bits=[-1,-1,-1,1,1,-1,1,1,1,1,-1,-1,-1,-1,1,-1,1,1,1,1,-1,-1,-1,-1,1,1,-1,1,-1,1,-1,1,1,1,1,-1,1,-1,1,-1,1,1,-1,-1,-1,1,1,-1,-1,-1,-1,-1,-1,-1,-1,-1,-1,-1,1,1,-1,-1,1,1,-1,1,-1,-1,-1,1,-1,-1,-1,1,-1,-1,1,1,-1,1,-1,1,1,-1,-1,1,-1,-1,1,-1,-1], length=91 energy=601}
Best result after 980185 ms running: LabsResult{bits=[-1,-1,-1,1,1,-1,1,1,1,1,-1,-1,-1,-1,1,-1,1,1,1,1,-1,-1,-1,-1,1,1,-1,1,-1,1,-1,1,1,1,1,-1,1,-1,1,-1,1,1,-1,-1,-1,1,1,-1,-1,-1,-1,-1,-1,-1,-1,-1,-1,-1,1,1,-1,-1,1,1,-1,1,-1,-1,-1,1,-1,-1,-1,1,-1,-1,1,1,-1,1,-1,1,1,-1,-1,1,-1,-1,1,-1,-1], length=91 energy=601}
Best result after 985186 ms running: LabsResult{bits=[-1,-1,-1,1,1,-1,1,1,1,1,-1,-1,-1,-1,1,-1,1,1,1,1,-1,-1,-1,-1,1,1,-1,1,-1,1,-1,1,1,1,1,-1,1,-1,1,-1,1,1,-1,-1,-1,1,1,-1,-1,-1,-1,-1,-1,-1,-1,-1,-1,-1,1,1,-1,-1,1,1,-1,1,-1,-1,-1,1,-1,-1,-1,1,-1,-1,1,1,-1,1,-1,1,1,-1,-1,1,-1,-1,1,-1,-1], length=91 energy=601}
Best result after 990186 ms running: LabsResult{bits=[-1,-1,-1,1,1,-1,1,1,1,1,-1,-1,-1,-1,1,-1,1,1,1,1,-1,-1,-1,-1,1,1,-1,1,-1,1,-1,1,1,1,1,-1,1,-1,1,-1,1,1,-1,-1,-1,1,1,-1,-1,-1,-1,-1,-1,-1,-1,-1,-1,-1,1,1,-1,-1,1,1,-1,1,-1,-1,-1,1,-1,-1,-1,1,-1,-1,1,1,-1,1,-1,1,1,-1,-1,1,-1,-1,1,-1,-1], length=91 energy=601}
Best result after 995187 ms running: LabsResult{bits=[-1,-1,-1,1,1,-1,1,1,1,1,-1,-1,-1,-1,1,-1,1,1,1,1,-1,-1,-1,-1,1,1,-1,1,-1,1,-1,1,1,1,1,-1,1,-1,1,-1,1,1,-1,-1,-1,1,1,-1,-1,-1,-1,-1,-1,-1,-1,-1,-1,-1,1,1,-1,-1,1,1,-1,1,-1,-1,-1,1,-1,-1,-1,1,-1,-1,1,1,-1,1,-1,1,1,-1,-1,1,-1,-1,1,-1,-1], length=91 energy=601}
Best result after 1000188 ms running: LabsResult{bits=[-1,-1,-1,1,1,-1,1,1,1,1,-1,-1,-1,-1,1,-1,1,1,1,1,-1,-1,-1,-1,1,1,-1,1,-1,1,-1,1,1,1,1,-1,1,-1,1,-1,1,1,-1,-1,-1,1,1,-1,-1,-1,-1,-1,-1,-1,-1,-1,-1,-1,1,1,-1,-1,1,1,-1,1,-1,-1,-1,1,-1,-1,-1,1,-1,-1,1,1,-1,1,-1,1,1,-1,-1,1,-1,-1,1,-1,-1], length=91 energy=601}
Best result after 1005188 ms running: LabsResult{bits=[-1,-1,-1,1,1,-1,1,1,1,1,-1,-1,-1,-1,1,-1,1,1,1,1,-1,-1,-1,-1,1,1,-1,1,-1,1,-1,1,1,1,1,-1,1,-1,1,-1,1,1,-1,-1,-1,1,1,-1,-1,-1,-1,-1,-1,-1,-1,-1,-1,-1,1,1,-1,-1,1,1,-1,1,-1,-1,-1,1,-1,-1,-1,1,-1,-1,1,1,-1,1,-1,1,1,-1,-1,1,-1,-1,1,-1,-1], length=91 energy=601}
Best result after 1010189 ms running: LabsResult{bits=[-1,-1,-1,1,1,-1,1,1,1,1,-1,-1,-1,-1,1,-1,1,1,1,1,-1,-1,-1,-1,1,1,-1,1,-1,1,-1,1,1,1,1,-1,1,-1,1,-1,1,1,-1,-1,-1,1,1,-1,-1,-1,-1,-1,-1,-1,-1,-1,-1,-1,1,1,-1,-1,1,1,-1,1,-1,-1,-1,1,-1,-1,-1,1,-1,-1,1,1,-1,1,-1,1,1,-1,-1,1,-1,-1,1,-1,-1], length=91 energy=601}
Best result after 1015190 ms running: LabsResult{bits=[-1,-1,-1,1,1,-1,1,1,1,1,-1,-1,-1,-1,1,-1,1,1,1,1,-1,-1,-1,-1,1,1,-1,1,-1,1,-1,1,1,1,1,-1,1,-1,1,-1,1,1,-1,-1,-1,1,1,-1,-1,-1,-1,-1,-1,-1,-1,-1,-1,-1,1,1,-1,-1,1,1,-1,1,-1,-1,-1,1,-1,-1,-1,1,-1,-1,1,1,-1,1,-1,1,1,-1,-1,1,-1,-1,1,-1,-1], length=91 energy=601}
Best result after 1020190 ms running: LabsResult{bits=[-1,-1,-1,1,1,-1,1,1,1,1,-1,-1,-1,-1,1,-1,1,1,1,1,-1,-1,-1,-1,1,1,-1,1,-1,1,-1,1,1,1,1,-1,1,-1,1,-1,1,1,-1,-1,-1,1,1,-1,-1,-1,-1,-1,-1,-1,-1,-1,-1,-1,1,1,-1,-1,1,1,-1,1,-1,-1,-1,1,-1,-1,-1,1,-1,-1,1,1,-1,1,-1,1,1,-1,-1,1,-1,-1,1,-1,-1], length=91 energy=601}
Best result after 1025191 ms running: LabsResult{bits=[-1,-1,-1,1,1,-1,1,1,1,1,-1,-1,-1,-1,1,-1,1,1,1,1,-1,-1,-1,-1,1,1,-1,1,-1,1,-1,1,1,1,1,-1,1,-1,1,-1,1,1,-1,-1,-1,1,1,-1,-1,-1,-1,-1,-1,-1,-1,-1,-1,-1,1,1,-1,-1,1,1,-1,1,-1,-1,-1,1,-1,-1,-1,1,-1,-1,1,1,-1,1,-1,1,1,-1,-1,1,-1,-1,1,-1,-1], length=91 energy=601}
Best result after 1030191 ms running: LabsResult{bits=[-1,-1,-1,1,1,-1,1,1,1,1,-1,-1,-1,-1,1,-1,1,1,1,1,-1,-1,-1,-1,1,1,-1,1,-1,1,-1,1,1,1,1,-1,1,-1,1,-1,1,1,-1,-1,-1,1,1,-1,-1,-1,-1,-1,-1,-1,-1,-1,-1,-1,1,1,-1,-1,1,1,-1,1,-1,-1,-1,1,-1,-1,-1,1,-1,-1,1,1,-1,1,-1,1,1,-1,-1,1,-1,-1,1,-1,-1], length=91 energy=601}
Best result after 1035192 ms running: LabsResult{bits=[-1,-1,-1,1,1,-1,1,1,1,1,-1,-1,-1,-1,1,-1,1,1,1,1,-1,-1,-1,-1,1,1,-1,1,-1,1,-1,1,1,1,1,-1,1,-1,1,-1,1,1,-1,-1,-1,1,1,-1,-1,-1,-1,-1,-1,-1,-1,-1,-1,-1,1,1,-1,-1,1,1,-1,1,-1,-1,-1,1,-1,-1,-1,1,-1,-1,1,1,-1,1,-1,1,1,-1,-1,1,-1,-1,1,-1,-1], length=91 energy=601}
Best result after 1040193 ms running: LabsResult{bits=[-1,-1,-1,1,1,-1,1,1,1,1,-1,-1,-1,-1,1,-1,1,1,1,1,-1,-1,-1,-1,1,1,-1,1,-1,1,-1,1,1,1,1,-1,1,-1,1,-1,1,1,-1,-1,-1,1,1,-1,-1,-1,-1,-1,-1,-1,-1,-1,-1,-1,1,1,-1,-1,1,1,-1,1,-1,-1,-1,1,-1,-1,-1,1,-1,-1,1,1,-1,1,-1,1,1,-1,-1,1,-1,-1,1,-1,-1], length=91 energy=601}
Best result after 1045193 ms running: LabsResult{bits=[-1,-1,-1,1,1,-1,1,1,1,1,-1,-1,-1,-1,1,-1,1,1,1,1,-1,-1,-1,-1,1,1,-1,1,-1,1,-1,1,1,1,1,-1,1,-1,1,-1,1,1,-1,-1,-1,1,1,-1,-1,-1,-1,-1,-1,-1,-1,-1,-1,-1,1,1,-1,-1,1,1,-1,1,-1,-1,-1,1,-1,-1,-1,1,-1,-1,1,1,-1,1,-1,1,1,-1,-1,1,-1,-1,1,-1,-1], length=91 energy=601}
Best result after 1050194 ms running: LabsResult{bits=[-1,-1,-1,1,1,-1,1,1,1,1,-1,-1,-1,-1,1,-1,1,1,1,1,-1,-1,-1,-1,1,1,-1,1,-1,1,-1,1,1,1,1,-1,1,-1,1,-1,1,1,-1,-1,-1,1,1,-1,-1,-1,-1,-1,-1,-1,-1,-1,-1,-1,1,1,-1,-1,1,1,-1,1,-1,-1,-1,1,-1,-1,-1,1,-1,-1,1,1,-1,1,-1,1,1,-1,-1,1,-1,-1,1,-1,-1], length=91 energy=601}
Best result after 1055195 ms running: LabsResult{bits=[-1,-1,-1,1,1,-1,1,1,1,1,-1,-1,-1,-1,1,-1,1,1,1,1,-1,-1,-1,-1,1,1,-1,1,-1,1,-1,1,1,1,1,-1,1,-1,1,-1,1,1,-1,-1,-1,1,1,-1,-1,-1,-1,-1,-1,-1,-1,-1,-1,-1,1,1,-1,-1,1,1,-1,1,-1,-1,-1,1,-1,-1,-1,1,-1,-1,1,1,-1,1,-1,1,1,-1,-1,1,-1,-1,1,-1,-1], length=91 energy=601}
Best result after 1060195 ms running: LabsResult{bits=[-1,-1,-1,1,1,-1,1,1,1,1,-1,-1,-1,-1,1,-1,1,1,1,1,-1,-1,-1,-1,1,1,-1,1,-1,1,-1,1,1,1,1,-1,1,-1,1,-1,1,1,-1,-1,-1,1,1,-1,-1,-1,-1,-1,-1,-1,-1,-1,-1,-1,1,1,-1,-1,1,1,-1,1,-1,-1,-1,1,-1,-1,-1,1,-1,-1,1,1,-1,1,-1,1,1,-1,-1,1,-1,-1,1,-1,-1], length=91 energy=601}
Best result after 1065196 ms running: LabsResult{bits=[-1,-1,-1,1,1,-1,1,1,1,1,-1,-1,-1,-1,1,-1,1,1,1,1,-1,-1,-1,-1,1,1,-1,1,-1,1,-1,1,1,1,1,-1,1,-1,1,-1,1,1,-1,-1,-1,1,1,-1,-1,-1,-1,-1,-1,-1,-1,-1,-1,-1,1,1,-1,-1,1,1,-1,1,-1,-1,-1,1,-1,-1,-1,1,-1,-1,1,1,-1,1,-1,1,1,-1,-1,1,-1,-1,1,-1,-1], length=91 energy=601}
Best result after 1070196 ms running: LabsResult{bits=[-1,-1,-1,1,1,-1,1,1,1,1,-1,-1,-1,-1,1,-1,1,1,1,1,-1,-1,-1,-1,1,1,-1,1,-1,1,-1,1,1,1,1,-1,1,-1,1,-1,1,1,-1,-1,-1,1,1,-1,-1,-1,-1,-1,-1,-1,-1,-1,-1,-1,1,1,-1,-1,1,1,-1,1,-1,-1,-1,1,-1,-1,-1,1,-1,-1,1,1,-1,1,-1,1,1,-1,-1,1,-1,-1,1,-1,-1], length=91 energy=601}
Best result after 1075197 ms running: LabsResult{bits=[-1,-1,-1,1,1,-1,1,1,1,1,-1,-1,-1,-1,1,-1,1,1,1,1,-1,-1,-1,-1,1,1,-1,1,-1,1,-1,1,1,1,1,-1,1,-1,1,-1,1,1,-1,-1,-1,1,1,-1,-1,-1,-1,-1,-1,-1,-1,-1,-1,-1,1,1,-1,-1,1,1,-1,1,-1,-1,-1,1,-1,-1,-1,1,-1,-1,1,1,-1,1,-1,1,1,-1,-1,1,-1,-1,1,-1,-1], length=91 energy=601}
Best result after 1080198 ms running: LabsResult{bits=[-1,-1,-1,1,1,-1,1,1,1,1,-1,-1,-1,-1,1,-1,1,1,1,1,-1,-1,-1,-1,1,1,-1,1,-1,1,-1,1,1,1,1,-1,1,-1,1,-1,1,1,-1,-1,-1,1,1,-1,-1,-1,-1,-1,-1,-1,-1,-1,-1,-1,1,1,-1,-1,1,1,-1,1,-1,-1,-1,1,-1,-1,-1,1,-1,-1,1,1,-1,1,-1,1,1,-1,-1,1,-1,-1,1,-1,-1], length=91 energy=601}
Best result after 1085198 ms running: LabsResult{bits=[-1,-1,-1,1,1,-1,1,1,1,1,-1,-1,-1,-1,1,-1,1,1,1,1,-1,-1,-1,-1,1,1,-1,1,-1,1,-1,1,1,1,1,-1,1,-1,1,-1,1,1,-1,-1,-1,1,1,-1,-1,-1,-1,-1,-1,-1,-1,-1,-1,-1,1,1,-1,-1,1,1,-1,1,-1,-1,-1,1,-1,-1,-1,1,-1,-1,1,1,-1,1,-1,1,1,-1,-1,1,-1,-1,1,-1,-1], length=91 energy=601}
Best result after 1090199 ms running: LabsResult{bits=[-1,-1,-1,1,1,-1,1,1,1,1,-1,-1,-1,-1,1,-1,1,1,1,1,-1,-1,-1,-1,1,1,-1,1,-1,1,-1,1,1,1,1,-1,1,-1,1,-1,1,1,-1,-1,-1,1,1,-1,-1,-1,-1,-1,-1,-1,-1,-1,-1,-1,1,1,-1,-1,1,1,-1,1,-1,-1,-1,1,-1,-1,-1,1,-1,-1,1,1,-1,1,-1,1,1,-1,-1,1,-1,-1,1,-1,-1], length=91 energy=601}
Best result after 1095200 ms running: LabsResult{bits=[-1,-1,-1,1,1,-1,1,1,1,1,-1,-1,-1,-1,1,-1,1,1,1,1,-1,-1,-1,-1,1,1,-1,1,-1,1,-1,1,1,1,1,-1,1,-1,1,-1,1,1,-1,-1,-1,1,1,-1,-1,-1,-1,-1,-1,-1,-1,-1,-1,-1,1,1,-1,-1,1,1,-1,1,-1,-1,-1,1,-1,-1,-1,1,-1,-1,1,1,-1,1,-1,1,1,-1,-1,1,-1,-1,1,-1,-1], length=91 energy=601}
Best result after 1100201 ms running: LabsResult{bits=[-1,-1,-1,1,1,-1,1,1,1,1,-1,-1,-1,-1,1,-1,1,1,1,1,-1,-1,-1,-1,1,1,-1,1,-1,1,-1,1,1,1,1,-1,1,-1,1,-1,1,1,-1,-1,-1,1,1,-1,-1,-1,-1,-1,-1,-1,-1,-1,-1,-1,1,1,-1,-1,1,1,-1,1,-1,-1,-1,1,-1,-1,-1,1,-1,-1,1,1,-1,1,-1,1,1,-1,-1,1,-1,-1,1,-1,-1], length=91 energy=601}
Best result after 1105202 ms running: LabsResult{bits=[-1,-1,-1,1,1,-1,1,1,1,1,-1,-1,-1,-1,1,-1,1,1,1,1,-1,-1,-1,-1,1,1,-1,1,-1,1,-1,1,1,1,1,-1,1,-1,1,-1,1,1,-1,-1,-1,1,1,-1,-1,-1,-1,-1,-1,-1,-1,-1,-1,-1,1,1,-1,-1,1,1,-1,1,-1,-1,-1,1,-1,-1,-1,1,-1,-1,1,1,-1,1,-1,1,1,-1,-1,1,-1,-1,1,-1,-1], length=91 energy=601}
Best result after 1110203 ms running: LabsResult{bits=[-1,-1,-1,1,1,-1,1,1,1,1,-1,-1,-1,-1,1,-1,1,1,1,1,-1,-1,-1,-1,1,1,-1,1,-1,1,-1,1,1,1,1,-1,1,-1,1,-1,1,1,-1,-1,-1,1,1,-1,-1,-1,-1,-1,-1,-1,-1,-1,-1,-1,1,1,-1,-1,1,1,-1,1,-1,-1,-1,1,-1,-1,-1,1,-1,-1,1,1,-1,1,-1,1,1,-1,-1,1,-1,-1,1,-1,-1], length=91 energy=601}
Best result after 1115203 ms running: LabsResult{bits=[-1,-1,-1,1,1,-1,1,1,1,1,-1,-1,-1,-1,1,-1,1,1,1,1,-1,-1,-1,-1,1,1,-1,1,-1,1,-1,1,1,1,1,-1,1,-1,1,-1,1,1,-1,-1,-1,1,1,-1,-1,-1,-1,-1,-1,-1,-1,-1,-1,-1,1,1,-1,-1,1,1,-1,1,-1,-1,-1,1,-1,-1,-1,1,-1,-1,1,1,-1,1,-1,1,1,-1,-1,1,-1,-1,1,-1,-1], length=91 energy=601}
Best result after 1120204 ms running: LabsResult{bits=[-1,-1,-1,1,1,-1,1,1,1,1,-1,-1,-1,-1,1,-1,1,1,1,1,-1,-1,-1,-1,1,1,-1,1,-1,1,-1,1,1,1,1,-1,1,-1,1,-1,1,1,-1,-1,-1,1,1,-1,-1,-1,-1,-1,-1,-1,-1,-1,-1,-1,1,1,-1,-1,1,1,-1,1,-1,-1,-1,1,-1,-1,-1,1,-1,-1,1,1,-1,1,-1,1,1,-1,-1,1,-1,-1,1,-1,-1], length=91 energy=601}
Best result after 1125204 ms running: LabsResult{bits=[-1,-1,-1,1,1,-1,1,1,1,1,-1,-1,-1,-1,1,-1,1,1,1,1,-1,-1,-1,-1,1,1,-1,1,-1,1,-1,1,1,1,1,-1,1,-1,1,-1,1,1,-1,-1,-1,1,1,-1,-1,-1,-1,-1,-1,-1,-1,-1,-1,-1,1,1,-1,-1,1,1,-1,1,-1,-1,-1,1,-1,-1,-1,1,-1,-1,1,1,-1,1,-1,1,1,-1,-1,1,-1,-1,1,-1,-1], length=91 energy=601}
Best result after 1130205 ms running: LabsResult{bits=[-1,-1,-1,1,1,-1,1,1,1,1,-1,-1,-1,-1,1,-1,1,1,1,1,-1,-1,-1,-1,1,1,-1,1,-1,1,-1,1,1,1,1,-1,1,-1,1,-1,1,1,-1,-1,-1,1,1,-1,-1,-1,-1,-1,-1,-1,-1,-1,-1,-1,1,1,-1,-1,1,1,-1,1,-1,-1,-1,1,-1,-1,-1,1,-1,-1,1,1,-1,1,-1,1,1,-1,-1,1,-1,-1,1,-1,-1], length=91 energy=601}
Best result after 1135206 ms running: LabsResult{bits=[-1,-1,-1,1,1,-1,1,1,1,1,-1,-1,-1,-1,1,-1,1,1,1,1,-1,-1,-1,-1,1,1,-1,1,-1,1,-1,1,1,1,1,-1,1,-1,1,-1,1,1,-1,-1,-1,1,1,-1,-1,-1,-1,-1,-1,-1,-1,-1,-1,-1,1,1,-1,-1,1,1,-1,1,-1,-1,-1,1,-1,-1,-1,1,-1,-1,1,1,-1,1,-1,1,1,-1,-1,1,-1,-1,1,-1,-1], length=91 energy=601}
Best result after 1140206 ms running: LabsResult{bits=[-1,-1,-1,1,1,-1,1,1,1,1,-1,-1,-1,-1,1,-1,1,1,1,1,-1,-1,-1,-1,1,1,-1,1,-1,1,-1,1,1,1,1,-1,1,-1,1,-1,1,1,-1,-1,-1,1,1,-1,-1,-1,-1,-1,-1,-1,-1,-1,-1,-1,1,1,-1,-1,1,1,-1,1,-1,-1,-1,1,-1,-1,-1,1,-1,-1,1,1,-1,1,-1,1,1,-1,-1,1,-1,-1,1,-1,-1], length=91 energy=601}
Best result after 1145207 ms running: LabsResult{bits=[-1,-1,-1,1,1,-1,1,1,1,1,-1,-1,-1,-1,1,-1,1,1,1,1,-1,-1,-1,-1,1,1,-1,1,-1,1,-1,1,1,1,1,-1,1,-1,1,-1,1,1,-1,-1,-1,1,1,-1,-1,-1,-1,-1,-1,-1,-1,-1,-1,-1,1,1,-1,-1,1,1,-1,1,-1,-1,-1,1,-1,-1,-1,1,-1,-1,1,1,-1,1,-1,1,1,-1,-1,1,-1,-1,1,-1,-1], length=91 energy=601}
Best result after 1150208 ms running: LabsResult{bits=[-1,-1,-1,1,1,-1,1,1,1,1,-1,-1,-1,-1,1,-1,1,1,1,1,-1,-1,-1,-1,1,1,-1,1,-1,1,-1,1,1,1,1,-1,1,-1,1,-1,1,1,-1,-1,-1,1,1,-1,-1,-1,-1,-1,-1,-1,-1,-1,-1,-1,1,1,-1,-1,1,1,-1,1,-1,-1,-1,1,-1,-1,-1,1,-1,-1,1,1,-1,1,-1,1,1,-1,-1,1,-1,-1,1,-1,-1], length=91 energy=601}
Best result after 1155208 ms running: LabsResult{bits=[-1,-1,-1,1,1,-1,1,1,1,1,-1,-1,-1,-1,1,-1,1,1,1,1,-1,-1,-1,-1,1,1,-1,1,-1,1,-1,1,1,1,1,-1,1,-1,1,-1,1,1,-1,-1,-1,1,1,-1,-1,-1,-1,-1,-1,-1,-1,-1,-1,-1,1,1,-1,-1,1,1,-1,1,-1,-1,-1,1,-1,-1,-1,1,-1,-1,1,1,-1,1,-1,1,1,-1,-1,1,-1,-1,1,-1,-1], length=91 energy=601}
Best result after 1160209 ms running: LabsResult{bits=[-1,-1,-1,1,1,-1,1,1,1,1,-1,-1,-1,-1,1,-1,1,1,1,1,-1,-1,-1,-1,1,1,-1,1,-1,1,-1,1,1,1,1,-1,1,-1,1,-1,1,1,-1,-1,-1,1,1,-1,-1,-1,-1,-1,-1,-1,-1,-1,-1,-1,1,1,-1,-1,1,1,-1,1,-1,-1,-1,1,-1,-1,-1,1,-1,-1,1,1,-1,1,-1,1,1,-1,-1,1,-1,-1,1,-1,-1], length=91 energy=601}
Best result after 1165209 ms running: LabsResult{bits=[-1,-1,-1,1,1,-1,1,1,1,1,-1,-1,-1,-1,1,-1,1,1,1,1,-1,-1,-1,-1,1,1,-1,1,-1,1,-1,1,1,1,1,-1,1,-1,1,-1,1,1,-1,-1,-1,1,1,-1,-1,-1,-1,-1,-1,-1,-1,-1,-1,-1,1,1,-1,-1,1,1,-1,1,-1,-1,-1,1,-1,-1,-1,1,-1,-1,1,1,-1,1,-1,1,1,-1,-1,1,-1,-1,1,-1,-1], length=91 energy=601}
Best result after 1170210 ms running: LabsResult{bits=[-1,-1,-1,1,1,-1,1,1,1,1,-1,-1,-1,-1,1,-1,1,1,1,1,-1,-1,-1,-1,1,1,-1,1,-1,1,-1,1,1,1,1,-1,1,-1,1,-1,1,1,-1,-1,-1,1,1,-1,-1,-1,-1,-1,-1,-1,-1,-1,-1,-1,1,1,-1,-1,1,1,-1,1,-1,-1,-1,1,-1,-1,-1,1,-1,-1,1,1,-1,1,-1,1,1,-1,-1,1,-1,-1,1,-1,-1], length=91 energy=601}
Best result after 1175211 ms running: LabsResult{bits=[-1,-1,-1,1,1,-1,1,1,1,1,-1,-1,-1,-1,1,-1,1,1,1,1,-1,-1,-1,-1,1,1,-1,1,-1,1,-1,1,1,1,1,-1,1,-1,1,-1,1,1,-1,-1,-1,1,1,-1,-1,-1,-1,-1,-1,-1,-1,-1,-1,-1,1,1,-1,-1,1,1,-1,1,-1,-1,-1,1,-1,-1,-1,1,-1,-1,1,1,-1,1,-1,1,1,-1,-1,1,-1,-1,1,-1,-1], length=91 energy=601}
Best result after 1180211 ms running: LabsResult{bits=[-1,-1,-1,1,1,-1,1,1,1,1,-1,-1,-1,-1,1,-1,1,1,1,1,-1,-1,-1,-1,1,1,-1,1,-1,1,-1,1,1,1,1,-1,1,-1,1,-1,1,1,-1,-1,-1,1,1,-1,-1,-1,-1,-1,-1,-1,-1,-1,-1,-1,1,1,-1,-1,1,1,-1,1,-1,-1,-1,1,-1,-1,-1,1,-1,-1,1,1,-1,1,-1,1,1,-1,-1,1,-1,-1,1,-1,-1], length=91 energy=601}
Best result after 1185212 ms running: LabsResult{bits=[-1,-1,-1,1,1,-1,1,1,1,1,-1,-1,-1,-1,1,-1,1,1,1,1,-1,-1,-1,-1,1,1,-1,1,-1,1,-1,1,1,1,1,-1,1,-1,1,-1,1,1,-1,-1,-1,1,1,-1,-1,-1,-1,-1,-1,-1,-1,-1,-1,-1,1,1,-1,-1,1,1,-1,1,-1,-1,-1,1,-1,-1,-1,1,-1,-1,1,1,-1,1,-1,1,1,-1,-1,1,-1,-1,1,-1,-1], length=91 energy=601}
Best result after 1190213 ms running: LabsResult{bits=[-1,-1,-1,1,1,-1,1,1,1,1,-1,-1,-1,-1,1,-1,1,1,1,1,-1,-1,-1,-1,1,1,-1,1,-1,1,-1,1,1,1,1,-1,1,-1,1,-1,1,1,-1,-1,-1,1,1,-1,-1,-1,-1,-1,-1,-1,-1,-1,-1,-1,1,1,-1,-1,1,1,-1,1,-1,-1,-1,1,-1,-1,-1,1,-1,-1,1,1,-1,1,-1,1,1,-1,-1,1,-1,-1,1,-1,-1], length=91 energy=601}
Best result after 1195213 ms running: LabsResult{bits=[-1,-1,-1,1,1,-1,1,1,1,1,-1,-1,-1,-1,1,-1,1,1,1,1,-1,-1,-1,-1,1,1,-1,1,-1,1,-1,1,1,1,1,-1,1,-1,1,-1,1,1,-1,-1,-1,1,1,-1,-1,-1,-1,-1,-1,-1,-1,-1,-1,-1,1,1,-1,-1,1,1,-1,1,-1,-1,-1,1,-1,-1,-1,1,-1,-1,1,1,-1,1,-1,1,1,-1,-1,1,-1,-1,1,-1,-1], length=91 energy=601}
Best result after 1200000 ms running: LabsResult{bits=[-1,-1,-1,1,1,-1,1,1,1,1,-1,-1,-1,-1,1,-1,1,1,1,1,-1,-1,-1,-1,1,1,-1,1,-1,1,-1,1,1,1,1,-1,1,-1,1,-1,1,1,-1,-1,-1,1,1,-1,-1,-1,-1,-1,-1,-1,-1,-1,-1,-1,1,1,-1,-1,1,1,-1,1,-1,-1,-1,1,-1,-1,-1,1,-1,-1,1,1,-1,1,-1,1,1,-1,-1,1,-1,-1,1,-1,-1], length=91 energy=601}
Best result: LabsResult{bits=[-1,-1,-1,1,1,-1,1,1,1,1,-1,-1,-1,-1,1,-1,1,1,1,1,-1,-1,-1,-1,1,1,-1,1,-1,1,-1,1,1,1,1,-1,1,-1,1,-1,1,1,-1,-1,-1,1,1,-1,-1,-1,-1,-1,-1,-1,-1,-1,-1,-1,1,1,-1,-1,1,1,-1,1,-1,-1,-1,1,-1,-1,-1,1,-1,-1,1,1,-1,1,-1,1,1,-1,-1,1,-1,-1,1,-1,-1], length=91 energy=601}