Best result after 5001 ms running: LabsResult{bits=[-1,1,1,1,-1,-1,1,1,-1,-1,-1,1,-1,1,-1,1,1,1,-1,-1,-1,1,1,1,1,-1,-1,-1,-1,1,-1,1,-1,1,1,1,1,-1,1,-1,1,1,1,1,1,1,1,1,1,-1,-1,1,-1,-1,-1,1,-1,-1,1,1,-1,1,1,-1,1,-1,-1,1,-1,-1,1], length=71 energy=407}
Best result after 10034 ms running: LabsResult{bits=[-1,1,1,1,-1,-1,1,1,-1,-1,-1,1,-1,1,-1,1,1,1,-1,-1,-1,1,1,1,1,-1,-1,-1,-1,1,-1,1,-1,1,1,1,1,-1,1,-1,1,1,1,1,1,1,1,1,1,-1,-1,1,-1,-1,-1,1,-1,-1,1,1,-1,1,1,-1,1,-1,-1,1,-1,-1,1], length=71 energy=407}
Best result after 15037 ms running: LabsResult{bits=[-1,1,1,1,-1,-1,1,1,-1,-1,-1,1,-1,1,-1,1,1,1,-1,-1,-1,1,1,1,1,-1,-1,-1,-1,1,-1,1,-1,1,1,1,1,-1,1,-1,1,1,1,1,1,1,1,1,1,-1,-1,1,-1,-1,-1,1,-1,-1,1,1,-1,1,1,-1,1,-1,-1,1,-1,-1,1], length=71 energy=407}
Best result after 20040 ms running: LabsResult{bits=[-1,1,1,1,-1,-1,1,1,-1,-1,-1,1,-1,1,-1,1,1,1,-1,-1,-1,1,1,1,1,-1,-1,-1,-1,1,-1,1,-1,1,1,1,1,-1,1,-1,1,1,1,1,1,1,1,1,1,-1,-1,1,-1,-1,-1,1,-1,-1,1,1,-1,1,1,-1,1,-1,-1,1,-1,-1,1], length=71 energy=407}
Best result after 25042 ms running: LabsResult{bits=[-1,1,1,1,-1,-1,1,1,-1,-1,-1,1,-1,1,-1,1,1,1,-1,-1,-1,1,1,1,1,-1,-1,-1,-1,1,-1,1,-1,1,1,1,1,-1,1,-1,1,1,1,1,1,1,1,1,1,-1,-1,1,-1,-1,-1,1,-1,-1,1,1,-1,1,1,-1,1,-1,-1,1,-1,-1,1], length=71 energy=407}
Best result after 30044 ms running: LabsResult{bits=[-1,1,1,1,-1,-1,1,1,-1,-1,-1,1,-1,1,-1,1,1,1,-1,-1,-1,1,1,1,1,-1,-1,-1,-1,1,-1,1,-1,1,1,1,1,-1,1,-1,1,1,1,1,1,1,1,1,1,-1,-1,1,-1,-1,-1,1,-1,-1,1,1,-1,1,1,-1,1,-1,-1,1,-1,-1,1], length=71 energy=407}
Best result after 35046 ms running: LabsResult{bits=[1,1,-1,1,-1,-1,-1,1,1,1,1,-1,-1,-1,-1,-1,1,1,-1,1,1,-1,-1,1,-1,1,-1,1,-1,1,1,1,1,-1,1,1,-1,1,1,1,-1,1,1,1,1,-1,1,1,-1,-1,1,-1,1,-1,-1,1,1,1,1,-1,1,1,1,1,-1,-1,-1,1,-1,-1,-1], length=71 energy=403}
Best result after 40048 ms running: LabsResult{bits=[1,1,-1,1,-1,-1,-1,1,1,1,1,-1,-1,-1,-1,-1,1,1,-1,1,1,-1,-1,1,-1,1,-1,1,-1,1,1,1,1,-1,1,1,-1,1,1,1,-1,1,1,1,1,-1,1,1,-1,-1,1,-1,1,-1,-1,1,1,1,1,-1,1,1,1,1,-1,-1,-1,1,-1,-1,-1], length=71 energy=403}
Best result after 45051 ms running: LabsResult{bits=[-1,-1,-1,-1,-1,-1,1,-1,-1,1,1,1,1,-1,1,1,-1,1,1,1,-1,-1,1,1,1,-1,1,-1,1,1,1,1,-1,1,-1,1,1,-1,1,-1,-1,1,1,-1,1,1,1,-1,1,-1,1,1,1,-1,-1,-1,1,-1,1,1,1,1,-1,-1,-1,-1,1,1,-1,1,1], length=71 energy=391}
Best result after 50054 ms running: LabsResult{bits=[-1,-1,-1,-1,-1,-1,1,-1,-1,1,1,1,1,-1,1,1,-1,1,1,1,-1,-1,1,1,1,-1,1,-1,1,1,1,1,-1,1,-1,1,1,-1,1,-1,-1,1,1,-1,1,1,1,-1,1,-1,1,1,1,-1,-1,-1,1,-1,1,1,1,1,-1,-1,-1,-1,1,1,-1,1,1], length=71 energy=391}
Best result after 55056 ms running: LabsResult{bits=[-1,-1,-1,-1,-1,-1,1,-1,-1,1,1,1,1,-1,1,1,-1,1,1,1,-1,-1,1,1,1,-1,1,-1,1,1,1,1,-1,1,-1,1,1,-1,1,-1,-1,1,1,-1,1,1,1,-1,1,-1,1,1,1,-1,-1,-1,1,-1,1,1,1,1,-1,-1,-1,-1,1,1,-1,1,1], length=71 energy=391}
Best result after 60058 ms running: LabsResult{bits=[-1,-1,-1,-1,-1,-1,1,-1,-1,1,1,1,1,-1,1,1,-1,1,1,1,-1,-1,1,1,1,-1,1,-1,1,1,1,1,-1,1,-1,1,1,-1,1,-1,-1,1,1,-1,1,1,1,-1,1,-1,1,1,1,-1,-1,-1,1,-1,1,1,1,1,-1,-1,-1,-1,1,1,-1,1,1], length=71 energy=391}
Best result after 65059 ms running: LabsResult{bits=[-1,-1,-1,-1,-1,-1,1,-1,-1,1,1,1,1,-1,1,1,-1,1,1,1,-1,-1,1,1,1,-1,1,-1,1,1,1,1,-1,1,-1,1,1,-1,1,-1,-1,1,1,-1,1,1,1,-1,1,-1,1,1,1,-1,-1,-1,1,-1,1,1,1,1,-1,-1,-1,-1,1,1,-1,1,1], length=71 energy=391}
Best result after 70061 ms running: LabsResult{bits=[-1,-1,-1,-1,-1,-1,1,-1,-1,1,1,1,1,-1,1,1,-1,1,1,1,-1,-1,1,1,1,-1,1,-1,1,1,1,1,-1,1,-1,1,1,-1,1,-1,-1,1,1,-1,1,1,1,-1,1,-1,1,1,1,-1,-1,-1,1,-1,1,1,1,1,-1,-1,-1,-1,1,1,-1,1,1], length=71 energy=391}
Best result after 75064 ms running: LabsResult{bits=[-1,-1,-1,-1,-1,-1,1,-1,-1,1,1,1,1,-1,1,1,-1,1,1,1,-1,-1,1,1,1,-1,1,-1,1,1,1,1,-1,1,-1,1,1,-1,1,-1,-1,1,1,-1,1,1,1,-1,1,-1,1,1,1,-1,-1,-1,1,-1,1,1,1,1,-1,-1,-1,-1,1,1,-1,1,1], length=71 energy=391}
Best result after 80066 ms running: LabsResult{bits=[-1,-1,-1,-1,-1,-1,1,-1,-1,1,1,1,1,-1,1,1,-1,1,1,1,-1,-1,1,1,1,-1,1,-1,1,1,1,1,-1,1,-1,1,1,-1,1,-1,-1,1,1,-1,1,1,1,-1,1,-1,1,1,1,-1,-1,-1,1,-1,1,1,1,1,-1,-1,-1,-1,1,1,-1,1,1], length=71 energy=391}
Best result after 85069 ms running: LabsResult{bits=[-1,-1,-1,-1,-1,-1,1,-1,-1,1,1,1,1,-1,1,1,-1,1,1,1,-1,-1,1,1,1,-1,1,-1,1,1,1,1,-1,1,-1,1,1,-1,1,-1,-1,1,1,-1,1,1,1,-1,1,-1,1,1,1,-1,-1,-1,1,-1,1,1,1,1,-1,-1,-1,-1,1,1,-1,1,1], length=71 energy=391}
Best result after 90077 ms running: LabsResult{bits=[-1,-1,-1,-1,-1,-1,1,-1,-1,1,1,1,1,-1,1,1,-1,1,1,1,-1,-1,1,1,1,-1,1,-1,1,1,1,1,-1,1,-1,1,1,-1,1,-1,-1,1,1,-1,1,1,1,-1,1,-1,1,1,1,-1,-1,-1,1,-1,1,1,1,1,-1,-1,-1,-1,1,1,-1,1,1], length=71 energy=391}
Best result after 95078 ms running: LabsResult{bits=[-1,-1,-1,-1,-1,-1,1,-1,-1,1,1,1,1,-1,1,1,-1,1,1,1,-1,-1,1,1,1,-1,1,-1,1,1,1,1,-1,1,-1,1,1,-1,1,-1,-1,1,1,-1,1,1,1,-1,1,-1,1,1,1,-1,-1,-1,1,-1,1,1,1,1,-1,-1,-1,-1,1,1,-1,1,1], length=71 energy=391}
Best result after 100081 ms running: LabsResult{bits=[-1,-1,-1,-1,-1,-1,1,-1,-1,1,1,1,1,-1,1,1,-1,1,1,1,-1,-1,1,1,1,-1,1,-1,1,1,1,1,-1,1,-1,1,1,-1,1,-1,-1,1,1,-1,1,1,1,-1,1,-1,1,1,1,-1,-1,-1,1,-1,1,1,1,1,-1,-1,-1,-1,1,1,-1,1,1], length=71 energy=391}
Best result after 105083 ms running: LabsResult{bits=[-1,-1,-1,-1,-1,-1,1,-1,-1,1,1,1,1,-1,1,1,-1,1,1,1,-1,-1,1,1,1,-1,1,-1,1,1,1,1,-1,1,-1,1,1,-1,1,-1,-1,1,1,-1,1,1,1,-1,1,-1,1,1,1,-1,-1,-1,1,-1,1,1,1,1,-1,-1,-1,-1,1,1,-1,1,1], length=71 energy=391}
Best result after 110085 ms running: LabsResult{bits=[-1,-1,-1,-1,-1,-1,1,-1,-1,1,1,1,1,-1,1,1,-1,1,1,1,-1,-1,1,1,1,-1,1,-1,1,1,1,1,-1,1,-1,1,1,-1,1,-1,-1,1,1,-1,1,1,1,-1,1,-1,1,1,1,-1,-1,-1,1,-1,1,1,1,1,-1,-1,-1,-1,1,1,-1,1,1], length=71 energy=391}
Best result after 115088 ms running: LabsResult{bits=[-1,-1,-1,-1,-1,-1,1,-1,-1,1,1,1,1,-1,1,1,-1,1,1,1,-1,-1,1,1,1,-1,1,-1,1,1,1,1,-1,1,-1,1,1,-1,1,-1,-1,1,1,-1,1,1,1,-1,1,-1,1,1,1,-1,-1,-1,1,-1,1,1,1,1,-1,-1,-1,-1,1,1,-1,1,1], length=71 energy=391}
Best result after 120089 ms running: LabsResult{bits=[-1,-1,-1,-1,-1,-1,1,-1,-1,1,1,1,1,-1,1,1,-1,1,1,1,-1,-1,1,1,1,-1,1,-1,1,1,1,1,-1,1,-1,1,1,-1,1,-1,-1,1,1,-1,1,1,1,-1,1,-1,1,1,1,-1,-1,-1,1,-1,1,1,1,1,-1,-1,-1,-1,1,1,-1,1,1], length=71 energy=391}
Best result after 125092 ms running: LabsResult{bits=[-1,-1,-1,-1,-1,-1,1,-1,-1,1,1,1,1,-1,1,1,-1,1,1,1,-1,-1,1,1,1,-1,1,-1,1,1,1,1,-1,1,-1,1,1,-1,1,-1,-1,1,1,-1,1,1,1,-1,1,-1,1,1,1,-1,-1,-1,1,-1,1,1,1,1,-1,-1,-1,-1,1,1,-1,1,1], length=71 energy=391}
Best result after 130095 ms running: LabsResult{bits=[-1,-1,-1,-1,-1,-1,1,-1,-1,1,1,1,1,-1,1,1,-1,1,1,1,-1,-1,1,1,1,-1,1,-1,1,1,1,1,-1,1,-1,1,1,-1,1,-1,-1,1,1,-1,1,1,1,-1,1,-1,1,1,1,-1,-1,-1,1,-1,1,1,1,1,-1,-1,-1,-1,1,1,-1,1,1], length=71 energy=391}
Best result after 135096 ms running: LabsResult{bits=[-1,-1,-1,-1,-1,-1,1,-1,-1,1,1,1,1,-1,1,1,-1,1,1,1,-1,-1,1,1,1,-1,1,-1,1,1,1,1,-1,1,-1,1,1,-1,1,-1,-1,1,1,-1,1,1,1,-1,1,-1,1,1,1,-1,-1,-1,1,-1,1,1,1,1,-1,-1,-1,-1,1,1,-1,1,1], length=71 energy=391}
Best result after 140099 ms running: LabsResult{bits=[-1,-1,-1,-1,-1,-1,1,-1,-1,1,1,1,1,-1,1,1,-1,1,1,1,-1,-1,1,1,1,-1,1,-1,1,1,1,1,-1,1,-1,1,1,-1,1,-1,-1,1,1,-1,1,1,1,-1,1,-1,1,1,1,-1,-1,-1,1,-1,1,1,1,1,-1,-1,-1,-1,1,1,-1,1,1], length=71 energy=391}
Best result after 145101 ms running: LabsResult{bits=[-1,-1,-1,-1,-1,-1,1,-1,-1,1,1,1,1,-1,1,1,-1,1,1,1,-1,-1,1,1,1,-1,1,-1,1,1,1,1,-1,1,-1,1,1,-1,1,-1,-1,1,1,-1,1,1,1,-1,1,-1,1,1,1,-1,-1,-1,1,-1,1,1,1,1,-1,-1,-1,-1,1,1,-1,1,1], length=71 energy=391}
Best result after 150104 ms running: LabsResult{bits=[-1,-1,-1,-1,-1,-1,1,-1,-1,1,1,1,1,-1,1,1,-1,1,1,1,-1,-1,1,1,1,-1,1,-1,1,1,1,1,-1,1,-1,1,1,-1,1,-1,-1,1,1,-1,1,1,1,-1,1,-1,1,1,1,-1,-1,-1,1,-1,1,1,1,1,-1,-1,-1,-1,1,1,-1,1,1], length=71 energy=391}
Best result after 155107 ms running: LabsResult{bits=[-1,-1,-1,-1,-1,-1,1,-1,-1,1,1,1,1,-1,1,1,-1,1,1,1,-1,-1,1,1,1,-1,1,-1,1,1,1,1,-1,1,-1,1,1,-1,1,-1,-1,1,1,-1,1,1,1,-1,1,-1,1,1,1,-1,-1,-1,1,-1,1,1,1,1,-1,-1,-1,-1,1,1,-1,1,1], length=71 energy=391}
Best result after 160110 ms running: LabsResult{bits=[-1,-1,-1,-1,-1,-1,1,-1,-1,1,1,1,1,-1,1,1,-1,1,1,1,-1,-1,1,1,1,-1,1,-1,1,1,1,1,-1,1,-1,1,1,-1,1,-1,-1,1,1,-1,1,1,1,-1,1,-1,1,1,1,-1,-1,-1,1,-1,1,1,1,1,-1,-1,-1,-1,1,1,-1,1,1], length=71 energy=391}
Best result after 165112 ms running: LabsResult{bits=[-1,-1,-1,-1,-1,-1,1,-1,-1,1,1,1,1,-1,1,1,-1,1,1,1,-1,-1,1,1,1,-1,1,-1,1,1,1,1,-1,1,-1,1,1,-1,1,-1,-1,1,1,-1,1,1,1,-1,1,-1,1,1,1,-1,-1,-1,1,-1,1,1,1,1,-1,-1,-1,-1,1,1,-1,1,1], length=71 energy=391}
Best result after 170115 ms running: LabsResult{bits=[-1,-1,-1,-1,-1,-1,1,-1,-1,1,1,1,1,-1,1,1,-1,1,1,1,-1,-1,1,1,1,-1,1,-1,1,1,1,1,-1,1,-1,1,1,-1,1,-1,-1,1,1,-1,1,1,1,-1,1,-1,1,1,1,-1,-1,-1,1,-1,1,1,1,1,-1,-1,-1,-1,1,1,-1,1,1], length=71 energy=391}
Best result after 175123 ms running: LabsResult{bits=[-1,-1,-1,-1,-1,-1,1,-1,-1,1,1,1,1,-1,1,1,-1,1,1,1,-1,-1,1,1,1,-1,1,-1,1,1,1,1,-1,1,-1,1,1,-1,1,-1,-1,1,1,-1,1,1,1,-1,1,-1,1,1,1,-1,-1,-1,1,-1,1,1,1,1,-1,-1,-1,-1,1,1,-1,1,1], length=71 energy=391}
Best result after 180126 ms running: LabsResult{bits=[-1,-1,-1,-1,-1,-1,1,-1,-1,1,1,1,1,-1,1,1,-1,1,1,1,-1,-1,1,1,1,-1,1,-1,1,1,1,1,-1,1,-1,1,1,-1,1,-1,-1,1,1,-1,1,1,1,-1,1,-1,1,1,1,-1,-1,-1,1,-1,1,1,1,1,-1,-1,-1,-1,1,1,-1,1,1], length=71 energy=391}
Best result after 185128 ms running: LabsResult{bits=[-1,-1,-1,-1,-1,-1,1,-1,-1,1,1,1,1,-1,1,1,-1,1,1,1,-1,-1,1,1,1,-1,1,-1,1,1,1,1,-1,1,-1,1,1,-1,1,-1,-1,1,1,-1,1,1,1,-1,1,-1,1,1,1,-1,-1,-1,1,-1,1,1,1,1,-1,-1,-1,-1,1,1,-1,1,1], length=71 energy=391}
Best result after 190135 ms running: LabsResult{bits=[-1,-1,-1,-1,-1,-1,1,-1,-1,1,1,1,1,-1,1,1,-1,1,1,1,-1,-1,1,1,1,-1,1,-1,1,1,1,1,-1,1,-1,1,1,-1,1,-1,-1,1,1,-1,1,1,1,-1,1,-1,1,1,1,-1,-1,-1,1,-1,1,1,1,1,-1,-1,-1,-1,1,1,-1,1,1], length=71 energy=391}
Best result after 195138 ms running: LabsResult{bits=[-1,-1,-1,-1,-1,-1,1,-1,-1,1,1,1,1,-1,1,1,-1,1,1,1,-1,-1,1,1,1,-1,1,-1,1,1,1,1,-1,1,-1,1,1,-1,1,-1,-1,1,1,-1,1,1,1,-1,1,-1,1,1,1,-1,-1,-1,1,-1,1,1,1,1,-1,-1,-1,-1,1,1,-1,1,1], length=71 energy=391}
Best result after 200140 ms running: LabsResult{bits=[-1,-1,-1,-1,-1,-1,1,-1,-1,1,1,1,1,-1,1,1,-1,1,1,1,-1,-1,1,1,1,-1,1,-1,1,1,1,1,-1,1,-1,1,1,-1,1,-1,-1,1,1,-1,1,1,1,-1,1,-1,1,1,1,-1,-1,-1,1,-1,1,1,1,1,-1,-1,-1,-1,1,1,-1,1,1], length=71 energy=391}
Best result after 205143 ms running: LabsResult{bits=[-1,-1,-1,-1,-1,-1,1,-1,-1,1,1,1,1,-1,1,1,-1,1,1,1,-1,-1,1,1,1,-1,1,-1,1,1,1,1,-1,1,-1,1,1,-1,1,-1,-1,1,1,-1,1,1,1,-1,1,-1,1,1,1,-1,-1,-1,1,-1,1,1,1,1,-1,-1,-1,-1,1,1,-1,1,1], length=71 energy=391}
Best result after 210144 ms running: LabsResult{bits=[-1,-1,-1,-1,-1,-1,1,-1,-1,1,1,1,1,-1,1,1,-1,1,1,1,-1,-1,1,1,1,-1,1,-1,1,1,1,1,-1,1,-1,1,1,-1,1,-1,-1,1,1,-1,1,1,1,-1,1,-1,1,1,1,-1,-1,-1,1,-1,1,1,1,1,-1,-1,-1,-1,1,1,-1,1,1], length=71 energy=391}
Best result after 215146 ms running: LabsResult{bits=[-1,-1,-1,-1,-1,-1,1,-1,-1,1,1,1,1,-1,1,1,-1,1,1,1,-1,-1,1,1,1,-1,1,-1,1,1,1,1,-1,1,-1,1,1,-1,1,-1,-1,1,1,-1,1,1,1,-1,1,-1,1,1,1,-1,-1,-1,1,-1,1,1,1,1,-1,-1,-1,-1,1,1,-1,1,1], length=71 energy=391}
Best result after 220148 ms running: LabsResult{bits=[-1,-1,-1,-1,-1,-1,1,-1,-1,1,1,1,1,-1,1,1,-1,1,1,1,-1,-1,1,1,1,-1,1,-1,1,1,1,1,-1,1,-1,1,1,-1,1,-1,-1,1,1,-1,1,1,1,-1,1,-1,1,1,1,-1,-1,-1,1,-1,1,1,1,1,-1,-1,-1,-1,1,1,-1,1,1], length=71 energy=391}
Best result after 225151 ms running: LabsResult{bits=[-1,-1,-1,-1,-1,-1,1,-1,-1,1,1,1,1,-1,1,1,-1,1,1,1,-1,-1,1,1,1,-1,1,-1,1,1,1,1,-1,1,-1,1,1,-1,1,-1,-1,1,1,-1,1,1,1,-1,1,-1,1,1,1,-1,-1,-1,1,-1,1,1,1,1,-1,-1,-1,-1,1,1,-1,1,1], length=71 energy=391}
Best result after 230152 ms running: LabsResult{bits=[-1,-1,-1,-1,-1,-1,1,-1,-1,1,1,1,1,-1,1,1,-1,1,1,1,-1,-1,1,1,1,-1,1,-1,1,1,1,1,-1,1,-1,1,1,-1,1,-1,-1,1,1,-1,1,1,1,-1,1,-1,1,1,1,-1,-1,-1,1,-1,1,1,1,1,-1,-1,-1,-1,1,1,-1,1,1], length=71 energy=391}
Best result after 235155 ms running: LabsResult{bits=[-1,-1,-1,-1,-1,-1,1,-1,-1,1,1,1,1,-1,1,1,-1,1,1,1,-1,-1,1,1,1,-1,1,-1,1,1,1,1,-1,1,-1,1,1,-1,1,-1,-1,1,1,-1,1,1,1,-1,1,-1,1,1,1,-1,-1,-1,1,-1,1,1,1,1,-1,-1,-1,-1,1,1,-1,1,1], length=71 energy=391}
Best result after 240156 ms running: LabsResult{bits=[-1,-1,-1,-1,-1,-1,1,-1,-1,1,1,1,1,-1,1,1,-1,1,1,1,-1,-1,1,1,1,-1,1,-1,1,1,1,1,-1,1,-1,1,1,-1,1,-1,-1,1,1,-1,1,1,1,-1,1,-1,1,1,1,-1,-1,-1,1,-1,1,1,1,1,-1,-1,-1,-1,1,1,-1,1,1], length=71 energy=391}
Best result after 245159 ms running: LabsResult{bits=[-1,-1,-1,-1,-1,-1,1,-1,-1,1,1,1,1,-1,1,1,-1,1,1,1,-1,-1,1,1,1,-1,1,-1,1,1,1,1,-1,1,-1,1,1,-1,1,-1,-1,1,1,-1,1,1,1,-1,1,-1,1,1,1,-1,-1,-1,1,-1,1,1,1,1,-1,-1,-1,-1,1,1,-1,1,1], length=71 energy=391}
Best result after 250161 ms running: LabsResult{bits=[-1,-1,-1,-1,-1,-1,1,-1,-1,1,1,1,1,-1,1,1,-1,1,1,1,-1,-1,1,1,1,-1,1,-1,1,1,1,1,-1,1,-1,1,1,-1,1,-1,-1,1,1,-1,1,1,1,-1,1,-1,1,1,1,-1,-1,-1,1,-1,1,1,1,1,-1,-1,-1,-1,1,1,-1,1,1], length=71 energy=391}
Best result after 255169 ms running: LabsResult{bits=[-1,-1,-1,-1,-1,-1,1,-1,-1,1,1,1,1,-1,1,1,-1,1,1,1,-1,-1,1,1,1,-1,1,-1,1,1,1,1,-1,1,-1,1,1,-1,1,-1,-1,1,1,-1,1,1,1,-1,1,-1,1,1,1,-1,-1,-1,1,-1,1,1,1,1,-1,-1,-1,-1,1,1,-1,1,1], length=71 energy=391}
Best result after 260171 ms running: LabsResult{bits=[-1,-1,-1,-1,-1,-1,1,-1,-1,1,1,1,1,-1,1,1,-1,1,1,1,-1,-1,1,1,1,-1,1,-1,1,1,1,1,-1,1,-1,1,1,-1,1,-1,-1,1,1,-1,1,1,1,-1,1,-1,1,1,1,-1,-1,-1,1,-1,1,1,1,1,-1,-1,-1,-1,1,1,-1,1,1], length=71 energy=391}
Best result after 265174 ms running: LabsResult{bits=[-1,-1,-1,-1,-1,-1,1,-1,-1,1,1,1,1,-1,1,1,-1,1,1,1,-1,-1,1,1,1,-1,1,-1,1,1,1,1,-1,1,-1,1,1,-1,1,-1,-1,1,1,-1,1,1,1,-1,1,-1,1,1,1,-1,-1,-1,1,-1,1,1,1,1,-1,-1,-1,-1,1,1,-1,1,1], length=71 energy=391}
Best result after 270176 ms running: LabsResult{bits=[-1,-1,-1,-1,-1,-1,1,-1,-1,1,1,1,1,-1,1,1,-1,1,1,1,-1,-1,1,1,1,-1,1,-1,1,1,1,1,-1,1,-1,1,1,-1,1,-1,-1,1,1,-1,1,1,1,-1,1,-1,1,1,1,-1,-1,-1,1,-1,1,1,1,1,-1,-1,-1,-1,1,1,-1,1,1], length=71 energy=391}
Best result after 275179 ms running: LabsResult{bits=[-1,-1,-1,-1,-1,-1,1,-1,-1,1,1,1,1,-1,1,1,-1,1,1,1,-1,-1,1,1,1,-1,1,-1,1,1,1,1,-1,1,-1,1,1,-1,1,-1,-1,1,1,-1,1,1,1,-1,1,-1,1,1,1,-1,-1,-1,1,-1,1,1,1,1,-1,-1,-1,-1,1,1,-1,1,1], length=71 energy=391}
Best result after 280182 ms running: LabsResult{bits=[-1,-1,-1,-1,-1,-1,1,-1,-1,1,1,1,1,-1,1,1,-1,1,1,1,-1,-1,1,1,1,-1,1,-1,1,1,1,1,-1,1,-1,1,1,-1,1,-1,-1,1,1,-1,1,1,1,-1,1,-1,1,1,1,-1,-1,-1,1,-1,1,1,1,1,-1,-1,-1,-1,1,1,-1,1,1], length=71 energy=391}
Best result after 285184 ms running: LabsResult{bits=[-1,-1,-1,-1,-1,-1,1,-1,-1,1,1,1,1,-1,1,1,-1,1,1,1,-1,-1,1,1,1,-1,1,-1,1,1,1,1,-1,1,-1,1,1,-1,1,-1,-1,1,1,-1,1,1,1,-1,1,-1,1,1,1,-1,-1,-1,1,-1,1,1,1,1,-1,-1,-1,-1,1,1,-1,1,1], length=71 energy=391}
Best result after 290187 ms running: LabsResult{bits=[-1,-1,-1,-1,-1,-1,1,-1,-1,1,1,1,1,-1,1,1,-1,1,1,1,-1,-1,1,1,1,-1,1,-1,1,1,1,1,-1,1,-1,1,1,-1,1,-1,-1,1,1,-1,1,1,1,-1,1,-1,1,1,1,-1,-1,-1,1,-1,1,1,1,1,-1,-1,-1,-1,1,1,-1,1,1], length=71 energy=391}
Best result after 295188 ms running: LabsResult{bits=[-1,-1,-1,-1,-1,-1,1,-1,-1,1,1,1,1,-1,1,1,-1,1,1,1,-1,-1,1,1,1,-1,1,-1,1,1,1,1,-1,1,-1,1,1,-1,1,-1,-1,1,1,-1,1,1,1,-1,1,-1,1,1,1,-1,-1,-1,1,-1,1,1,1,1,-1,-1,-1,-1,1,1,-1,1,1], length=71 energy=391}
Best result after 300190 ms running: LabsResult{bits=[-1,-1,-1,-1,-1,-1,1,-1,-1,1,1,1,1,-1,1,1,-1,1,1,1,-1,-1,1,1,1,-1,1,-1,1,1,1,1,-1,1,-1,1,1,-1,1,-1,-1,1,1,-1,1,1,1,-1,1,-1,1,1,1,-1,-1,-1,1,-1,1,1,1,1,-1,-1,-1,-1,1,1,-1,1,1], length=71 energy=391}
Best result after 305193 ms running: LabsResult{bits=[-1,-1,-1,-1,-1,-1,1,-1,-1,1,1,1,1,-1,1,1,-1,1,1,1,-1,-1,1,1,1,-1,1,-1,1,1,1,1,-1,1,-1,1,1,-1,1,-1,-1,1,1,-1,1,1,1,-1,1,-1,1,1,1,-1,-1,-1,1,-1,1,1,1,1,-1,-1,-1,-1,1,1,-1,1,1], length=71 energy=391}
Best result after 310194 ms running: LabsResult{bits=[-1,-1,-1,-1,-1,-1,1,-1,-1,1,1,1,1,-1,1,1,-1,1,1,1,-1,-1,1,1,1,-1,1,-1,1,1,1,1,-1,1,-1,1,1,-1,1,-1,-1,1,1,-1,1,1,1,-1,1,-1,1,1,1,-1,-1,-1,1,-1,1,1,1,1,-1,-1,-1,-1,1,1,-1,1,1], length=71 energy=391}
Best result after 315197 ms running: LabsResult{bits=[-1,-1,-1,-1,-1,-1,1,-1,-1,1,1,1,1,-1,1,1,-1,1,1,1,-1,-1,1,1,1,-1,1,-1,1,1,1,1,-1,1,-1,1,1,-1,1,-1,-1,1,1,-1,1,1,1,-1,1,-1,1,1,1,-1,-1,-1,1,-1,1,1,1,1,-1,-1,-1,-1,1,1,-1,1,1], length=71 energy=391}
Best result after 320204 ms running: LabsResult{bits=[-1,-1,-1,-1,-1,-1,1,-1,-1,1,1,1,1,-1,1,1,-1,1,1,1,-1,-1,1,1,1,-1,1,-1,1,1,1,1,-1,1,-1,1,1,-1,1,-1,-1,1,1,-1,1,1,1,-1,1,-1,1,1,1,-1,-1,-1,1,-1,1,1,1,1,-1,-1,-1,-1,1,1,-1,1,1], length=71 energy=391}
Best result after 325206 ms running: LabsResult{bits=[-1,-1,-1,-1,-1,-1,1,-1,-1,1,1,1,1,-1,1,1,-1,1,1,1,-1,-1,1,1,1,-1,1,-1,1,1,1,1,-1,1,-1,1,1,-1,1,-1,-1,1,1,-1,1,1,1,-1,1,-1,1,1,1,-1,-1,-1,1,-1,1,1,1,1,-1,-1,-1,-1,1,1,-1,1,1], length=71 energy=391}
Best result after 330208 ms running: LabsResult{bits=[-1,-1,-1,-1,-1,-1,1,-1,-1,1,1,1,1,-1,1,1,-1,1,1,1,-1,-1,1,1,1,-1,1,-1,1,1,1,1,-1,1,-1,1,1,-1,1,-1,-1,1,1,-1,1,1,1,-1,1,-1,1,1,1,-1,-1,-1,1,-1,1,1,1,1,-1,-1,-1,-1,1,1,-1,1,1], length=71 energy=391}
Best result after 335210 ms running: LabsResult{bits=[-1,-1,-1,-1,-1,-1,1,-1,-1,1,1,1,1,-1,1,1,-1,1,1,1,-1,-1,1,1,1,-1,1,-1,1,1,1,1,-1,1,-1,1,1,-1,1,-1,-1,1,1,-1,1,1,1,-1,1,-1,1,1,1,-1,-1,-1,1,-1,1,1,1,1,-1,-1,-1,-1,1,1,-1,1,1], length=71 energy=391}
Best result after 340213 ms running: LabsResult{bits=[-1,-1,-1,-1,-1,-1,1,-1,-1,1,1,1,1,-1,1,1,-1,1,1,1,-1,-1,1,1,1,-1,1,-1,1,1,1,1,-1,1,-1,1,1,-1,1,-1,-1,1,1,-1,1,1,1,-1,1,-1,1,1,1,-1,-1,-1,1,-1,1,1,1,1,-1,-1,-1,-1,1,1,-1,1,1], length=71 energy=391}
Best result after 345216 ms running: LabsResult{bits=[-1,-1,-1,-1,-1,-1,1,-1,-1,1,1,1,1,-1,1,1,-1,1,1,1,-1,-1,1,1,1,-1,1,-1,1,1,1,1,-1,1,-1,1,1,-1,1,-1,-1,1,1,-1,1,1,1,-1,1,-1,1,1,1,-1,-1,-1,1,-1,1,1,1,1,-1,-1,-1,-1,1,1,-1,1,1], length=71 energy=391}
Best result after 350218 ms running: LabsResult{bits=[-1,-1,-1,-1,-1,-1,1,-1,-1,1,1,1,1,-1,1,1,-1,1,1,1,-1,-1,1,1,1,-1,1,-1,1,1,1,1,-1,1,-1,1,1,-1,1,-1,-1,1,1,-1,1,1,1,-1,1,-1,1,1,1,-1,-1,-1,1,-1,1,1,1,1,-1,-1,-1,-1,1,1,-1,1,1], length=71 energy=391}
Best result after 355220 ms running: LabsResult{bits=[-1,1,1,-1,1,-1,-1,1,1,1,-1,-1,-1,1,1,-1,1,-1,1,1,-1,-1,-1,1,1,1,1,1,1,-1,-1,1,1,1,1,1,-1,1,1,1,-1,1,1,-1,1,1,1,-1,-1,-1,-1,-1,-1,-1,1,1,-1,1,1,1,1,-1,1,-1,-1,-1,1,-1,1,-1,1], length=71 energy=387}
Best result after 360227 ms running: LabsResult{bits=[-1,1,1,-1,1,-1,-1,1,1,1,-1,-1,-1,1,1,-1,1,-1,1,1,-1,-1,-1,1,1,1,1,1,1,-1,-1,1,1,1,1,1,-1,1,1,1,-1,1,1,-1,1,1,1,-1,-1,-1,-1,-1,-1,-1,1,1,-1,1,1,1,1,-1,1,-1,-1,-1,1,-1,1,-1,1], length=71 energy=387}
Best result after 365228 ms running: LabsResult{bits=[-1,1,1,-1,1,-1,-1,1,1,1,-1,-1,-1,1,1,-1,1,-1,1,1,-1,-1,-1,1,1,1,1,1,1,-1,-1,1,1,1,1,1,-1,1,1,1,-1,1,1,-1,1,1,1,-1,-1,-1,-1,-1,-1,-1,1,1,-1,1,1,1,1,-1,1,-1,-1,-1,1,-1,1,-1,1], length=71 energy=387}
Best result after 370231 ms running: LabsResult{bits=[-1,1,1,-1,1,-1,-1,1,1,1,-1,-1,-1,1,1,-1,1,-1,1,1,-1,-1,-1,1,1,1,1,1,1,-1,-1,1,1,1,1,1,-1,1,1,1,-1,1,1,-1,1,1,1,-1,-1,-1,-1,-1,-1,-1,1,1,-1,1,1,1,1,-1,1,-1,-1,-1,1,-1,1,-1,1], length=71 energy=387}
Best result after 375233 ms running: LabsResult{bits=[-1,1,1,-1,1,-1,-1,1,1,1,-1,-1,-1,1,1,-1,1,-1,1,1,-1,-1,-1,1,1,1,1,1,1,-1,-1,1,1,1,1,1,-1,1,1,1,-1,1,1,-1,1,1,1,-1,-1,-1,-1,-1,-1,-1,1,1,-1,1,1,1,1,-1,1,-1,-1,-1,1,-1,1,-1,1], length=71 energy=387}
Best result after 380235 ms running: LabsResult{bits=[-1,1,1,-1,1,-1,-1,1,1,1,-1,-1,-1,1,1,-1,1,-1,1,1,-1,-1,-1,1,1,1,1,1,1,-1,-1,1,1,1,1,1,-1,1,1,1,-1,1,1,-1,1,1,1,-1,-1,-1,-1,-1,-1,-1,1,1,-1,1,1,1,1,-1,1,-1,-1,-1,1,-1,1,-1,1], length=71 energy=387}
Best result after 385238 ms running: LabsResult{bits=[-1,1,1,-1,1,-1,-1,1,1,1,-1,-1,-1,1,1,-1,1,-1,1,1,-1,-1,-1,1,1,1,1,1,1,-1,-1,1,1,1,1,1,-1,1,1,1,-1,1,1,-1,1,1,1,-1,-1,-1,-1,-1,-1,-1,1,1,-1,1,1,1,1,-1,1,-1,-1,-1,1,-1,1,-1,1], length=71 energy=387}
Best result after 390240 ms running: LabsResult{bits=[-1,1,1,-1,1,-1,-1,1,1,1,-1,-1,-1,1,1,-1,1,-1,1,1,-1,-1,-1,1,1,1,1,1,1,-1,-1,1,1,1,1,1,-1,1,1,1,-1,1,1,-1,1,1,1,-1,-1,-1,-1,-1,-1,-1,1,1,-1,1,1,1,1,-1,1,-1,-1,-1,1,-1,1,-1,1], length=71 energy=387}
Best result after 395242 ms running: LabsResult{bits=[-1,1,1,-1,1,-1,-1,1,1,1,-1,-1,-1,1,1,-1,1,-1,1,1,-1,-1,-1,1,1,1,1,1,1,-1,-1,1,1,1,1,1,-1,1,1,1,-1,1,1,-1,1,1,1,-1,-1,-1,-1,-1,-1,-1,1,1,-1,1,1,1,1,-1,1,-1,-1,-1,1,-1,1,-1,1], length=71 energy=387}
Best result after 400249 ms running: LabsResult{bits=[-1,1,1,-1,1,-1,-1,1,1,1,-1,-1,-1,1,1,-1,1,-1,1,1,-1,-1,-1,1,1,1,1,1,1,-1,-1,1,1,1,1,1,-1,1,1,1,-1,1,1,-1,1,1,1,-1,-1,-1,-1,-1,-1,-1,1,1,-1,1,1,1,1,-1,1,-1,-1,-1,1,-1,1,-1,1], length=71 energy=387}
Best result after 405250 ms running: LabsResult{bits=[-1,1,1,-1,1,-1,-1,1,1,1,-1,-1,-1,1,1,-1,1,-1,1,1,-1,-1,-1,1,1,1,1,1,1,-1,-1,1,1,1,1,1,-1,1,1,1,-1,1,1,-1,1,1,1,-1,-1,-1,-1,-1,-1,-1,1,1,-1,1,1,1,1,-1,1,-1,-1,-1,1,-1,1,-1,1], length=71 energy=387}
Best result after 410252 ms running: LabsResult{bits=[-1,1,1,-1,1,-1,-1,1,1,1,-1,-1,-1,1,1,-1,1,-1,1,1,-1,-1,-1,1,1,1,1,1,1,-1,-1,1,1,1,1,1,-1,1,1,1,-1,1,1,-1,1,1,1,-1,-1,-1,-1,-1,-1,-1,1,1,-1,1,1,1,1,-1,1,-1,-1,-1,1,-1,1,-1,1], length=71 energy=387}
Best result after 415254 ms running: LabsResult{bits=[-1,1,1,-1,1,-1,-1,1,1,1,-1,-1,-1,1,1,-1,1,-1,1,1,-1,-1,-1,1,1,1,1,1,1,-1,-1,1,1,1,1,1,-1,1,1,1,-1,1,1,-1,1,1,1,-1,-1,-1,-1,-1,-1,-1,1,1,-1,1,1,1,1,-1,1,-1,-1,-1,1,-1,1,-1,1], length=71 energy=387}
Best result after 420256 ms running: LabsResult{bits=[-1,1,1,-1,1,-1,-1,1,1,1,-1,-1,-1,1,1,-1,1,-1,1,1,-1,-1,-1,1,1,1,1,1,1,-1,-1,1,1,1,1,1,-1,1,1,1,-1,1,1,-1,1,1,1,-1,-1,-1,-1,-1,-1,-1,1,1,-1,1,1,1,1,-1,1,-1,-1,-1,1,-1,1,-1,1], length=71 energy=387}
Best result after 425259 ms running: LabsResult{bits=[-1,1,1,-1,1,-1,-1,1,1,1,-1,-1,-1,1,1,-1,1,-1,1,1,-1,-1,-1,1,1,1,1,1,1,-1,-1,1,1,1,1,1,-1,1,1,1,-1,1,1,-1,1,1,1,-1,-1,-1,-1,-1,-1,-1,1,1,-1,1,1,1,1,-1,1,-1,-1,-1,1,-1,1,-1,1], length=71 energy=387}
Best result after 430261 ms running: LabsResult{bits=[-1,1,1,-1,1,-1,-1,1,1,1,-1,-1,-1,1,1,-1,1,-1,1,1,-1,-1,-1,1,1,1,1,1,1,-1,-1,1,1,1,1,1,-1,1,1,1,-1,1,1,-1,1,1,1,-1,-1,-1,-1,-1,-1,-1,1,1,-1,1,1,1,1,-1,1,-1,-1,-1,1,-1,1,-1,1], length=71 energy=387}
Best result after 435264 ms running: LabsResult{bits=[-1,1,1,-1,1,-1,-1,1,1,1,-1,-1,-1,1,1,-1,1,-1,1,1,-1,-1,-1,1,1,1,1,1,1,-1,-1,1,1,1,1,1,-1,1,1,1,-1,1,1,-1,1,1,1,-1,-1,-1,-1,-1,-1,-1,1,1,-1,1,1,1,1,-1,1,-1,-1,-1,1,-1,1,-1,1], length=71 energy=387}
Best result after 440267 ms running: LabsResult{bits=[-1,1,1,-1,1,-1,-1,1,1,1,-1,-1,-1,1,1,-1,1,-1,1,1,-1,-1,-1,1,1,1,1,1,1,-1,-1,1,1,1,1,1,-1,1,1,1,-1,1,1,-1,1,1,1,-1,-1,-1,-1,-1,-1,-1,1,1,-1,1,1,1,1,-1,1,-1,-1,-1,1,-1,1,-1,1], length=71 energy=387}
Best result after 445272 ms running: LabsResult{bits=[1,1,1,-1,1,-1,-1,-1,1,1,-1,1,-1,-1,-1,-1,1,-1,1,-1,-1,-1,-1,-1,-1,-1,1,-1,-1,1,1,1,1,-1,1,-1,-1,-1,1,-1,-1,-1,1,-1,1,1,-1,1,-1,-1,1,1,-1,1,-1,1,1,1,-1,-1,-1,1,1,-1,-1,-1,1,1,-1,-1,1], length=71 energy=371}
Best result after 450275 ms running: LabsResult{bits=[1,1,1,-1,1,-1,-1,-1,1,1,-1,1,-1,-1,-1,-1,1,-1,1,-1,-1,-1,-1,-1,-1,-1,1,-1,-1,1,1,1,1,-1,1,-1,-1,-1,1,-1,-1,-1,1,-1,1,1,-1,1,-1,-1,1,1,-1,1,-1,1,1,1,-1,-1,-1,1,1,-1,-1,-1,1,1,-1,-1,1], length=71 energy=371}
Best result after 455277 ms running: LabsResult{bits=[1,1,1,-1,1,-1,-1,-1,1,1,-1,1,-1,-1,-1,-1,1,-1,1,-1,-1,-1,-1,-1,-1,-1,1,-1,-1,1,1,1,1,-1,1,-1,-1,-1,1,-1,-1,-1,1,-1,1,1,-1,1,-1,-1,1,1,-1,1,-1,1,1,1,-1,-1,-1,1,1,-1,-1,-1,1,1,-1,-1,1], length=71 energy=371}
Best result after 460280 ms running: LabsResult{bits=[1,1,1,-1,1,-1,-1,-1,1,1,-1,1,-1,-1,-1,-1,1,-1,1,-1,-1,-1,-1,-1,-1,-1,1,-1,-1,1,1,1,1,-1,1,-1,-1,-1,1,-1,-1,-1,1,-1,1,1,-1,1,-1,-1,1,1,-1,1,-1,1,1,1,-1,-1,-1,1,1,-1,-1,-1,1,1,-1,-1,1], length=71 energy=371}
Best result after 465282 ms running: LabsResult{bits=[1,1,1,-1,1,-1,-1,-1,1,1,-1,1,-1,-1,-1,-1,1,-1,1,-1,-1,-1,-1,-1,-1,-1,1,-1,-1,1,1,1,1,-1,1,-1,-1,-1,1,-1,-1,-1,1,-1,1,1,-1,1,-1,-1,1,1,-1,1,-1,1,1,1,-1,-1,-1,1,1,-1,-1,-1,1,1,-1,-1,1], length=71 energy=371}
Best result after 470284 ms running: LabsResult{bits=[1,1,1,-1,1,-1,-1,-1,1,1,-1,1,-1,-1,-1,-1,1,-1,1,-1,-1,-1,-1,-1,-1,-1,1,-1,-1,1,1,1,1,-1,1,-1,-1,-1,1,-1,-1,-1,1,-1,1,1,-1,1,-1,-1,1,1,-1,1,-1,1,1,1,-1,-1,-1,1,1,-1,-1,-1,1,1,-1,-1,1], length=71 energy=371}
Best result after 475287 ms running: LabsResult{bits=[1,1,1,-1,1,-1,-1,-1,1,1,-1,1,-1,-1,-1,-1,1,-1,1,-1,-1,-1,-1,-1,-1,-1,1,-1,-1,1,1,1,1,-1,1,-1,-1,-1,1,-1,-1,-1,1,-1,1,1,-1,1,-1,-1,1,1,-1,1,-1,1,1,1,-1,-1,-1,1,1,-1,-1,-1,1,1,-1,-1,1], length=71 energy=371}
Best result after 480290 ms running: LabsResult{bits=[1,1,1,-1,1,-1,-1,-1,1,1,-1,1,-1,-1,-1,-1,1,-1,1,-1,-1,-1,-1,-1,-1,-1,1,-1,-1,1,1,1,1,-1,1,-1,-1,-1,1,-1,-1,-1,1,-1,1,1,-1,1,-1,-1,1,1,-1,1,-1,1,1,1,-1,-1,-1,1,1,-1,-1,-1,1,1,-1,-1,1], length=71 energy=371}
Best result after 485297 ms running: LabsResult{bits=[1,1,1,-1,1,-1,-1,-1,1,1,-1,1,-1,-1,-1,-1,1,-1,1,-1,-1,-1,-1,-1,-1,-1,1,-1,-1,1,1,1,1,-1,1,-1,-1,-1,1,-1,-1,-1,1,-1,1,1,-1,1,-1,-1,1,1,-1,1,-1,1,1,1,-1,-1,-1,1,1,-1,-1,-1,1,1,-1,-1,1], length=71 energy=371}
Best result after 490300 ms running: LabsResult{bits=[1,1,1,-1,1,-1,-1,-1,1,1,-1,1,-1,-1,-1,-1,1,-1,1,-1,-1,-1,-1,-1,-1,-1,1,-1,-1,1,1,1,1,-1,1,-1,-1,-1,1,-1,-1,-1,1,-1,1,1,-1,1,-1,-1,1,1,-1,1,-1,1,1,1,-1,-1,-1,1,1,-1,-1,-1,1,1,-1,-1,1], length=71 energy=371}
Best result after 495303 ms running: LabsResult{bits=[1,1,1,-1,1,-1,-1,-1,1,1,-1,1,-1,-1,-1,-1,1,-1,1,-1,-1,-1,-1,-1,-1,-1,1,-1,-1,1,1,1,1,-1,1,-1,-1,-1,1,-1,-1,-1,1,-1,1,1,-1,1,-1,-1,1,1,-1,1,-1,1,1,1,-1,-1,-1,1,1,-1,-1,-1,1,1,-1,-1,1], length=71 energy=371}
Best result after 500310 ms running: LabsResult{bits=[1,1,1,-1,1,-1,-1,-1,1,1,-1,1,-1,-1,-1,-1,1,-1,1,-1,-1,-1,-1,-1,-1,-1,1,-1,-1,1,1,1,1,-1,1,-1,-1,-1,1,-1,-1,-1,1,-1,1,1,-1,1,-1,-1,1,1,-1,1,-1,1,1,1,-1,-1,-1,1,1,-1,-1,-1,1,1,-1,-1,1], length=71 energy=371}
Best result after 505312 ms running: LabsResult{bits=[1,1,1,-1,1,-1,-1,-1,1,1,-1,1,-1,-1,-1,-1,1,-1,1,-1,-1,-1,-1,-1,-1,-1,1,-1,-1,1,1,1,1,-1,1,-1,-1,-1,1,-1,-1,-1,1,-1,1,1,-1,1,-1,-1,1,1,-1,1,-1,1,1,1,-1,-1,-1,1,1,-1,-1,-1,1,1,-1,-1,1], length=71 energy=371}
Best result after 510314 ms running: LabsResult{bits=[1,1,1,-1,1,-1,-1,-1,1,1,-1,1,-1,-1,-1,-1,1,-1,1,-1,-1,-1,-1,-1,-1,-1,1,-1,-1,1,1,1,1,-1,1,-1,-1,-1,1,-1,-1,-1,1,-1,1,1,-1,1,-1,-1,1,1,-1,1,-1,1,1,1,-1,-1,-1,1,1,-1,-1,-1,1,1,-1,-1,1], length=71 energy=371}
Best result after 515316 ms running: LabsResult{bits=[1,1,1,-1,1,-1,-1,-1,1,1,-1,1,-1,-1,-1,-1,1,-1,1,-1,-1,-1,-1,-1,-1,-1,1,-1,-1,1,1,1,1,-1,1,-1,-1,-1,1,-1,-1,-1,1,-1,1,1,-1,1,-1,-1,1,1,-1,1,-1,1,1,1,-1,-1,-1,1,1,-1,-1,-1,1,1,-1,-1,1], length=71 energy=371}
Best result after 520318 ms running: LabsResult{bits=[1,1,1,-1,1,-1,-1,-1,1,1,-1,1,-1,-1,-1,-1,1,-1,1,-1,-1,-1,-1,-1,-1,-1,1,-1,-1,1,1,1,1,-1,1,-1,-1,-1,1,-1,-1,-1,1,-1,1,1,-1,1,-1,-1,1,1,-1,1,-1,1,1,1,-1,-1,-1,1,1,-1,-1,-1,1,1,-1,-1,1], length=71 energy=371}
Best result after 525320 ms running: LabsResult{bits=[1,1,1,-1,1,-1,-1,-1,1,1,-1,1,-1,-1,-1,-1,1,-1,1,-1,-1,-1,-1,-1,-1,-1,1,-1,-1,1,1,1,1,-1,1,-1,-1,-1,1,-1,-1,-1,1,-1,1,1,-1,1,-1,-1,1,1,-1,1,-1,1,1,1,-1,-1,-1,1,1,-1,-1,-1,1,1,-1,-1,1], length=71 energy=371}
Best result after 530323 ms running: LabsResult{bits=[1,1,1,-1,1,-1,-1,-1,1,1,-1,1,-1,-1,-1,-1,1,-1,1,-1,-1,-1,-1,-1,-1,-1,1,-1,-1,1,1,1,1,-1,1,-1,-1,-1,1,-1,-1,-1,1,-1,1,1,-1,1,-1,-1,1,1,-1,1,-1,1,1,1,-1,-1,-1,1,1,-1,-1,-1,1,1,-1,-1,1], length=71 energy=371}
Best result after 535325 ms running: LabsResult{bits=[1,1,1,-1,1,-1,-1,-1,1,1,-1,1,-1,-1,-1,-1,1,-1,1,-1,-1,-1,-1,-1,-1,-1,1,-1,-1,1,1,1,1,-1,1,-1,-1,-1,1,-1,-1,-1,1,-1,1,1,-1,1,-1,-1,1,1,-1,1,-1,1,1,1,-1,-1,-1,1,1,-1,-1,-1,1,1,-1,-1,1], length=71 energy=371}
Best result after 540327 ms running: LabsResult{bits=[1,1,1,-1,1,-1,-1,-1,1,1,-1,1,-1,-1,-1,-1,1,-1,1,-1,-1,-1,-1,-1,-1,-1,1,-1,-1,1,1,1,1,-1,1,-1,-1,-1,1,-1,-1,-1,1,-1,1,1,-1,1,-1,-1,1,1,-1,1,-1,1,1,1,-1,-1,-1,1,1,-1,-1,-1,1,1,-1,-1,1], length=71 energy=371}
Best result after 545329 ms running: LabsResult{bits=[1,1,1,-1,1,-1,-1,-1,1,1,-1,1,-1,-1,-1,-1,1,-1,1,-1,-1,-1,-1,-1,-1,-1,1,-1,-1,1,1,1,1,-1,1,-1,-1,-1,1,-1,-1,-1,1,-1,1,1,-1,1,-1,-1,1,1,-1,1,-1,1,1,1,-1,-1,-1,1,1,-1,-1,-1,1,1,-1,-1,1], length=71 energy=371}
Best result after 550330 ms running: LabsResult{bits=[1,1,1,-1,1,-1,-1,-1,1,1,-1,1,-1,-1,-1,-1,1,-1,1,-1,-1,-1,-1,-1,-1,-1,1,-1,-1,1,1,1,1,-1,1,-1,-1,-1,1,-1,-1,-1,1,-1,1,1,-1,1,-1,-1,1,1,-1,1,-1,1,1,1,-1,-1,-1,1,1,-1,-1,-1,1,1,-1,-1,1], length=71 energy=371}
Best result after 555332 ms running: LabsResult{bits=[1,1,1,-1,1,-1,-1,-1,1,1,-1,1,-1,-1,-1,-1,1,-1,1,-1,-1,-1,-1,-1,-1,-1,1,-1,-1,1,1,1,1,-1,1,-1,-1,-1,1,-1,-1,-1,1,-1,1,1,-1,1,-1,-1,1,1,-1,1,-1,1,1,1,-1,-1,-1,1,1,-1,-1,-1,1,1,-1,-1,1], length=71 energy=371}
Best result after 560335 ms running: LabsResult{bits=[1,1,1,-1,1,-1,-1,-1,1,1,-1,1,-1,-1,-1,-1,1,-1,1,-1,-1,-1,-1,-1,-1,-1,1,-1,-1,1,1,1,1,-1,1,-1,-1,-1,1,-1,-1,-1,1,-1,1,1,-1,1,-1,-1,1,1,-1,1,-1,1,1,1,-1,-1,-1,1,1,-1,-1,-1,1,1,-1,-1,1], length=71 energy=371}
Best result after 565337 ms running: LabsResult{bits=[1,1,1,-1,1,-1,-1,-1,1,1,-1,1,-1,-1,-1,-1,1,-1,1,-1,-1,-1,-1,-1,-1,-1,1,-1,-1,1,1,1,1,-1,1,-1,-1,-1,1,-1,-1,-1,1,-1,1,1,-1,1,-1,-1,1,1,-1,1,-1,1,1,1,-1,-1,-1,1,1,-1,-1,-1,1,1,-1,-1,1], length=71 energy=371}
Best result after 570340 ms running: LabsResult{bits=[1,1,1,-1,1,-1,-1,-1,1,1,-1,1,-1,-1,-1,-1,1,-1,1,-1,-1,-1,-1,-1,-1,-1,1,-1,-1,1,1,1,1,-1,1,-1,-1,-1,1,-1,-1,-1,1,-1,1,1,-1,1,-1,-1,1,1,-1,1,-1,1,1,1,-1,-1,-1,1,1,-1,-1,-1,1,1,-1,-1,1], length=71 energy=371}
Best result after 575342 ms running: LabsResult{bits=[1,1,1,-1,1,-1,-1,-1,1,1,-1,1,-1,-1,-1,-1,1,-1,1,-1,-1,-1,-1,-1,-1,-1,1,-1,-1,1,1,1,1,-1,1,-1,-1,-1,1,-1,-1,-1,1,-1,1,1,-1,1,-1,-1,1,1,-1,1,-1,1,1,1,-1,-1,-1,1,1,-1,-1,-1,1,1,-1,-1,1], length=71 energy=371}
Best result after 580343 ms running: LabsResult{bits=[1,1,1,-1,1,-1,-1,-1,1,1,-1,1,-1,-1,-1,-1,1,-1,1,-1,-1,-1,-1,-1,-1,-1,1,-1,-1,1,1,1,1,-1,1,-1,-1,-1,1,-1,-1,-1,1,-1,1,1,-1,1,-1,-1,1,1,-1,1,-1,1,1,1,-1,-1,-1,1,1,-1,-1,-1,1,1,-1,-1,1], length=71 energy=371}
Best result after 585345 ms running: LabsResult{bits=[1,1,1,-1,1,-1,-1,-1,1,1,-1,1,-1,-1,-1,-1,1,-1,1,-1,-1,-1,-1,-1,-1,-1,1,-1,-1,1,1,1,1,-1,1,-1,-1,-1,1,-1,-1,-1,1,-1,1,1,-1,1,-1,-1,1,1,-1,1,-1,1,1,1,-1,-1,-1,1,1,-1,-1,-1,1,1,-1,-1,1], length=71 energy=371}
Best result after 590347 ms running: LabsResult{bits=[1,1,1,-1,1,-1,-1,-1,1,1,-1,1,-1,-1,-1,-1,1,-1,1,-1,-1,-1,-1,-1,-1,-1,1,-1,-1,1,1,1,1,-1,1,-1,-1,-1,1,-1,-1,-1,1,-1,1,1,-1,1,-1,-1,1,1,-1,1,-1,1,1,1,-1,-1,-1,1,1,-1,-1,-1,1,1,-1,-1,1], length=71 energy=371}
Best result after 595349 ms running: LabsResult{bits=[1,1,1,-1,1,-1,-1,-1,1,1,-1,1,-1,-1,-1,-1,1,-1,1,-1,-1,-1,-1,-1,-1,-1,1,-1,-1,1,1,1,1,-1,1,-1,-1,-1,1,-1,-1,-1,1,-1,1,1,-1,1,-1,-1,1,1,-1,1,-1,1,1,1,-1,-1,-1,1,1,-1,-1,-1,1,1,-1,-1,1], length=71 energy=371}
Best result after 600352 ms running: LabsResult{bits=[1,1,1,-1,1,-1,-1,-1,1,1,-1,1,-1,-1,-1,-1,1,-1,1,-1,-1,-1,-1,-1,-1,-1,1,-1,-1,1,1,1,1,-1,1,-1,-1,-1,1,-1,-1,-1,1,-1,1,1,-1,1,-1,-1,1,1,-1,1,-1,1,1,1,-1,-1,-1,1,1,-1,-1,-1,1,1,-1,-1,1], length=71 energy=371}
Best result after 605354 ms running: LabsResult{bits=[1,1,1,-1,1,-1,-1,-1,1,1,-1,1,-1,-1,-1,-1,1,-1,1,-1,-1,-1,-1,-1,-1,-1,1,-1,-1,1,1,1,1,-1,1,-1,-1,-1,1,-1,-1,-1,1,-1,1,1,-1,1,-1,-1,1,1,-1,1,-1,1,1,1,-1,-1,-1,1,1,-1,-1,-1,1,1,-1,-1,1], length=71 energy=371}
Best result after 610355 ms running: LabsResult{bits=[1,1,1,-1,1,-1,-1,-1,1,1,-1,1,-1,-1,-1,-1,1,-1,1,-1,-1,-1,-1,-1,-1,-1,1,-1,-1,1,1,1,1,-1,1,-1,-1,-1,1,-1,-1,-1,1,-1,1,1,-1,1,-1,-1,1,1,-1,1,-1,1,1,1,-1,-1,-1,1,1,-1,-1,-1,1,1,-1,-1,1], length=71 energy=371}
Best result after 615357 ms running: LabsResult{bits=[1,1,1,-1,1,-1,-1,-1,1,1,-1,1,-1,-1,-1,-1,1,-1,1,-1,-1,-1,-1,-1,-1,-1,1,-1,-1,1,1,1,1,-1,1,-1,-1,-1,1,-1,-1,-1,1,-1,1,1,-1,1,-1,-1,1,1,-1,1,-1,1,1,1,-1,-1,-1,1,1,-1,-1,-1,1,1,-1,-1,1], length=71 energy=371}
Best result after 620365 ms running: LabsResult{bits=[1,1,1,-1,1,-1,-1,-1,1,1,-1,1,-1,-1,-1,-1,1,-1,1,-1,-1,-1,-1,-1,-1,-1,1,-1,-1,1,1,1,1,-1,1,-1,-1,-1,1,-1,-1,-1,1,-1,1,1,-1,1,-1,-1,1,1,-1,1,-1,1,1,1,-1,-1,-1,1,1,-1,-1,-1,1,1,-1,-1,1], length=71 energy=371}
Best result after 625368 ms running: LabsResult{bits=[1,1,1,-1,1,-1,-1,-1,1,1,-1,1,-1,-1,-1,-1,1,-1,1,-1,-1,-1,-1,-1,-1,-1,1,-1,-1,1,1,1,1,-1,1,-1,-1,-1,1,-1,-1,-1,1,-1,1,1,-1,1,-1,-1,1,1,-1,1,-1,1,1,1,-1,-1,-1,1,1,-1,-1,-1,1,1,-1,-1,1], length=71 energy=371}
Best result after 630370 ms running: LabsResult{bits=[1,1,1,-1,1,-1,-1,-1,1,1,-1,1,-1,-1,-1,-1,1,-1,1,-1,-1,-1,-1,-1,-1,-1,1,-1,-1,1,1,1,1,-1,1,-1,-1,-1,1,-1,-1,-1,1,-1,1,1,-1,1,-1,-1,1,1,-1,1,-1,1,1,1,-1,-1,-1,1,1,-1,-1,-1,1,1,-1,-1,1], length=71 energy=371}
Best result after 635374 ms running: LabsResult{bits=[1,1,1,-1,1,-1,-1,-1,1,1,-1,1,-1,-1,-1,-1,1,-1,1,-1,-1,-1,-1,-1,-1,-1,1,-1,-1,1,1,1,1,-1,1,-1,-1,-1,1,-1,-1,-1,1,-1,1,1,-1,1,-1,-1,1,1,-1,1,-1,1,1,1,-1,-1,-1,1,1,-1,-1,-1,1,1,-1,-1,1], length=71 energy=371}
Best result after 640375 ms running: LabsResult{bits=[1,1,1,-1,1,-1,-1,-1,1,1,-1,1,-1,-1,-1,-1,1,-1,1,-1,-1,-1,-1,-1,-1,-1,1,-1,-1,1,1,1,1,-1,1,-1,-1,-1,1,-1,-1,-1,1,-1,1,1,-1,1,-1,-1,1,1,-1,1,-1,1,1,1,-1,-1,-1,1,1,-1,-1,-1,1,1,-1,-1,1], length=71 energy=371}
Best result after 645378 ms running: LabsResult{bits=[1,1,1,-1,1,-1,-1,-1,1,1,-1,1,-1,-1,-1,-1,1,-1,1,-1,-1,-1,-1,-1,-1,-1,1,-1,-1,1,1,1,1,-1,1,-1,-1,-1,1,-1,-1,-1,1,-1,1,1,-1,1,-1,-1,1,1,-1,1,-1,1,1,1,-1,-1,-1,1,1,-1,-1,-1,1,1,-1,-1,1], length=71 energy=371}
Best result after 650379 ms running: LabsResult{bits=[1,1,1,-1,1,-1,-1,-1,1,1,-1,1,-1,-1,-1,-1,1,-1,1,-1,-1,-1,-1,-1,-1,-1,1,-1,-1,1,1,1,1,-1,1,-1,-1,-1,1,-1,-1,-1,1,-1,1,1,-1,1,-1,-1,1,1,-1,1,-1,1,1,1,-1,-1,-1,1,1,-1,-1,-1,1,1,-1,-1,1], length=71 energy=371}
Best result after 655381 ms running: LabsResult{bits=[1,1,1,-1,1,-1,-1,-1,1,1,-1,1,-1,-1,-1,-1,1,-1,1,-1,-1,-1,-1,-1,-1,-1,1,-1,-1,1,1,1,1,-1,1,-1,-1,-1,1,-1,-1,-1,1,-1,1,1,-1,1,-1,-1,1,1,-1,1,-1,1,1,1,-1,-1,-1,1,1,-1,-1,-1,1,1,-1,-1,1], length=71 energy=371}
Best result after 660382 ms running: LabsResult{bits=[1,1,1,-1,1,-1,-1,-1,1,1,-1,1,-1,-1,-1,-1,1,-1,1,-1,-1,-1,-1,-1,-1,-1,1,-1,-1,1,1,1,1,-1,1,-1,-1,-1,1,-1,-1,-1,1,-1,1,1,-1,1,-1,-1,1,1,-1,1,-1,1,1,1,-1,-1,-1,1,1,-1,-1,-1,1,1,-1,-1,1], length=71 energy=371}
Best result after 665384 ms running: LabsResult{bits=[1,1,1,-1,1,-1,-1,-1,1,1,-1,1,-1,-1,-1,-1,1,-1,1,-1,-1,-1,-1,-1,-1,-1,1,-1,-1,1,1,1,1,-1,1,-1,-1,-1,1,-1,-1,-1,1,-1,1,1,-1,1,-1,-1,1,1,-1,1,-1,1,1,1,-1,-1,-1,1,1,-1,-1,-1,1,1,-1,-1,1], length=71 energy=371}
Best result after 670386 ms running: LabsResult{bits=[1,1,1,-1,1,-1,-1,-1,1,1,-1,1,-1,-1,-1,-1,1,-1,1,-1,-1,-1,-1,-1,-1,-1,1,-1,-1,1,1,1,1,-1,1,-1,-1,-1,1,-1,-1,-1,1,-1,1,1,-1,1,-1,-1,1,1,-1,1,-1,1,1,1,-1,-1,-1,1,1,-1,-1,-1,1,1,-1,-1,1], length=71 energy=371}
Best result after 675389 ms running: LabsResult{bits=[1,1,1,-1,1,-1,-1,-1,1,1,-1,1,-1,-1,-1,-1,1,-1,1,-1,-1,-1,-1,-1,-1,-1,1,-1,-1,1,1,1,1,-1,1,-1,-1,-1,1,-1,-1,-1,1,-1,1,1,-1,1,-1,-1,1,1,-1,1,-1,1,1,1,-1,-1,-1,1,1,-1,-1,-1,1,1,-1,-1,1], length=71 energy=371}
Best result after 680390 ms running: LabsResult{bits=[1,1,1,-1,1,-1,-1,-1,1,1,-1,1,-1,-1,-1,-1,1,-1,1,-1,-1,-1,-1,-1,-1,-1,1,-1,-1,1,1,1,1,-1,1,-1,-1,-1,1,-1,-1,-1,1,-1,1,1,-1,1,-1,-1,1,1,-1,1,-1,1,1,1,-1,-1,-1,1,1,-1,-1,-1,1,1,-1,-1,1], length=71 energy=371}
Best result after 685392 ms running: LabsResult{bits=[1,1,1,-1,1,-1,-1,-1,1,1,-1,1,-1,-1,-1,-1,1,-1,1,-1,-1,-1,-1,-1,-1,-1,1,-1,-1,1,1,1,1,-1,1,-1,-1,-1,1,-1,-1,-1,1,-1,1,1,-1,1,-1,-1,1,1,-1,1,-1,1,1,1,-1,-1,-1,1,1,-1,-1,-1,1,1,-1,-1,1], length=71 energy=371}
Best result after 690395 ms running: LabsResult{bits=[1,1,1,-1,1,-1,-1,-1,1,1,-1,1,-1,-1,-1,-1,1,-1,1,-1,-1,-1,-1,-1,-1,-1,1,-1,-1,1,1,1,1,-1,1,-1,-1,-1,1,-1,-1,-1,1,-1,1,1,-1,1,-1,-1,1,1,-1,1,-1,1,1,1,-1,-1,-1,1,1,-1,-1,-1,1,1,-1,-1,1], length=71 energy=371}
Best result after 695398 ms running: LabsResult{bits=[1,1,1,-1,1,-1,-1,-1,1,1,-1,1,-1,-1,-1,-1,1,-1,1,-1,-1,-1,-1,-1,-1,-1,1,-1,-1,1,1,1,1,-1,1,-1,-1,-1,1,-1,-1,-1,1,-1,1,1,-1,1,-1,-1,1,1,-1,1,-1,1,1,1,-1,-1,-1,1,1,-1,-1,-1,1,1,-1,-1,1], length=71 energy=371}
Best result after 700401 ms running: LabsResult{bits=[1,1,1,-1,1,-1,-1,-1,1,1,-1,1,-1,-1,-1,-1,1,-1,1,-1,-1,-1,-1,-1,-1,-1,1,-1,-1,1,1,1,1,-1,1,-1,-1,-1,1,-1,-1,-1,1,-1,1,1,-1,1,-1,-1,1,1,-1,1,-1,1,1,1,-1,-1,-1,1,1,-1,-1,-1,1,1,-1,-1,1], length=71 energy=371}
Best result after 705402 ms running: LabsResult{bits=[1,1,1,-1,1,-1,-1,-1,1,1,-1,1,-1,-1,-1,-1,1,-1,1,-1,-1,-1,-1,-1,-1,-1,1,-1,-1,1,1,1,1,-1,1,-1,-1,-1,1,-1,-1,-1,1,-1,1,1,-1,1,-1,-1,1,1,-1,1,-1,1,1,1,-1,-1,-1,1,1,-1,-1,-1,1,1,-1,-1,1], length=71 energy=371}
Best result after 710405 ms running: LabsResult{bits=[1,1,1,-1,1,-1,-1,-1,1,1,-1,1,-1,-1,-1,-1,1,-1,1,-1,-1,-1,-1,-1,-1,-1,1,-1,-1,1,1,1,1,-1,1,-1,-1,-1,1,-1,-1,-1,1,-1,1,1,-1,1,-1,-1,1,1,-1,1,-1,1,1,1,-1,-1,-1,1,1,-1,-1,-1,1,1,-1,-1,1], length=71 energy=371}
Best result after 715406 ms running: LabsResult{bits=[1,1,1,-1,1,-1,-1,-1,1,1,-1,1,-1,-1,-1,-1,1,-1,1,-1,-1,-1,-1,-1,-1,-1,1,-1,-1,1,1,1,1,-1,1,-1,-1,-1,1,-1,-1,-1,1,-1,1,1,-1,1,-1,-1,1,1,-1,1,-1,1,1,1,-1,-1,-1,1,1,-1,-1,-1,1,1,-1,-1,1], length=71 energy=371}
Best result after 720408 ms running: LabsResult{bits=[1,1,1,-1,1,-1,-1,-1,1,1,-1,1,-1,-1,-1,-1,1,-1,1,-1,-1,-1,-1,-1,-1,-1,1,-1,-1,1,1,1,1,-1,1,-1,-1,-1,1,-1,-1,-1,1,-1,1,1,-1,1,-1,-1,1,1,-1,1,-1,1,1,1,-1,-1,-1,1,1,-1,-1,-1,1,1,-1,-1,1], length=71 energy=371}
Best result after 725410 ms running: LabsResult{bits=[1,1,1,-1,1,-1,-1,-1,1,1,-1,1,-1,-1,-1,-1,1,-1,1,-1,-1,-1,-1,-1,-1,-1,1,-1,-1,1,1,1,1,-1,1,-1,-1,-1,1,-1,-1,-1,1,-1,1,1,-1,1,-1,-1,1,1,-1,1,-1,1,1,1,-1,-1,-1,1,1,-1,-1,-1,1,1,-1,-1,1], length=71 energy=371}
Best result after 730413 ms running: LabsResult{bits=[1,1,1,-1,1,-1,-1,-1,1,1,-1,1,-1,-1,-1,-1,1,-1,1,-1,-1,-1,-1,-1,-1,-1,1,-1,-1,1,1,1,1,-1,1,-1,-1,-1,1,-1,-1,-1,1,-1,1,1,-1,1,-1,-1,1,1,-1,1,-1,1,1,1,-1,-1,-1,1,1,-1,-1,-1,1,1,-1,-1,1], length=71 energy=371}
Best result after 735419 ms running: LabsResult{bits=[1,1,1,-1,1,-1,-1,-1,1,1,-1,1,-1,-1,-1,-1,1,-1,1,-1,-1,-1,-1,-1,-1,-1,1,-1,-1,1,1,1,1,-1,1,-1,-1,-1,1,-1,-1,-1,1,-1,1,1,-1,1,-1,-1,1,1,-1,1,-1,1,1,1,-1,-1,-1,1,1,-1,-1,-1,1,1,-1,-1,1], length=71 energy=371}
Best result after 740420 ms running: LabsResult{bits=[1,1,1,-1,1,-1,-1,-1,1,1,-1,1,-1,-1,-1,-1,1,-1,1,-1,-1,-1,-1,-1,-1,-1,1,-1,-1,1,1,1,1,-1,1,-1,-1,-1,1,-1,-1,-1,1,-1,1,1,-1,1,-1,-1,1,1,-1,1,-1,1,1,1,-1,-1,-1,1,1,-1,-1,-1,1,1,-1,-1,1], length=71 energy=371}
Best result after 745423 ms running: LabsResult{bits=[1,1,1,-1,1,-1,-1,-1,1,1,-1,1,-1,-1,-1,-1,1,-1,1,-1,-1,-1,-1,-1,-1,-1,1,-1,-1,1,1,1,1,-1,1,-1,-1,-1,1,-1,-1,-1,1,-1,1,1,-1,1,-1,-1,1,1,-1,1,-1,1,1,1,-1,-1,-1,1,1,-1,-1,-1,1,1,-1,-1,1], length=71 energy=371}
Best result after 750426 ms running: LabsResult{bits=[1,1,1,-1,1,-1,-1,-1,1,1,-1,1,-1,-1,-1,-1,1,-1,1,-1,-1,-1,-1,-1,-1,-1,1,-1,-1,1,1,1,1,-1,1,-1,-1,-1,1,-1,-1,-1,1,-1,1,1,-1,1,-1,-1,1,1,-1,1,-1,1,1,1,-1,-1,-1,1,1,-1,-1,-1,1,1,-1,-1,1], length=71 energy=371}
Best result after 755428 ms running: LabsResult{bits=[1,1,1,-1,1,-1,-1,-1,1,1,-1,1,-1,-1,-1,-1,1,-1,1,-1,-1,-1,-1,-1,-1,-1,1,-1,-1,1,1,1,1,-1,1,-1,-1,-1,1,-1,-1,-1,1,-1,1,1,-1,1,-1,-1,1,1,-1,1,-1,1,1,1,-1,-1,-1,1,1,-1,-1,-1,1,1,-1,-1,1], length=71 energy=371}
Best result after 760430 ms running: LabsResult{bits=[1,1,1,-1,1,-1,-1,-1,1,1,-1,1,-1,-1,-1,-1,1,-1,1,-1,-1,-1,-1,-1,-1,-1,1,-1,-1,1,1,1,1,-1,1,-1,-1,-1,1,-1,-1,-1,1,-1,1,1,-1,1,-1,-1,1,1,-1,1,-1,1,1,1,-1,-1,-1,1,1,-1,-1,-1,1,1,-1,-1,1], length=71 energy=371}
Best result after 765433 ms running: LabsResult{bits=[1,1,1,-1,1,-1,-1,-1,1,1,-1,1,-1,-1,-1,-1,1,-1,1,-1,-1,-1,-1,-1,-1,-1,1,-1,-1,1,1,1,1,-1,1,-1,-1,-1,1,-1,-1,-1,1,-1,1,1,-1,1,-1,-1,1,1,-1,1,-1,1,1,1,-1,-1,-1,1,1,-1,-1,-1,1,1,-1,-1,1], length=71 energy=371}
Best result after 770435 ms running: LabsResult{bits=[1,1,1,-1,1,-1,-1,-1,1,1,-1,1,-1,-1,-1,-1,1,-1,1,-1,-1,-1,-1,-1,-1,-1,1,-1,-1,1,1,1,1,-1,1,-1,-1,-1,1,-1,-1,-1,1,-1,1,1,-1,1,-1,-1,1,1,-1,1,-1,1,1,1,-1,-1,-1,1,1,-1,-1,-1,1,1,-1,-1,1], length=71 energy=371}
Best result after 775442 ms running: LabsResult{bits=[1,1,1,-1,1,-1,-1,-1,1,1,-1,1,-1,-1,-1,-1,1,-1,1,-1,-1,-1,-1,-1,-1,-1,1,-1,-1,1,1,1,1,-1,1,-1,-1,-1,1,-1,-1,-1,1,-1,1,1,-1,1,-1,-1,1,1,-1,1,-1,1,1,1,-1,-1,-1,1,1,-1,-1,-1,1,1,-1,-1,1], length=71 energy=371}
Best result after 780443 ms running: LabsResult{bits=[1,1,1,-1,1,-1,-1,-1,1,1,-1,1,-1,-1,-1,-1,1,-1,1,-1,-1,-1,-1,-1,-1,-1,1,-1,-1,1,1,1,1,-1,1,-1,-1,-1,1,-1,-1,-1,1,-1,1,1,-1,1,-1,-1,1,1,-1,1,-1,1,1,1,-1,-1,-1,1,1,-1,-1,-1,1,1,-1,-1,1], length=71 energy=371}
Best result after 785446 ms running: LabsResult{bits=[1,1,1,-1,1,-1,-1,-1,1,1,-1,1,-1,-1,-1,-1,1,-1,1,-1,-1,-1,-1,-1,-1,-1,1,-1,-1,1,1,1,1,-1,1,-1,-1,-1,1,-1,-1,-1,1,-1,1,1,-1,1,-1,-1,1,1,-1,1,-1,1,1,1,-1,-1,-1,1,1,-1,-1,-1,1,1,-1,-1,1], length=71 energy=371}
Best result after 790448 ms running: LabsResult{bits=[1,1,1,-1,1,-1,-1,-1,1,1,-1,1,-1,-1,-1,-1,1,-1,1,-1,-1,-1,-1,-1,-1,-1,1,-1,-1,1,1,1,1,-1,1,-1,-1,-1,1,-1,-1,-1,1,-1,1,1,-1,1,-1,-1,1,1,-1,1,-1,1,1,1,-1,-1,-1,1,1,-1,-1,-1,1,1,-1,-1,1], length=71 energy=371}
Best result after 795449 ms running: LabsResult{bits=[1,1,1,-1,1,-1,-1,-1,1,1,-1,1,-1,-1,-1,-1,1,-1,1,-1,-1,-1,-1,-1,-1,-1,1,-1,-1,1,1,1,1,-1,1,-1,-1,-1,1,-1,-1,-1,1,-1,1,1,-1,1,-1,-1,1,1,-1,1,-1,1,1,1,-1,-1,-1,1,1,-1,-1,-1,1,1,-1,-1,1], length=71 energy=371}
Best result after 800451 ms running: LabsResult{bits=[1,1,1,-1,1,-1,-1,-1,1,1,-1,1,-1,-1,-1,-1,1,-1,1,-1,-1,-1,-1,-1,-1,-1,1,-1,-1,1,1,1,1,-1,1,-1,-1,-1,1,-1,-1,-1,1,-1,1,1,-1,1,-1,-1,1,1,-1,1,-1,1,1,1,-1,-1,-1,1,1,-1,-1,-1,1,1,-1,-1,1], length=71 energy=371}
Best result after 805453 ms running: LabsResult{bits=[1,1,1,-1,1,-1,-1,-1,1,1,-1,1,-1,-1,-1,-1,1,-1,1,-1,-1,-1,-1,-1,-1,-1,1,-1,-1,1,1,1,1,-1,1,-1,-1,-1,1,-1,-1,-1,1,-1,1,1,-1,1,-1,-1,1,1,-1,1,-1,1,1,1,-1,-1,-1,1,1,-1,-1,-1,1,1,-1,-1,1], length=71 energy=371}
Best result after 810455 ms running: LabsResult{bits=[1,1,1,-1,1,-1,-1,-1,1,1,-1,1,-1,-1,-1,-1,1,-1,1,-1,-1,-1,-1,-1,-1,-1,1,-1,-1,1,1,1,1,-1,1,-1,-1,-1,1,-1,-1,-1,1,-1,1,1,-1,1,-1,-1,1,1,-1,1,-1,1,1,1,-1,-1,-1,1,1,-1,-1,-1,1,1,-1,-1,1], length=71 energy=371}
Best result after 815456 ms running: LabsResult{bits=[1,1,1,-1,1,-1,-1,-1,1,1,-1,1,-1,-1,-1,-1,1,-1,1,-1,-1,-1,-1,-1,-1,-1,1,-1,-1,1,1,1,1,-1,1,-1,-1,-1,1,-1,-1,-1,1,-1,1,1,-1,1,-1,-1,1,1,-1,1,-1,1,1,1,-1,-1,-1,1,1,-1,-1,-1,1,1,-1,-1,1], length=71 energy=371}
Best result after 820458 ms running: LabsResult{bits=[1,1,1,-1,1,-1,-1,-1,1,1,-1,1,-1,-1,-1,-1,1,-1,1,-1,-1,-1,-1,-1,-1,-1,1,-1,-1,1,1,1,1,-1,1,-1,-1,-1,1,-1,-1,-1,1,-1,1,1,-1,1,-1,-1,1,1,-1,1,-1,1,1,1,-1,-1,-1,1,1,-1,-1,-1,1,1,-1,-1,1], length=71 energy=371}
Best result after 825460 ms running: LabsResult{bits=[1,1,1,-1,1,-1,-1,-1,1,1,-1,1,-1,-1,-1,-1,1,-1,1,-1,-1,-1,-1,-1,-1,-1,1,-1,-1,1,1,1,1,-1,1,-1,-1,-1,1,-1,-1,-1,1,-1,1,1,-1,1,-1,-1,1,1,-1,1,-1,1,1,1,-1,-1,-1,1,1,-1,-1,-1,1,1,-1,-1,1], length=71 energy=371}
Best result after 830461 ms running: LabsResult{bits=[1,1,1,-1,1,-1,-1,-1,1,1,-1,1,-1,-1,-1,-1,1,-1,1,-1,-1,-1,-1,-1,-1,-1,1,-1,-1,1,1,1,1,-1,1,-1,-1,-1,1,-1,-1,-1,1,-1,1,1,-1,1,-1,-1,1,1,-1,1,-1,1,1,1,-1,-1,-1,1,1,-1,-1,-1,1,1,-1,-1,1], length=71 energy=371}
Best result after 835465 ms running: LabsResult{bits=[1,1,1,-1,1,-1,-1,-1,1,1,-1,1,-1,-1,-1,-1,1,-1,1,-1,-1,-1,-1,-1,-1,-1,1,-1,-1,1,1,1,1,-1,1,-1,-1,-1,1,-1,-1,-1,1,-1,1,1,-1,1,-1,-1,1,1,-1,1,-1,1,1,1,-1,-1,-1,1,1,-1,-1,-1,1,1,-1,-1,1], length=71 energy=371}
Best result after 840467 ms running: LabsResult{bits=[1,1,1,-1,1,-1,-1,-1,1,1,-1,1,-1,-1,-1,-1,1,-1,1,-1,-1,-1,-1,-1,-1,-1,1,-1,-1,1,1,1,1,-1,1,-1,-1,-1,1,-1,-1,-1,1,-1,1,1,-1,1,-1,-1,1,1,-1,1,-1,1,1,1,-1,-1,-1,1,1,-1,-1,-1,1,1,-1,-1,1], length=71 energy=371}
Best result after 845468 ms running: LabsResult{bits=[1,1,1,-1,1,-1,-1,-1,1,1,-1,1,-1,-1,-1,-1,1,-1,1,-1,-1,-1,-1,-1,-1,-1,1,-1,-1,1,1,1,1,-1,1,-1,-1,-1,1,-1,-1,-1,1,-1,1,1,-1,1,-1,-1,1,1,-1,1,-1,1,1,1,-1,-1,-1,1,1,-1,-1,-1,1,1,-1,-1,1], length=71 energy=371}
Best result after 850475 ms running: LabsResult{bits=[1,1,1,-1,1,-1,-1,-1,1,1,-1,1,-1,-1,-1,-1,1,-1,1,-1,-1,-1,-1,-1,-1,-1,1,-1,-1,1,1,1,1,-1,1,-1,-1,-1,1,-1,-1,-1,1,-1,1,1,-1,1,-1,-1,1,1,-1,1,-1,1,1,1,-1,-1,-1,1,1,-1,-1,-1,1,1,-1,-1,1], length=71 energy=371}
Best result after 855477 ms running: LabsResult{bits=[1,1,1,-1,1,-1,-1,-1,1,1,-1,1,-1,-1,-1,-1,1,-1,1,-1,-1,-1,-1,-1,-1,-1,1,-1,-1,1,1,1,1,-1,1,-1,-1,-1,1,-1,-1,-1,1,-1,1,1,-1,1,-1,-1,1,1,-1,1,-1,1,1,1,-1,-1,-1,1,1,-1,-1,-1,1,1,-1,-1,1], length=71 energy=371}
Best result after 860478 ms running: LabsResult{bits=[1,1,1,-1,1,-1,-1,-1,1,1,-1,1,-1,-1,-1,-1,1,-1,1,-1,-1,-1,-1,-1,-1,-1,1,-1,-1,1,1,1,1,-1,1,-1,-1,-1,1,-1,-1,-1,1,-1,1,1,-1,1,-1,-1,1,1,-1,1,-1,1,1,1,-1,-1,-1,1,1,-1,-1,-1,1,1,-1,-1,1], length=71 energy=371}
Best result after 865480 ms running: LabsResult{bits=[1,1,1,-1,1,-1,-1,-1,1,1,-1,1,-1,-1,-1,-1,1,-1,1,-1,-1,-1,-1,-1,-1,-1,1,-1,-1,1,1,1,1,-1,1,-1,-1,-1,1,-1,-1,-1,1,-1,1,1,-1,1,-1,-1,1,1,-1,1,-1,1,1,1,-1,-1,-1,1,1,-1,-1,-1,1,1,-1,-1,1], length=71 energy=371}
Best result after 870482 ms running: LabsResult{bits=[1,1,1,-1,1,-1,-1,-1,1,1,-1,1,-1,-1,-1,-1,1,-1,1,-1,-1,-1,-1,-1,-1,-1,1,-1,-1,1,1,1,1,-1,1,-1,-1,-1,1,-1,-1,-1,1,-1,1,1,-1,1,-1,-1,1,1,-1,1,-1,1,1,1,-1,-1,-1,1,1,-1,-1,-1,1,1,-1,-1,1], length=71 energy=371}
Best result after 875483 ms running: LabsResult{bits=[1,1,1,-1,1,-1,-1,-1,1,1,-1,1,-1,-1,-1,-1,1,-1,1,-1,-1,-1,-1,-1,-1,-1,1,-1,-1,1,1,1,1,-1,1,-1,-1,-1,1,-1,-1,-1,1,-1,1,1,-1,1,-1,-1,1,1,-1,1,-1,1,1,1,-1,-1,-1,1,1,-1,-1,-1,1,1,-1,-1,1], length=71 energy=371}
Best result after 880485 ms running: LabsResult{bits=[1,1,1,-1,1,-1,-1,-1,1,1,-1,1,-1,-1,-1,-1,1,-1,1,-1,-1,-1,-1,-1,-1,-1,1,-1,-1,1,1,1,1,-1,1,-1,-1,-1,1,-1,-1,-1,1,-1,1,1,-1,1,-1,-1,1,1,-1,1,-1,1,1,1,-1,-1,-1,1,1,-1,-1,-1,1,1,-1,-1,1], length=71 energy=371}
Best result after 885486 ms running: LabsResult{bits=[1,1,1,-1,1,-1,-1,-1,1,1,-1,1,-1,-1,-1,-1,1,-1,1,-1,-1,-1,-1,-1,-1,-1,1,-1,-1,1,1,1,1,-1,1,-1,-1,-1,1,-1,-1,-1,1,-1,1,1,-1,1,-1,-1,1,1,-1,1,-1,1,1,1,-1,-1,-1,1,1,-1,-1,-1,1,1,-1,-1,1], length=71 energy=371}
Best result after 890488 ms running: LabsResult{bits=[1,1,1,-1,1,-1,-1,-1,1,1,-1,1,-1,-1,-1,-1,1,-1,1,-1,-1,-1,-1,-1,-1,-1,1,-1,-1,1,1,1,1,-1,1,-1,-1,-1,1,-1,-1,-1,1,-1,1,1,-1,1,-1,-1,1,1,-1,1,-1,1,1,1,-1,-1,-1,1,1,-1,-1,-1,1,1,-1,-1,1], length=71 energy=371}
Best result after 895489 ms running: LabsResult{bits=[1,1,1,-1,1,-1,-1,-1,1,1,-1,1,-1,-1,-1,-1,1,-1,1,-1,-1,-1,-1,-1,-1,-1,1,-1,-1,1,1,1,1,-1,1,-1,-1,-1,1,-1,-1,-1,1,-1,1,1,-1,1,-1,-1,1,1,-1,1,-1,1,1,1,-1,-1,-1,1,1,-1,-1,-1,1,1,-1,-1,1], length=71 energy=371}
Best result after 900492 ms running: LabsResult{bits=[1,1,1,-1,1,-1,-1,-1,1,1,-1,1,-1,-1,-1,-1,1,-1,1,-1,-1,-1,-1,-1,-1,-1,1,-1,-1,1,1,1,1,-1,1,-1,-1,-1,1,-1,-1,-1,1,-1,1,1,-1,1,-1,-1,1,1,-1,1,-1,1,1,1,-1,-1,-1,1,1,-1,-1,-1,1,1,-1,-1,1], length=71 energy=371}
Best result after 905494 ms running: LabsResult{bits=[1,1,1,-1,1,-1,-1,-1,1,1,-1,1,-1,-1,-1,-1,1,-1,1,-1,-1,-1,-1,-1,-1,-1,1,-1,-1,1,1,1,1,-1,1,-1,-1,-1,1,-1,-1,-1,1,-1,1,1,-1,1,-1,-1,1,1,-1,1,-1,1,1,1,-1,-1,-1,1,1,-1,-1,-1,1,1,-1,-1,1], length=71 energy=371}
Best result after 910496 ms running: LabsResult{bits=[1,1,1,-1,1,-1,-1,-1,1,1,-1,1,-1,-1,-1,-1,1,-1,1,-1,-1,-1,-1,-1,-1,-1,1,-1,-1,1,1,1,1,-1,1,-1,-1,-1,1,-1,-1,-1,1,-1,1,1,-1,1,-1,-1,1,1,-1,1,-1,1,1,1,-1,-1,-1,1,1,-1,-1,-1,1,1,-1,-1,1], length=71 energy=371}
Best result after 915497 ms running: LabsResult{bits=[1,1,1,-1,1,-1,-1,-1,1,1,-1,1,-1,-1,-1,-1,1,-1,1,-1,-1,-1,-1,-1,-1,-1,1,-1,-1,1,1,1,1,-1,1,-1,-1,-1,1,-1,-1,-1,1,-1,1,1,-1,1,-1,-1,1,1,-1,1,-1,1,1,1,-1,-1,-1,1,1,-1,-1,-1,1,1,-1,-1,1], length=71 energy=371}
Best result after 920499 ms running: LabsResult{bits=[1,1,1,-1,1,-1,-1,-1,1,1,-1,1,-1,-1,-1,-1,1,-1,1,-1,-1,-1,-1,-1,-1,-1,1,-1,-1,1,1,1,1,-1,1,-1,-1,-1,1,-1,-1,-1,1,-1,1,1,-1,1,-1,-1,1,1,-1,1,-1,1,1,1,-1,-1,-1,1,1,-1,-1,-1,1,1,-1,-1,1], length=71 energy=371}
Best result after 925507 ms running: LabsResult{bits=[1,1,1,-1,1,-1,-1,-1,1,1,-1,1,-1,-1,-1,-1,1,-1,1,-1,-1,-1,-1,-1,-1,-1,1,-1,-1,1,1,1,1,-1,1,-1,-1,-1,1,-1,-1,-1,1,-1,1,1,-1,1,-1,-1,1,1,-1,1,-1,1,1,1,-1,-1,-1,1,1,-1,-1,-1,1,1,-1,-1,1], length=71 energy=371}
Best result after 930508 ms running: LabsResult{bits=[1,1,1,-1,1,-1,-1,-1,1,1,-1,1,-1,-1,-1,-1,1,-1,1,-1,-1,-1,-1,-1,-1,-1,1,-1,-1,1,1,1,1,-1,1,-1,-1,-1,1,-1,-1,-1,1,-1,1,1,-1,1,-1,-1,1,1,-1,1,-1,1,1,1,-1,-1,-1,1,1,-1,-1,-1,1,1,-1,-1,1], length=71 energy=371}
Best result after 935509 ms running: LabsResult{bits=[1,1,1,-1,1,-1,-1,-1,1,1,-1,1,-1,-1,-1,-1,1,-1,1,-1,-1,-1,-1,-1,-1,-1,1,-1,-1,1,1,1,1,-1,1,-1,-1,-1,1,-1,-1,-1,1,-1,1,1,-1,1,-1,-1,1,1,-1,1,-1,1,1,1,-1,-1,-1,1,1,-1,-1,-1,1,1,-1,-1,1], length=71 energy=371}
Best result after 940510 ms running: LabsResult{bits=[1,1,1,-1,1,-1,-1,-1,1,1,-1,1,-1,-1,-1,-1,1,-1,1,-1,-1,-1,-1,-1,-1,-1,1,-1,-1,1,1,1,1,-1,1,-1,-1,-1,1,-1,-1,-1,1,-1,1,1,-1,1,-1,-1,1,1,-1,1,-1,1,1,1,-1,-1,-1,1,1,-1,-1,-1,1,1,-1,-1,1], length=71 energy=371}
Best result after 945512 ms running: LabsResult{bits=[1,1,1,-1,1,-1,-1,-1,1,1,-1,1,-1,-1,-1,-1,1,-1,1,-1,-1,-1,-1,-1,-1,-1,1,-1,-1,1,1,1,1,-1,1,-1,-1,-1,1,-1,-1,-1,1,-1,1,1,-1,1,-1,-1,1,1,-1,1,-1,1,1,1,-1,-1,-1,1,1,-1,-1,-1,1,1,-1,-1,1], length=71 energy=371}
Best result after 950514 ms running: LabsResult{bits=[1,1,1,-1,1,-1,-1,-1,1,1,-1,1,-1,-1,-1,-1,1,-1,1,-1,-1,-1,-1,-1,-1,-1,1,-1,-1,1,1,1,1,-1,1,-1,-1,-1,1,-1,-1,-1,1,-1,1,1,-1,1,-1,-1,1,1,-1,1,-1,1,1,1,-1,-1,-1,1,1,-1,-1,-1,1,1,-1,-1,1], length=71 energy=371}
Best result after 955515 ms running: LabsResult{bits=[1,1,1,-1,1,-1,-1,-1,1,1,-1,1,-1,-1,-1,-1,1,-1,1,-1,-1,-1,-1,-1,-1,-1,1,-1,-1,1,1,1,1,-1,1,-1,-1,-1,1,-1,-1,-1,1,-1,1,1,-1,1,-1,-1,1,1,-1,1,-1,1,1,1,-1,-1,-1,1,1,-1,-1,-1,1,1,-1,-1,1], length=71 energy=371}
Best result after 960516 ms running: LabsResult{bits=[1,1,1,-1,1,-1,-1,-1,1,1,-1,1,-1,-1,-1,-1,1,-1,1,-1,-1,-1,-1,-1,-1,-1,1,-1,-1,1,1,1,1,-1,1,-1,-1,-1,1,-1,-1,-1,1,-1,1,1,-1,1,-1,-1,1,1,-1,1,-1,1,1,1,-1,-1,-1,1,1,-1,-1,-1,1,1,-1,-1,1], length=71 energy=371}
Best result after 965519 ms running: LabsResult{bits=[1,1,1,-1,1,-1,-1,-1,1,1,-1,1,-1,-1,-1,-1,1,-1,1,-1,-1,-1,-1,-1,-1,-1,1,-1,-1,1,1,1,1,-1,1,-1,-1,-1,1,-1,-1,-1,1,-1,1,1,-1,1,-1,-1,1,1,-1,1,-1,1,1,1,-1,-1,-1,1,1,-1,-1,-1,1,1,-1,-1,1], length=71 energy=371}
Best result after 970521 ms running: LabsResult{bits=[1,1,1,-1,1,-1,-1,-1,1,1,-1,1,-1,-1,-1,-1,1,-1,1,-1,-1,-1,-1,-1,-1,-1,1,-1,-1,1,1,1,1,-1,1,-1,-1,-1,1,-1,-1,-1,1,-1,1,1,-1,1,-1,-1,1,1,-1,1,-1,1,1,1,-1,-1,-1,1,1,-1,-1,-1,1,1,-1,-1,1], length=71 energy=371}
Best result after 975522 ms running: LabsResult{bits=[1,1,1,-1,1,-1,-1,-1,1,1,-1,1,-1,-1,-1,-1,1,-1,1,-1,-1,-1,-1,-1,-1,-1,1,-1,-1,1,1,1,1,-1,1,-1,-1,-1,1,-1,-1,-1,1,-1,1,1,-1,1,-1,-1,1,1,-1,1,-1,1,1,1,-1,-1,-1,1,1,-1,-1,-1,1,1,-1,-1,1], length=71 energy=371}
Best result after 980524 ms running: LabsResult{bits=[1,1,1,-1,1,-1,-1,-1,1,1,-1,1,-1,-1,-1,-1,1,-1,1,-1,-1,-1,-1,-1,-1,-1,1,-1,-1,1,1,1,1,-1,1,-1,-1,-1,1,-1,-1,-1,1,-1,1,1,-1,1,-1,-1,1,1,-1,1,-1,1,1,1,-1,-1,-1,1,1,-1,-1,-1,1,1,-1,-1,1], length=71 energy=371}
Best result after 985525 ms running: LabsResult{bits=[-1,1,-1,1,-1,1,1,-1,-1,1,1,-1,1,1,-1,1,-1,1,-1,-1,-1,1,-1,-1,1,-1,-1,-1,-1,1,1,-1,-1,-1,1,1,-1,-1,-1,1,1,1,1,1,-1,-1,1,-1,1,1,1,1,1,-1,-1,-1,1,-1,-1,1,-1,1,1,1,1,1,1,1,-1,1,-1], length=71 energy=355}
Best result after 990526 ms running: LabsResult{bits=[-1,1,-1,1,-1,1,1,-1,-1,1,1,-1,1,1,-1,1,-1,1,-1,-1,-1,1,-1,-1,1,-1,-1,-1,-1,1,1,-1,-1,-1,1,1,-1,-1,-1,1,1,1,1,1,-1,-1,1,-1,1,1,1,1,1,-1,-1,-1,1,-1,-1,1,-1,1,1,1,1,1,1,1,-1,1,-1], length=71 energy=355}
Best result after 995527 ms running: LabsResult{bits=[-1,1,-1,1,-1,1,1,-1,-1,1,1,-1,1,1,-1,1,-1,1,-1,-1,-1,1,-1,-1,1,-1,-1,-1,-1,1,1,-1,-1,-1,1,1,-1,-1,-1,1,1,1,1,1,-1,-1,1,-1,1,1,1,1,1,-1,-1,-1,1,-1,-1,1,-1,1,1,1,1,1,1,1,-1,1,-1], length=71 energy=355}
Best result after 1000529 ms running: LabsResult{bits=[-1,1,-1,1,-1,1,1,-1,-1,1,1,-1,1,1,-1,1,-1,1,-1,-1,-1,1,-1,-1,1,-1,-1,-1,-1,1,1,-1,-1,-1,1,1,-1,-1,-1,1,1,1,1,1,-1,-1,1,-1,1,1,1,1,1,-1,-1,-1,1,-1,-1,1,-1,1,1,1,1,1,1,1,-1,1,-1], length=71 energy=355}
Best result after 1005538 ms running: LabsResult{bits=[-1,1,-1,1,-1,1,1,-1,-1,1,1,-1,1,1,-1,1,-1,1,-1,-1,-1,1,-1,-1,1,-1,-1,-1,-1,1,1,-1,-1,-1,1,1,-1,-1,-1,1,1,1,1,1,-1,-1,1,-1,1,1,1,1,1,-1,-1,-1,1,-1,-1,1,-1,1,1,1,1,1,1,1,-1,1,-1], length=71 energy=355}
Best result after 1010539 ms running: LabsResult{bits=[-1,1,-1,1,-1,1,1,-1,-1,1,1,-1,1,1,-1,1,-1,1,-1,-1,-1,1,-1,-1,1,-1,-1,-1,-1,1,1,-1,-1,-1,1,1,-1,-1,-1,1,1,1,1,1,-1,-1,1,-1,1,1,1,1,1,-1,-1,-1,1,-1,-1,1,-1,1,1,1,1,1,1,1,-1,1,-1], length=71 energy=355}
Best result after 1015540 ms running: LabsResult{bits=[-1,1,-1,1,-1,1,1,-1,-1,1,1,-1,1,1,-1,1,-1,1,-1,-1,-1,1,-1,-1,1,-1,-1,-1,-1,1,1,-1,-1,-1,1,1,-1,-1,-1,1,1,1,1,1,-1,-1,1,-1,1,1,1,1,1,-1,-1,-1,1,-1,-1,1,-1,1,1,1,1,1,1,1,-1,1,-1], length=71 energy=355}
Best result after 1020542 ms running: LabsResult{bits=[-1,1,-1,1,-1,1,1,-1,-1,1,1,-1,1,1,-1,1,-1,1,-1,-1,-1,1,-1,-1,1,-1,-1,-1,-1,1,1,-1,-1,-1,1,1,-1,-1,-1,1,1,1,1,1,-1,-1,1,-1,1,1,1,1,1,-1,-1,-1,1,-1,-1,1,-1,1,1,1,1,1,1,1,-1,1,-1], length=71 energy=355}
Best result after 1025544 ms running: LabsResult{bits=[-1,1,-1,1,-1,1,1,-1,-1,1,1,-1,1,1,-1,1,-1,1,-1,-1,-1,1,-1,-1,1,-1,-1,-1,-1,1,1,-1,-1,-1,1,1,-1,-1,-1,1,1,1,1,1,-1,-1,1,-1,1,1,1,1,1,-1,-1,-1,1,-1,-1,1,-1,1,1,1,1,1,1,1,-1,1,-1], length=71 energy=355}
Best result after 1030546 ms running: LabsResult{bits=[-1,1,-1,1,-1,1,1,-1,-1,1,1,-1,1,1,-1,1,-1,1,-1,-1,-1,1,-1,-1,1,-1,-1,-1,-1,1,1,-1,-1,-1,1,1,-1,-1,-1,1,1,1,1,1,-1,-1,1,-1,1,1,1,1,1,-1,-1,-1,1,-1,-1,1,-1,1,1,1,1,1,1,1,-1,1,-1], length=71 energy=355}
Best result after 1035549 ms running: LabsResult{bits=[-1,1,-1,1,-1,1,1,-1,-1,1,1,-1,1,1,-1,1,-1,1,-1,-1,-1,1,-1,-1,1,-1,-1,-1,-1,1,1,-1,-1,-1,1,1,-1,-1,-1,1,1,1,1,1,-1,-1,1,-1,1,1,1,1,1,-1,-1,-1,1,-1,-1,1,-1,1,1,1,1,1,1,1,-1,1,-1], length=71 energy=355}
Best result after 1040551 ms running: LabsResult{bits=[-1,1,-1,1,-1,1,1,-1,-1,1,1,-1,1,1,-1,1,-1,1,-1,-1,-1,1,-1,-1,1,-1,-1,-1,-1,1,1,-1,-1,-1,1,1,-1,-1,-1,1,1,1,1,1,-1,-1,1,-1,1,1,1,1,1,-1,-1,-1,1,-1,-1,1,-1,1,1,1,1,1,1,1,-1,1,-1], length=71 energy=355}
Best result after 1045552 ms running: LabsResult{bits=[-1,1,-1,1,-1,1,1,-1,-1,1,1,-1,1,1,-1,1,-1,1,-1,-1,-1,1,-1,-1,1,-1,-1,-1,-1,1,1,-1,-1,-1,1,1,-1,-1,-1,1,1,1,1,1,-1,-1,1,-1,1,1,1,1,1,-1,-1,-1,1,-1,-1,1,-1,1,1,1,1,1,1,1,-1,1,-1], length=71 energy=355}
Best result after 1050554 ms running: LabsResult{bits=[-1,1,-1,1,-1,1,1,-1,-1,1,1,-1,1,1,-1,1,-1,1,-1,-1,-1,1,-1,-1,1,-1,-1,-1,-1,1,1,-1,-1,-1,1,1,-1,-1,-1,1,1,1,1,1,-1,-1,1,-1,1,1,1,1,1,-1,-1,-1,1,-1,-1,1,-1,1,1,1,1,1,1,1,-1,1,-1], length=71 energy=355}
Best result after 1055557 ms running: LabsResult{bits=[-1,1,-1,1,-1,1,1,-1,-1,1,1,-1,1,1,-1,1,-1,1,-1,-1,-1,1,-1,-1,1,-1,-1,-1,-1,1,1,-1,-1,-1,1,1,-1,-1,-1,1,1,1,1,1,-1,-1,1,-1,1,1,1,1,1,-1,-1,-1,1,-1,-1,1,-1,1,1,1,1,1,1,1,-1,1,-1], length=71 energy=355}
Best result after 1060559 ms running: LabsResult{bits=[-1,1,-1,1,-1,1,1,-1,-1,1,1,-1,1,1,-1,1,-1,1,-1,-1,-1,1,-1,-1,1,-1,-1,-1,-1,1,1,-1,-1,-1,1,1,-1,-1,-1,1,1,1,1,1,-1,-1,1,-1,1,1,1,1,1,-1,-1,-1,1,-1,-1,1,-1,1,1,1,1,1,1,1,-1,1,-1], length=71 energy=355}
Best result after 1065561 ms running: LabsResult{bits=[-1,1,-1,1,-1,1,1,-1,-1,1,1,-1,1,1,-1,1,-1,1,-1,-1,-1,1,-1,-1,1,-1,-1,-1,-1,1,1,-1,-1,-1,1,1,-1,-1,-1,1,1,1,1,1,-1,-1,1,-1,1,1,1,1,1,-1,-1,-1,1,-1,-1,1,-1,1,1,1,1,1,1,1,-1,1,-1], length=71 energy=355}
Best result after 1070563 ms running: LabsResult{bits=[-1,1,-1,1,-1,1,1,-1,-1,1,1,-1,1,1,-1,1,-1,1,-1,-1,-1,1,-1,-1,1,-1,-1,-1,-1,1,1,-1,-1,-1,1,1,-1,-1,-1,1,1,1,1,1,-1,-1,1,-1,1,1,1,1,1,-1,-1,-1,1,-1,-1,1,-1,1,1,1,1,1,1,1,-1,1,-1], length=71 energy=355}
Best result after 1075565 ms running: LabsResult{bits=[-1,1,-1,1,-1,1,1,-1,-1,1,1,-1,1,1,-1,1,-1,1,-1,-1,-1,1,-1,-1,1,-1,-1,-1,-1,1,1,-1,-1,-1,1,1,-1,-1,-1,1,1,1,1,1,-1,-1,1,-1,1,1,1,1,1,-1,-1,-1,1,-1,-1,1,-1,1,1,1,1,1,1,1,-1,1,-1], length=71 energy=355}
Best result after 1080568 ms running: LabsResult{bits=[-1,1,-1,1,-1,1,1,-1,-1,1,1,-1,1,1,-1,1,-1,1,-1,-1,-1,1,-1,-1,1,-1,-1,-1,-1,1,1,-1,-1,-1,1,1,-1,-1,-1,1,1,1,1,1,-1,-1,1,-1,1,1,1,1,1,-1,-1,-1,1,-1,-1,1,-1,1,1,1,1,1,1,1,-1,1,-1], length=71 energy=355}
Best result after 1085570 ms running: LabsResult{bits=[-1,1,-1,1,-1,1,1,-1,-1,1,1,-1,1,1,-1,1,-1,1,-1,-1,-1,1,-1,-1,1,-1,-1,-1,-1,1,1,-1,-1,-1,1,1,-1,-1,-1,1,1,1,1,1,-1,-1,1,-1,1,1,1,1,1,-1,-1,-1,1,-1,-1,1,-1,1,1,1,1,1,1,1,-1,1,-1], length=71 energy=355}
Best result after 1090572 ms running: LabsResult{bits=[-1,1,-1,1,-1,1,1,-1,-1,1,1,-1,1,1,-1,1,-1,1,-1,-1,-1,1,-1,-1,1,-1,-1,-1,-1,1,1,-1,-1,-1,1,1,-1,-1,-1,1,1,1,1,1,-1,-1,1,-1,1,1,1,1,1,-1,-1,-1,1,-1,-1,1,-1,1,1,1,1,1,1,1,-1,1,-1], length=71 energy=355}
Best result after 1095573 ms running: LabsResult{bits=[-1,1,-1,1,-1,1,1,-1,-1,1,1,-1,1,1,-1,1,-1,1,-1,-1,-1,1,-1,-1,1,-1,-1,-1,-1,1,1,-1,-1,-1,1,1,-1,-1,-1,1,1,1,1,1,-1,-1,1,-1,1,1,1,1,1,-1,-1,-1,1,-1,-1,1,-1,1,1,1,1,1,1,1,-1,1,-1], length=71 energy=355}
Best result after 1100580 ms running: LabsResult{bits=[-1,1,-1,1,-1,1,1,-1,-1,1,1,-1,1,1,-1,1,-1,1,-1,-1,-1,1,-1,-1,1,-1,-1,-1,-1,1,1,-1,-1,-1,1,1,-1,-1,-1,1,1,1,1,1,-1,-1,1,-1,1,1,1,1,1,-1,-1,-1,1,-1,-1,1,-1,1,1,1,1,1,1,1,-1,1,-1], length=71 energy=355}
Best result after 1105583 ms running: LabsResult{bits=[-1,1,-1,1,-1,1,1,-1,-1,1,1,-1,1,1,-1,1,-1,1,-1,-1,-1,1,-1,-1,1,-1,-1,-1,-1,1,1,-1,-1,-1,1,1,-1,-1,-1,1,1,1,1,1,-1,-1,1,-1,1,1,1,1,1,-1,-1,-1,1,-1,-1,1,-1,1,1,1,1,1,1,1,-1,1,-1], length=71 energy=355}
Best result after 1110585 ms running: LabsResult{bits=[-1,1,-1,1,-1,1,1,-1,-1,1,1,-1,1,1,-1,1,-1,1,-1,-1,-1,1,-1,-1,1,-1,-1,-1,-1,1,1,-1,-1,-1,1,1,-1,-1,-1,1,1,1,1,1,-1,-1,1,-1,1,1,1,1,1,-1,-1,-1,1,-1,-1,1,-1,1,1,1,1,1,1,1,-1,1,-1], length=71 energy=355}
Best result after 1115588 ms running: LabsResult{bits=[-1,1,-1,1,-1,1,1,-1,-1,1,1,-1,1,1,-1,1,-1,1,-1,-1,-1,1,-1,-1,1,-1,-1,-1,-1,1,1,-1,-1,-1,1,1,-1,-1,-1,1,1,1,1,1,-1,-1,1,-1,1,1,1,1,1,-1,-1,-1,1,-1,-1,1,-1,1,1,1,1,1,1,1,-1,1,-1], length=71 energy=355}
Best result after 1120593 ms running: LabsResult{bits=[-1,1,-1,1,-1,1,1,-1,-1,1,1,-1,1,1,-1,1,-1,1,-1,-1,-1,1,-1,-1,1,-1,-1,-1,-1,1,1,-1,-1,-1,1,1,-1,-1,-1,1,1,1,1,1,-1,-1,1,-1,1,1,1,1,1,-1,-1,-1,1,-1,-1,1,-1,1,1,1,1,1,1,1,-1,1,-1], length=71 energy=355}
Best result after 1125596 ms running: LabsResult{bits=[-1,1,-1,1,-1,1,1,-1,-1,1,1,-1,1,1,-1,1,-1,1,-1,-1,-1,1,-1,-1,1,-1,-1,-1,-1,1,1,-1,-1,-1,1,1,-1,-1,-1,1,1,1,1,1,-1,-1,1,-1,1,1,1,1,1,-1,-1,-1,1,-1,-1,1,-1,1,1,1,1,1,1,1,-1,1,-1], length=71 energy=355}
Best result after 1130598 ms running: LabsResult{bits=[-1,1,-1,1,-1,1,1,-1,-1,1,1,-1,1,1,-1,1,-1,1,-1,-1,-1,1,-1,-1,1,-1,-1,-1,-1,1,1,-1,-1,-1,1,1,-1,-1,-1,1,1,1,1,1,-1,-1,1,-1,1,1,1,1,1,-1,-1,-1,1,-1,-1,1,-1,1,1,1,1,1,1,1,-1,1,-1], length=71 energy=355}
Best result after 1135599 ms running: LabsResult{bits=[-1,1,-1,1,-1,1,1,-1,-1,1,1,-1,1,1,-1,1,-1,1,-1,-1,-1,1,-1,-1,1,-1,-1,-1,-1,1,1,-1,-1,-1,1,1,-1,-1,-1,1,1,1,1,1,-1,-1,1,-1,1,1,1,1,1,-1,-1,-1,1,-1,-1,1,-1,1,1,1,1,1,1,1,-1,1,-1], length=71 energy=355}
Best result after 1140600 ms running: LabsResult{bits=[-1,1,-1,1,-1,1,1,-1,-1,1,1,-1,1,1,-1,1,-1,1,-1,-1,-1,1,-1,-1,1,-1,-1,-1,-1,1,1,-1,-1,-1,1,1,-1,-1,-1,1,1,1,1,1,-1,-1,1,-1,1,1,1,1,1,-1,-1,-1,1,-1,-1,1,-1,1,1,1,1,1,1,1,-1,1,-1], length=71 energy=355}
Best result after 1145602 ms running: LabsResult{bits=[-1,1,-1,1,-1,1,1,-1,-1,1,1,-1,1,1,-1,1,-1,1,-1,-1,-1,1,-1,-1,1,-1,-1,-1,-1,1,1,-1,-1,-1,1,1,-1,-1,-1,1,1,1,1,1,-1,-1,1,-1,1,1,1,1,1,-1,-1,-1,1,-1,-1,1,-1,1,1,1,1,1,1,1,-1,1,-1], length=71 energy=355}
Best result after 1150606 ms running: LabsResult{bits=[-1,1,-1,1,-1,1,1,-1,-1,1,1,-1,1,1,-1,1,-1,1,-1,-1,-1,1,-1,-1,1,-1,-1,-1,-1,1,1,-1,-1,-1,1,1,-1,-1,-1,1,1,1,1,1,-1,-1,1,-1,1,1,1,1,1,-1,-1,-1,1,-1,-1,1,-1,1,1,1,1,1,1,1,-1,1,-1], length=71 energy=355}
Best result after 1155608 ms running: LabsResult{bits=[-1,1,-1,1,-1,1,1,-1,-1,1,1,-1,1,1,-1,1,-1,1,-1,-1,-1,1,-1,-1,1,-1,-1,-1,-1,1,1,-1,-1,-1,1,1,-1,-1,-1,1,1,1,1,1,-1,-1,1,-1,1,1,1,1,1,-1,-1,-1,1,-1,-1,1,-1,1,1,1,1,1,1,1,-1,1,-1], length=71 energy=355}
Best result after 1160609 ms running: LabsResult{bits=[-1,1,-1,1,-1,1,1,-1,-1,1,1,-1,1,1,-1,1,-1,1,-1,-1,-1,1,-1,-1,1,-1,-1,-1,-1,1,1,-1,-1,-1,1,1,-1,-1,-1,1,1,1,1,1,-1,-1,1,-1,1,1,1,1,1,-1,-1,-1,1,-1,-1,1,-1,1,1,1,1,1,1,1,-1,1,-1], length=71 energy=355}
Best result after 1165613 ms running: LabsResult{bits=[-1,1,-1,1,-1,1,1,-1,-1,1,1,-1,1,1,-1,1,-1,1,-1,-1,-1,1,-1,-1,1,-1,-1,-1,-1,1,1,-1,-1,-1,1,1,-1,-1,-1,1,1,1,1,1,-1,-1,1,-1,1,1,1,1,1,-1,-1,-1,1,-1,-1,1,-1,1,1,1,1,1,1,1,-1,1,-1], length=71 energy=355}
Best result after 1170615 ms running: LabsResult{bits=[-1,1,-1,1,-1,1,1,-1,-1,1,1,-1,1,1,-1,1,-1,1,-1,-1,-1,1,-1,-1,1,-1,-1,-1,-1,1,1,-1,-1,-1,1,1,-1,-1,-1,1,1,1,1,1,-1,-1,1,-1,1,1,1,1,1,-1,-1,-1,1,-1,-1,1,-1,1,1,1,1,1,1,1,-1,1,-1], length=71 energy=355}
Best result after 1175618 ms running: LabsResult{bits=[-1,1,-1,1,-1,1,1,-1,-1,1,1,-1,1,1,-1,1,-1,1,-1,-1,-1,1,-1,-1,1,-1,-1,-1,-1,1,1,-1,-1,-1,1,1,-1,-1,-1,1,1,1,1,1,-1,-1,1,-1,1,1,1,1,1,-1,-1,-1,1,-1,-1,1,-1,1,1,1,1,1,1,1,-1,1,-1], length=71 energy=355}
Best result after 1180619 ms running: LabsResult{bits=[-1,1,-1,1,-1,1,1,-1,-1,1,1,-1,1,1,-1,1,-1,1,-1,-1,-1,1,-1,-1,1,-1,-1,-1,-1,1,1,-1,-1,-1,1,1,-1,-1,-1,1,1,1,1,1,-1,-1,1,-1,1,1,1,1,1,-1,-1,-1,1,-1,-1,1,-1,1,1,1,1,1,1,1,-1,1,-1], length=71 energy=355}
Best result after 1185626 ms running: LabsResult{bits=[-1,1,-1,1,-1,1,1,-1,-1,1,1,-1,1,1,-1,1,-1,1,-1,-1,-1,1,-1,-1,1,-1,-1,-1,-1,1,1,-1,-1,-1,1,1,-1,-1,-1,1,1,1,1,1,-1,-1,1,-1,1,1,1,1,1,-1,-1,-1,1,-1,-1,1,-1,1,1,1,1,1,1,1,-1,1,-1], length=71 energy=355}
Best result after 1190629 ms running: LabsResult{bits=[-1,1,-1,1,-1,1,1,-1,-1,1,1,-1,1,1,-1,1,-1,1,-1,-1,-1,1,-1,-1,1,-1,-1,-1,-1,1,1,-1,-1,-1,1,1,-1,-1,-1,1,1,1,1,1,-1,-1,1,-1,1,1,1,1,1,-1,-1,-1,1,-1,-1,1,-1,1,1,1,1,1,1,1,-1,1,-1], length=71 energy=355}
Best result after 1195631 ms running: LabsResult{bits=[-1,1,-1,1,-1,1,1,-1,-1,1,1,-1,1,1,-1,1,-1,1,-1,-1,-1,1,-1,-1,1,-1,-1,-1,-1,1,1,-1,-1,-1,1,1,-1,-1,-1,1,1,1,1,1,-1,-1,1,-1,1,1,1,1,1,-1,-1,-1,1,-1,-1,1,-1,1,1,1,1,1,1,1,-1,1,-1], length=71 energy=355}
Best result after 1200001 ms running: LabsResult{bits=[-1,1,-1,1,-1,1,1,-1,-1,1,1,-1,1,1,-1,1,-1,1,-1,-1,-1,1,-1,-1,1,-1,-1,-1,-1,1,1,-1,-1,-1,1,1,-1,-1,-1,1,1,1,1,1,-1,-1,1,-1,1,1,1,1,1,-1,-1,-1,1,-1,-1,1,-1,1,1,1,1,1,1,1,-1,1,-1], length=71 energy=355}
Best result: LabsResult{bits=[-1,1,-1,1,-1,1,1,-1,-1,1,1,-1,1,1,-1,1,-1,1,-1,-1,-1,1,-1,-1,1,-1,-1,-1,-1,1,1,-1,-1,-1,1,1,-1,-1,-1,1,1,1,1,1,-1,-1,1,-1,1,1,1,1,1,-1,-1,-1,1,-1,-1,1,-1,1,1,1,1,1,1,1,-1,1,-1], length=71 energy=355}